0.000000 0.000000 0.000000 0.556610
0.000000 0.000000 0.060000 0.573465
0.000000 0.000000 0.120000 0.588153
0.000000 0.000000 0.180000 0.598242
0.000000 0.000000 0.240000 0.602384
0.000000 0.000000 0.300000 0.600543
0.066667 0.000000 0.000000 0.554186
0.000000 0.066667 0.000000 0.543756
0.066667 0.000000 0.060000 0.567984
0.066667 0.000000 0.120000 0.580051
0.000000 0.066667 0.060000 0.552314
0.066667 0.000000 0.180000 0.587920
0.000000 0.066667 0.120000 0.562367
0.066667 0.000000 0.240000 0.590176
0.000000 0.066667 0.180000 0.571955
0.066667 0.000000 0.300000 0.586694
0.000000 0.066667 0.240000 0.579722
0.000000 0.066667 0.300000 0.585173
0.133333 0.000000 0.000000 0.551380
0.066667 0.066667 0.000000 0.544200
0.133333 0.000000 0.060000 0.561533
0.000000 0.133333 0.000000 0.540851
0.066667 0.066667 0.060000 0.547869
0.133333 0.000000 0.120000 0.570451
0.133333 0.000000 0.180000 0.575837
0.066667 0.066667 0.120000 0.554000
0.000000 0.133333 0.060000 0.541404
0.133333 0.000000 0.240000 0.576389
0.066667 0.066667 0.180000 0.560644
0.000000 0.133333 0.120000 0.546823
0.133333 0.000000 0.300000 0.571970
0.066667 0.066667 0.240000 0.566362
0.000000 0.133333 0.180000 0.555607
0.066667 0.066667 0.300000 0.570482
0.000000 0.133333 0.240000 0.566489
0.000000 0.133333 0.300000 0.578633
0.200000 0.000000 0.000000 0.552273
0.133333 0.066667 0.000000 0.543769
0.200000 0.000000 0.060000 0.557653
0.066667 0.133333 0.000000 0.544228
0.133333 0.066667 0.060000 0.542300
0.200000 0.000000 0.120000 0.562215
0.000000 0.200000 0.000000 0.546065
0.066667 0.133333 0.060000 0.537575
0.133333 0.066667 0.120000 0.544430
0.200000 0.000000 0.180000 0.564060
0.200000 0.000000 0.240000 0.562221
0.133333 0.066667 0.180000 0.548325
0.066667 0.133333 0.120000 0.537481
0.000000 0.200000 0.060000 0.538776
0.200000 0.000000 0.300000 0.556700
0.133333 0.066667 0.240000 0.552517
0.066667 0.133333 0.180000 0.542560
0.000000 0.200000 0.120000 0.539353
0.133333 0.066667 0.300000 0.556139
0.066667 0.133333 0.240000 0.551464
0.000000 0.200000 0.180000 0.546736
0.066667 0.133333 0.300000 0.563081
0.000000 0.200000 0.240000 0.559790
0.000000 0.200000 0.300000 0.577422
0.266667 0.000000 0.000000 0.559268
0.266667 0.000000 0.060000 0.558513
0.200000 0.066667 0.000000 0.544816
0.133333 0.133333 0.000000 0.547073
0.200000 0.066667 0.060000 0.537901
0.266667 0.000000 0.120000 0.557444
0.066667 0.200000 0.000000 0.552019
0.133333 0.133333 0.060000 0.532802
0.200000 0.066667 0.120000 0.535685
0.266667 0.000000 0.180000 0.554607
0.000000 0.266667 0.000000 0.556642
0.066667 0.200000 0.060000 0.535104
0.133333 0.133333 0.120000 0.527130
0.200000 0.066667 0.180000 0.536522
0.266667 0.000000 0.240000 0.549417
0.266667 0.000000 0.300000 0.542047
0.200000 0.066667 0.240000 0.539016
0.133333 0.133333 0.180000 0.528862
0.066667 0.200000 0.120000 0.528680
0.000000 0.266667 0.060000 0.541607
0.200000 0.066667 0.300000 0.542182
0.133333 0.133333 0.240000 0.536569
0.066667 0.200000 0.180000 0.531844
0.000000 0.266667 0.120000 0.536973
0.133333 0.133333 0.300000 0.548760
0.066667 0.200000 0.240000 0.543327
0.000000 0.266667 0.180000 0.542109
0.066667 0.200000 0.300000 0.561585
0.000000 0.266667 0.240000 0.556049
0.000000 0.266667 0.300000 0.577499
0.333333 0.000000 0.000000 0.569972
0.333333 0.000000 0.060000 0.563192
0.266667 0.066667 0.000000 0.550365
0.333333 0.000000 0.120000 0.557087
0.266667 0.066667 0.060000 0.537320
0.200000 0.133333 0.000000 0.549681
0.133333 0.200000 0.000000 0.558059
0.200000 0.133333 0.060000 0.527952
0.266667 0.066667 0.120000 0.529949
0.333333 0.000000 0.180000 0.550389
0.066667 0.266667 0.000000 0.564514
0.133333 0.200000 0.060000 0.530442
0.200000 0.133333 0.120000 0.516950
0.266667 0.066667 0.180000 0.526771
0.333333 0.000000 0.240000 0.542587
0.000000 0.333333 0.000000 0.569101
0.066667 0.266667 0.060000 0.537766
0.133333 0.200000 0.120000 0.516646
0.200000 0.133333 0.180000 0.515655
0.266667 0.066667 0.240000 0.526497
0.333333 0.000000 0.300000 0.533785
0.266667 0.066667 0.300000 0.528108
0.200000 0.133333 0.240000 0.522551
0.133333 0.200000 0.180000 0.516018
0.066667 0.266667 0.120000 0.525050
0.000000 0.333333 0.060000 0.546640
0.200000 0.133333 0.300000 0.535727
0.133333 0.200000 0.240000 0.527097
0.066667 0.266667 0.180000 0.525818
0.000000 0.333333 0.120000 0.536624
0.133333 0.200000 0.300000 0.547683
0.066667 0.266667 0.240000 0.538798
0.000000 0.333333 0.180000 0.538819
0.066667 0.266667 0.300000 0.562023
0.000000 0.333333 0.240000 0.552420
0.000000 0.333333 0.300000 0.575985
0.400000 0.000000 0.000000 0.579409
0.400000 0.000000 0.060000 0.568501
0.333333 0.066667 0.000000 0.559688
0.400000 0.000000 0.120000 0.559948
0.333333 0.066667 0.060000 0.540235
0.266667 0.133333 0.000000 0.553278
0.400000 0.000000 0.180000 0.552343
0.333333 0.066667 0.120000 0.527574
0.266667 0.133333 0.060000 0.524548
0.200000 0.200000 0.000000 0.563416
0.133333 0.266667 0.000000 0.572759
0.200000 0.200000 0.060000 0.524987
0.266667 0.133333 0.120000 0.508504
0.333333 0.066667 0.180000 0.520214
0.400000 0.000000 0.240000 0.544803
0.066667 0.333333 0.000000 0.577780
0.133333 0.266667 0.060000 0.532339
0.200000 0.200000 0.120000 0.504086
0.266667 0.133333 0.180000 0.504075
0.333333 0.066667 0.240000 0.516803
0.400000 0.000000 0.300000 0.536970
0.000000 0.400000 0.000000 0.580242
0.066667 0.333333 0.060000 0.542284
0.133333 0.266667 0.120000 0.510844
0.200000 0.200000 0.180000 0.500343
0.266667 0.133333 0.240000 0.509532
0.333333 0.066667 0.300000 0.516199
0.266667 0.133333 0.300000 0.522575
0.200000 0.200000 0.240000 0.512062
0.133333 0.266667 0.180000 0.507854
0.066667 0.333333 0.120000 0.523745
0.000000 0.400000 0.060000 0.551206
0.200000 0.200000 0.300000 0.536237
0.133333 0.266667 0.240000 0.521631
0.066667 0.333333 0.180000 0.521801
0.000000 0.400000 0.120000 0.536238
0.133333 0.266667 0.300000 0.549159
0.066667 0.333333 0.240000 0.535109
0.000000 0.400000 0.180000 0.535382
0.066667 0.333333 0.300000 0.561325
0.000000 0.400000 0.240000 0.547927
0.000000 0.400000 0.300000 0.572304
0.466667 0.000000 0.000000 0.583872
0.400000 0.066667 0.000000 0.568398
0.466667 0.000000 0.060000 0.570357
0.466667 0.000000 0.120000 0.561267
0.400000 0.066667 0.060000 0.543860
0.333333 0.133333 0.000000 0.558741
0.466667 0.000000 0.180000 0.555081
0.400000 0.066667 0.120000 0.527692
0.333333 0.133333 0.060000 0.523484
0.266667 0.200000 0.000000 0.566283
0.466667 0.000000 0.240000 0.550394
0.400000 0.066667 0.180000 0.518216
0.333333 0.133333 0.120000 0.502706
0.266667 0.200000 0.060000 0.518446
0.200000 0.266667 0.000000 0.580405
0.133333 0.333333 0.000000 0.586542
0.200000 0.266667 0.060000 0.525070
0.266667 0.200000 0.120000 0.491692
0.333333 0.133333 0.180000 0.494922
0.400000 0.066667 0.240000 0.513694
0.466667 0.000000 0.300000 0.546140
0.066667 0.400000 0.000000 0.588124
0.133333 0.333333 0.060000 0.535404
0.200000 0.266667 0.120000 0.494648
0.266667 0.200000 0.180000 0.485640
0.333333 0.133333 0.240000 0.497934
0.400000 0.066667 0.300000 0.512544
0.000000 0.466667 0.000000 0.588241
0.066667 0.400000 0.060000 0.545806
0.133333 0.333333 0.120000 0.507566
0.200000 0.266667 0.180000 0.488948
0.266667 0.200000 0.240000 0.498176
0.333333 0.133333 0.300000 0.509032
0.266667 0.200000 0.300000 0.525445
0.200000 0.266667 0.240000 0.505629
0.133333 0.333333 0.180000 0.502447
0.066667 0.400000 0.120000 0.522646
0.000000 0.466667 0.060000 0.554143
0.200000 0.266667 0.300000 0.540250
0.133333 0.333333 0.240000 0.517819
0.066667 0.400000 0.180000 0.518280
0.000000 0.466667 0.120000 0.535386
0.133333 0.333333 0.300000 0.549892
0.066667 0.400000 0.240000 0.531219
0.000000 0.466667 0.180000 0.532085
0.066667 0.400000 0.300000 0.558819
0.000000 0.466667 0.240000 0.543502
0.000000 0.466667 0.300000 0.567932
0.533333 0.000000 0.000000 0.583758
0.533333 0.000000 0.060000 0.568140
0.466667 0.066667 0.000000 0.573479
0.400000 0.133333 0.000000 0.564222
0.466667 0.066667 0.060000 0.545610
0.533333 0.000000 0.120000 0.558752
0.533333 0.000000 0.180000 0.554257
0.466667 0.066667 0.120000 0.527968
0.400000 0.133333 0.060000 0.523630
0.333333 0.200000 0.000000 0.565830
0.533333 0.000000 0.240000 0.552955
0.466667 0.066667 0.180000 0.518847
0.400000 0.133333 0.120000 0.499326
0.333333 0.200000 0.060000 0.510838
0.266667 0.266667 0.000000 0.583604
0.533333 0.000000 0.300000 0.553171
0.466667 0.066667 0.240000 0.516010
0.400000 0.133333 0.180000 0.489279
0.333333 0.200000 0.120000 0.480077
0.266667 0.266667 0.060000 0.514477
0.200000 0.333333 0.000000 0.594290
0.133333 0.400000 0.000000 0.595145
0.200000 0.333333 0.060000 0.524880
0.266667 0.266667 0.120000 0.476530
0.333333 0.200000 0.180000 0.472437
0.400000 0.133333 0.240000 0.490588
0.466667 0.066667 0.300000 0.517181
0.066667 0.466667 0.000000 0.593669
0.133333 0.400000 0.060000 0.536859
0.200000 0.333333 0.120000 0.487286
0.266667 0.266667 0.180000 0.469723
0.333333 0.200000 0.240000 0.484902
0.400000 0.133333 0.300000 0.499980
0.000000 0.533333 0.000000 0.592712
0.066667 0.466667 0.060000 0.547174
0.133333 0.400000 0.120000 0.504997
0.200000 0.333333 0.180000 0.480681
0.266667 0.266667 0.240000 0.490989
0.333333 0.200000 0.300000 0.512744
0.266667 0.266667 0.300000 0.534274
0.200000 0.333333 0.240000 0.501553
0.133333 0.400000 0.180000 0.498499
0.066667 0.466667 0.120000 0.521293
0.000000 0.533333 0.060000 0.555649
0.200000 0.333333 0.300000 0.543942
0.133333 0.400000 0.240000 0.514586
0.066667 0.466667 0.180000 0.515467
0.000000 0.533333 0.120000 0.534789
0.133333 0.400000 0.300000 0.548883
0.066667 0.466667 0.240000 0.527993
0.000000 0.533333 0.180000 0.530119
0.066667 0.466667 0.300000 0.556001
0.000000 0.533333 0.240000 0.540754
0.000000 0.533333 0.300000 0.564837
0.600000 0.000000 0.000000 0.581262
0.533333 0.066667 0.000000 0.575453
0.600000 0.000000 0.060000 0.564018
0.600000 0.000000 0.120000 0.554180
0.533333 0.066667 0.060000 0.545494
0.466667 0.133333 0.000000 0.567892
0.400000 0.200000 0.000000 0.563903
0.466667 0.133333 0.060000 0.523552
0.533333 0.066667 0.120000 0.527204
0.600000 0.000000 0.180000 0.550812
0.600000 0.000000 0.240000 0.552214
0.533333 0.066667 0.180000 0.519269
0.466667 0.133333 0.120000 0.497279
0.400000 0.200000 0.060000 0.503999
0.333333 0.266667 0.000000 0.576964
0.600000 0.000000 0.300000 0.556377
0.533333 0.066667 0.240000 0.519252
0.466667 0.133333 0.180000 0.486925
0.400000 0.200000 0.120000 0.471038
0.333333 0.266667 0.060000 0.498218
0.266667 0.333333 0.000000 0.596260
0.533333 0.066667 0.300000 0.524276
0.466667 0.133333 0.240000 0.488956
0.400000 0.200000 0.180000 0.462699
0.333333 0.266667 0.120000 0.456256
0.266667 0.333333 0.060000 0.507757
0.200000 0.400000 0.000000 0.599740
0.133333 0.466667 0.000000 0.596796
0.200000 0.400000 0.060000 0.522157
0.266667 0.333333 0.120000 0.461326
0.333333 0.266667 0.180000 0.450454
0.400000 0.200000 0.240000 0.474624
0.466667 0.133333 0.300000 0.499348
0.066667 0.533333 0.000000 0.594656
0.133333 0.466667 0.060000 0.535699
0.200000 0.400000 0.120000 0.481340
0.266667 0.333333 0.180000 0.455980
0.333333 0.266667 0.240000 0.476593
0.400000 0.200000 0.300000 0.501167
0.000000 0.600000 0.000000 0.593698
0.066667 0.533333 0.060000 0.546979
0.133333 0.466667 0.120000 0.502666
0.200000 0.400000 0.180000 0.475185
0.266667 0.333333 0.240000 0.486605
0.333333 0.266667 0.300000 0.527061
0.266667 0.333333 0.300000 0.544371
0.200000 0.400000 0.240000 0.498877
0.133333 0.466667 0.180000 0.496022
0.066667 0.533333 0.120000 0.520555
0.000000 0.600000 0.060000 0.556148
0.200000 0.400000 0.300000 0.545279
0.133333 0.466667 0.240000 0.512506
0.066667 0.533333 0.180000 0.514515
0.000000 0.600000 0.120000 0.535055
0.133333 0.466667 0.300000 0.547378
0.066667 0.533333 0.240000 0.526925
0.000000 0.600000 0.180000 0.530164
0.066667 0.533333 0.300000 0.554719
0.000000 0.600000 0.240000 0.540398
0.000000 0.600000 0.300000 0.563754
0.666667 0.000000 0.000000 0.577766
0.733333 0.000000 0.000000 0.573980
0.800000 0.000000 0.000000 0.570618
0.866667 0.000000 0.000000 0.568362
0.933333 0.000000 0.000000 0.567435
1.000000 0.000000 0.000000 0.567514
0.600000 0.066667 0.000000 0.575676
0.666667 0.000000 0.060000 0.559718
0.533333 0.133333 0.000000 0.570833
0.600000 0.066667 0.060000 0.544980
0.666667 0.000000 0.120000 0.549715
0.666667 0.000000 0.180000 0.547244
0.600000 0.066667 0.120000 0.526623
0.533333 0.133333 0.060000 0.524373
0.466667 0.200000 0.000000 0.563166
0.400000 0.266667 0.000000 0.562249
0.466667 0.200000 0.060000 0.499863
0.533333 0.133333 0.120000 0.497031
0.600000 0.066667 0.180000 0.519904
0.666667 0.000000 0.240000 0.550758
0.666667 0.000000 0.300000 0.558140
0.600000 0.066667 0.240000 0.522537
0.533333 0.133333 0.180000 0.487309
0.466667 0.200000 0.120000 0.465599
0.400000 0.266667 0.060000 0.478799
0.333333 0.333333 0.000000 0.582984
0.600000 0.066667 0.300000 0.531377
0.533333 0.133333 0.240000 0.491565
0.466667 0.200000 0.180000 0.457491
0.400000 0.266667 0.120000 0.436821
0.333333 0.333333 0.060000 0.479236
0.266667 0.400000 0.000000 0.596251
0.533333 0.133333 0.300000 0.505172
0.466667 0.200000 0.240000 0.470057
0.400000 0.266667 0.180000 0.434001
0.333333 0.333333 0.120000 0.427919
0.266667 0.400000 0.060000 0.496399
0.200000 0.466667 0.000000 0.595366
0.133333 0.533333 0.000000 0.592924
0.200000 0.466667 0.060000 0.516681
0.266667 0.400000 0.120000 0.447454
0.333333 0.333333 0.180000 0.427761
0.400000 0.266667 0.240000 0.464162
0.466667 0.200000 0.300000 0.496700
0.066667 0.600000 0.000000 0.592202
0.133333 0.533333 0.060000 0.533169
0.200000 0.466667 0.120000 0.476838
0.266667 0.400000 0.180000 0.445985
0.333333 0.333333 0.240000 0.471843
0.400000 0.266667 0.300000 0.518196
0.000000 0.666667 0.000000 0.591018
0.066667 0.600000 0.060000 0.546312
0.133333 0.533333 0.120000 0.501586
0.200000 0.466667 0.180000 0.472388
0.266667 0.400000 0.240000 0.484178
0.333333 0.333333 0.300000 0.548262
0.266667 0.400000 0.300000 0.550702
0.200000 0.466667 0.240000 0.497526
0.133333 0.533333 0.180000 0.495973
0.066667 0.600000 0.120000 0.521327
0.000000 0.666667 0.060000 0.555522
0.200000 0.466667 0.300000 0.544472
0.133333 0.533333 0.240000 0.512741
0.066667 0.600000 0.180000 0.516105
0.000000 0.666667 0.120000 0.535930
0.133333 0.533333 0.300000 0.546933
0.066667 0.600000 0.240000 0.528526
0.000000 0.666667 0.180000 0.531727
0.066667 0.600000 0.300000 0.555389
0.000000 0.666667 0.240000 0.541681
0.000000 0.666667 0.300000 0.563735
0.666667 0.066667 0.000000 0.574668
0.733333 0.000000 0.060000 0.556039
0.733333 0.066667 0.000000 0.572869
0.800000 0.000000 0.060000 0.553529
0.800000 0.066667 0.000000 0.570956
0.866667 0.000000 0.060000 0.552603
0.866667 0.066667 0.000000 0.569436
0.933333 0.000000 0.060000 0.553255
1.000000 0.000000 0.060000 0.555060
0.933333 0.066667 0.000000 0.568492
1.000000 0.066667 0.000000 0.568148
0.600000 0.133333 0.000000 0.573476
0.666667 0.066667 0.060000 0.544789
0.733333 0.000000 0.120000 0.546461
0.533333 0.200000 0.000000 0.566367
0.600000 0.133333 0.060000 0.527265
0.666667 0.066667 0.120000 0.527344
0.733333 0.000000 0.180000 0.545065
0.733333 0.000000 0.240000 0.550491
0.666667 0.066667 0.180000 0.522162
0.600000 0.133333 0.120000 0.500104
0.533333 0.200000 0.060000 0.501084
0.466667 0.266667 0.000000 0.551280
0.400000 0.333333 0.000000 0.551073
0.466667 0.266667 0.060000 0.465556
0.533333 0.200000 0.120000 0.465483
0.600000 0.133333 0.180000 0.491468
0.666667 0.066667 0.240000 0.527250
0.733333 0.000000 0.300000 0.560649
0.666667 0.066667 0.300000 0.539471
0.600000 0.133333 0.240000 0.498146
0.533333 0.200000 0.180000 0.457592
0.466667 0.266667 0.120000 0.424644
0.400000 0.333333 0.060000 0.440033
0.333333 0.400000 0.000000 0.572294
0.600000 0.133333 0.300000 0.515386
0.533333 0.200000 0.240000 0.471838
0.466667 0.266667 0.180000 0.424923
0.400000 0.333333 0.120000 0.390340
0.333333 0.400000 0.060000 0.450566
0.266667 0.466667 0.000000 0.582824
0.533333 0.200000 0.300000 0.501008
0.466667 0.266667 0.240000 0.458208
0.400000 0.333333 0.180000 0.399472
0.333333 0.400000 0.120000 0.397087
0.266667 0.466667 0.060000 0.483011
0.200000 0.533333 0.000000 0.584969
0.133333 0.600000 0.000000 0.586522
0.200000 0.533333 0.060000 0.511057
0.266667 0.466667 0.120000 0.437791
0.333333 0.400000 0.180000 0.407120
0.400000 0.333333 0.240000 0.458165
0.466667 0.266667 0.300000 0.513990
0.066667 0.666667 0.000000 0.587216
0.133333 0.600000 0.060000 0.531456
0.200000 0.533333 0.120000 0.475126
0.266667 0.466667 0.180000 0.440965
0.333333 0.400000 0.240000 0.469003
0.400000 0.333333 0.300000 0.551739
0.000000 0.733333 0.000000 0.584790
0.066667 0.666667 0.060000 0.545712
0.133333 0.600000 0.120000 0.503141
0.200000 0.533333 0.180000 0.472859
0.266667 0.466667 0.240000 0.482588
0.333333 0.400000 0.300000 0.565764
0.266667 0.466667 0.300000 0.549971
0.200000 0.533333 0.240000 0.497994
0.133333 0.600000 0.180000 0.499118
0.066667 0.666667 0.120000 0.523688
0.000000 0.733333 0.060000 0.553532
0.200000 0.533333 0.300000 0.542565
0.133333 0.600000 0.240000 0.515695
0.066667 0.666667 0.180000 0.519831
0.000000 0.733333 0.120000 0.536800
0.133333 0.600000 0.300000 0.547853
0.066667 0.666667 0.240000 0.531984
0.000000 0.733333 0.180000 0.533830
0.066667 0.666667 0.300000 0.556984
0.000000 0.733333 0.240000 0.543347
0.000000 0.733333 0.300000 0.563486
0.666667 0.133333 0.000000 0.574661
0.733333 0.066667 0.060000 0.545150
0.800000 0.000000 0.120000 0.544916
0.733333 0.133333 0.000000 0.573862
0.800000 0.066667 0.060000 0.546312
0.866667 0.000000 0.120000 0.545247
0.800000 0.133333 0.000000 0.571619
0.866667 0.066667 0.060000 0.548325
0.933333 0.000000 0.120000 0.547237
0.866667 0.133333 0.000000 0.569114
0.933333 0.066667 0.060000 0.550940
1.000000 0.000000 0.120000 0.550495
1.000000 0.066667 0.060000 0.553919
0.933333 0.133333 0.000000 0.567496
1.000000 0.133333 0.000000 0.566996
0.600000 0.200000 0.000000 0.572348
0.666667 0.133333 0.060000 0.531364
0.733333 0.066667 0.120000 0.529653
0.800000 0.000000 0.180000 0.544826
0.533333 0.266667 0.000000 0.554330
0.600000 0.200000 0.060000 0.508545
0.666667 0.133333 0.120000 0.506286
0.733333 0.066667 0.180000 0.526522
0.800000 0.000000 0.240000 0.552098
0.800000 0.000000 0.300000 0.564802
0.733333 0.066667 0.240000 0.534044
0.666667 0.133333 0.180000 0.499622
0.600000 0.200000 0.120000 0.473050
0.533333 0.266667 0.060000 0.467305
0.466667 0.333333 0.000000 0.521325
0.400000 0.400000 0.000000 0.518430
0.466667 0.333333 0.060000 0.408472
0.533333 0.266667 0.120000 0.425296
0.600000 0.200000 0.180000 0.465456
0.666667 0.133333 0.240000 0.508748
0.733333 0.066667 0.300000 0.549287
0.666667 0.133333 0.300000 0.529228
0.600000 0.200000 0.240000 0.481175
0.533333 0.266667 0.180000 0.425802
0.466667 0.333333 0.120000 0.363274
0.400000 0.400000 0.060000 0.381590
0.333333 0.466667 0.000000 0.544999
0.600000 0.200000 0.300000 0.513251
0.533333 0.266667 0.240000 0.460468
0.466667 0.333333 0.180000 0.381726
0.400000 0.400000 0.120000 0.330702
0.333333 0.466667 0.060000 0.421489
0.266667 0.533333 0.000000 0.564860
0.533333 0.266667 0.300000 0.518200
0.466667 0.333333 0.240000 0.451800
0.400000 0.400000 0.180000 0.359974
0.333333 0.466667 0.120000 0.374804
0.266667 0.533333 0.060000 0.474047
0.200000 0.600000 0.000000 0.574833
0.133333 0.666667 0.000000 0.580066
0.200000 0.600000 0.060000 0.509243
0.266667 0.533333 0.120000 0.435528
0.333333 0.466667 0.180000 0.394855
0.400000 0.400000 0.240000 0.453556
0.466667 0.333333 0.300000 0.556471
0.066667 0.733333 0.000000 0.580414
0.133333 0.666667 0.060000 0.532022
0.200000 0.600000 0.120000 0.478326
0.266667 0.533333 0.180000 0.441546
0.333333 0.466667 0.240000 0.465328
0.400000 0.400000 0.300000 0.588161
0.000000 0.800000 0.000000 0.576067
0.066667 0.733333 0.060000 0.545179
0.133333 0.666667 0.120000 0.507954
0.200000 0.600000 0.180000 0.477636
0.266667 0.533333 0.240000 0.481466
0.333333 0.466667 0.300000 0.566041
0.266667 0.533333 0.300000 0.542650
0.200000 0.600000 0.240000 0.501070
0.133333 0.666667 0.180000 0.505454
0.066667 0.733333 0.120000 0.527106
0.000000 0.800000 0.060000 0.550503
0.200000 0.600000 0.300000 0.540938
0.133333 0.666667 0.240000 0.521053
0.066667 0.733333 0.180000 0.524805
0.000000 0.800000 0.120000 0.537492
0.133333 0.666667 0.300000 0.550039
0.066667 0.733333 0.240000 0.536317
0.000000 0.800000 0.180000 0.536052
0.066667 0.733333 0.300000 0.558946
0.000000 0.800000 0.240000 0.545032
0.000000 0.800000 0.300000 0.563176
0.666667 0.200000 0.000000 0.576136
0.733333 0.133333 0.060000 0.535552
0.800000 0.066667 0.120000 0.533453
0.866667 0.000000 0.180000 0.546512
0.733333 0.200000 0.000000 0.575163
0.800000 0.133333 0.060000 0.539427
0.866667 0.066667 0.120000 0.538307
0.933333 0.000000 0.180000 0.549829
0.800000 0.200000 0.000000 0.571205
0.866667 0.133333 0.060000 0.543173
0.933333 0.066667 0.120000 0.543584
1.000000 0.000000 0.180000 0.554653
0.866667 0.200000 0.000000 0.567623
0.933333 0.133333 0.060000 0.547138
1.000000 0.066667 0.120000 0.548995
1.000000 0.133333 0.060000 0.551406
0.933333 0.200000 0.000000 0.565793
1.000000 0.200000 0.000000 0.565539
0.600000 0.266667 0.000000 0.567216
0.666667 0.200000 0.060000 0.518232
0.733333 0.133333 0.120000 0.514257
0.800000 0.066667 0.180000 0.532623
0.866667 0.000000 0.240000 0.555547
0.533333 0.333333 0.000000 0.523809
0.600000 0.266667 0.060000 0.483876
0.666667 0.200000 0.120000 0.485969
0.733333 0.133333 0.180000 0.510420
0.800000 0.066667 0.240000 0.542410
0.866667 0.000000 0.300000 0.570805
0.800000 0.066667 0.300000 0.560339
0.733333 0.133333 0.240000 0.521941
0.666667 0.200000 0.180000 0.479923
0.600000 0.266667 0.120000 0.441442
0.533333 0.333333 0.060000 0.411185
0.466667 0.400000 0.000000 0.462064
0.400000 0.466667 0.000000 0.468225
0.466667 0.400000 0.060000 0.319088
0.533333 0.333333 0.120000 0.365605
0.600000 0.266667 0.180000 0.439808
0.666667 0.200000 0.240000 0.496745
0.733333 0.133333 0.300000 0.545046
0.666667 0.200000 0.300000 0.530588
0.600000 0.266667 0.240000 0.472694
0.533333 0.333333 0.180000 0.384653
0.466667 0.400000 0.120000 0.274959
0.400000 0.466667 0.060000 0.322555
0.333333 0.533333 0.000000 0.521327
0.600000 0.266667 0.300000 0.530353
0.533333 0.333333 0.240000 0.456315
0.466667 0.400000 0.180000 0.323685
0.400000 0.466667 0.120000 0.281292
0.333333 0.533333 0.060000 0.410741
0.266667 0.600000 0.000000 0.554049
0.533333 0.333333 0.300000 0.563339
0.466667 0.400000 0.240000 0.445786
0.400000 0.466667 0.180000 0.330175
0.333333 0.533333 0.120000 0.373273
0.266667 0.600000 0.060000 0.475841
0.200000 0.666667 0.000000 0.569127
0.133333 0.733333 0.000000 0.574357
0.200000 0.666667 0.060000 0.513369
0.266667 0.600000 0.120000 0.443351
0.333333 0.533333 0.180000 0.395749
0.400000 0.466667 0.240000 0.444580
0.466667 0.400000 0.300000 0.612645
0.066667 0.800000 0.000000 0.572435
0.133333 0.733333 0.060000 0.534567
0.200000 0.666667 0.120000 0.487439
0.266667 0.600000 0.180000 0.449109
0.333333 0.533333 0.240000 0.460679
0.400000 0.466667 0.300000 0.594165
0.000000 0.866667 0.000000 0.566383
0.066667 0.800000 0.060000 0.544347
0.133333 0.733333 0.120000 0.515220
0.200000 0.666667 0.180000 0.487437
0.266667 0.600000 0.240000 0.483396
0.333333 0.533333 0.300000 0.548597
0.266667 0.600000 0.300000 0.534828
0.200000 0.666667 0.240000 0.508083
0.133333 0.733333 0.180000 0.514171
0.066667 0.800000 0.120000 0.530731
0.000000 0.866667 0.060000 0.547069
0.200000 0.666667 0.300000 0.542608
0.133333 0.733333 0.240000 0.528583
0.066667 0.800000 0.180000 0.530197
0.000000 0.866667 0.120000 0.538158
0.133333 0.733333 0.300000 0.554662
0.066667 0.800000 0.240000 0.541257
0.000000 0.866667 0.180000 0.538512
0.066667 0.800000 0.300000 0.562216
0.000000 0.866667 0.240000 0.547289
0.000000 0.866667 0.300000 0.564189
0.666667 0.266667 0.000000 0.575471
0.733333 0.200000 0.060000 0.526241
0.800000 0.133333 0.120000 0.522770
0.866667 0.066667 0.180000 0.539626
0.933333 0.000000 0.240000 0.560750
0.733333 0.266667 0.000000 0.574010
0.800000 0.200000 0.060000 0.532181
0.866667 0.133333 0.120000 0.531018
0.933333 0.066667 0.180000 0.546762
1.000000 0.000000 0.240000 0.568011
0.800000 0.266667 0.000000 0.568686
0.866667 0.200000 0.060000 0.537588
0.933333 0.133333 0.120000 0.538740
1.000000 0.066667 0.180000 0.553925
0.866667 0.266667 0.000000 0.564671
0.933333 0.200000 0.060000 0.543160
1.000000 0.133333 0.120000 0.546115
1.000000 0.200000 0.060000 0.549031
0.933333 0.266667 0.000000 0.563105
1.000000 0.266667 0.000000 0.564177
0.600000 0.333333 0.000000 0.550483
0.666667 0.266667 0.060000 0.502773
0.733333 0.200000 0.120000 0.499838
0.800000 0.133333 0.180000 0.521976
0.866667 0.066667 0.240000 0.551339
0.933333 0.000000 0.300000 0.579127
0.533333 0.400000 0.000000 0.464958
0.600000 0.333333 0.060000 0.446312
0.666667 0.266667 0.120000 0.464626
0.733333 0.200000 0.180000 0.496640
0.800000 0.133333 0.240000 0.535449
0.866667 0.066667 0.300000 0.571778
0.800000 0.133333 0.300000 0.560428
0.733333 0.200000 0.240000 0.514270
0.666667 0.266667 0.180000 0.462153
0.600000 0.333333 0.120000 0.399353
0.533333 0.400000 0.060000 0.323809
0.466667 0.466667 0.000000 0.386025
0.400000 0.533333 0.000000 0.445140
0.466667 0.466667 0.060000 0.225286
0.533333 0.400000 0.120000 0.279054
0.600000 0.333333 0.180000 0.410452
0.666667 0.266667 0.240000 0.491430
0.733333 0.200000 0.300000 0.548412
0.666667 0.266667 0.300000 0.545366
0.600000 0.333333 0.240000 0.471559
0.533333 0.400000 0.180000 0.328106
0.466667 0.466667 0.120000 0.191900
0.400000 0.533333 0.060000 0.313406
0.333333 0.600000 0.000000 0.520387
0.600000 0.333333 0.300000 0.569188
0.533333 0.400000 0.240000 0.452861
0.466667 0.466667 0.180000 0.270703
0.400000 0.533333 0.120000 0.282326
0.333333 0.600000 0.060000 0.426696
0.266667 0.666667 0.000000 0.554298
0.533333 0.400000 0.300000 0.625174
0.466667 0.466667 0.240000 0.430297
0.400000 0.533333 0.180000 0.331789
0.333333 0.600000 0.120000 0.394087
0.266667 0.666667 0.060000 0.488630
0.200000 0.733333 0.000000 0.567050
0.133333 0.800000 0.000000 0.568480
0.200000 0.733333 0.060000 0.521310
0.266667 0.666667 0.120000 0.460652
0.333333 0.600000 0.180000 0.410758
0.400000 0.533333 0.240000 0.435116
0.466667 0.466667 0.300000 0.630334
0.066667 0.866667 0.000000 0.563683
0.133333 0.800000 0.060000 0.537041
0.200000 0.733333 0.120000 0.500328
0.266667 0.666667 0.180000 0.464504
0.333333 0.600000 0.240000 0.461986
0.400000 0.533333 0.300000 0.563859
0.000000 0.933333 0.000000 0.557006
0.066667 0.866667 0.060000 0.542634
0.133333 0.800000 0.120000 0.522634
0.200000 0.733333 0.180000 0.501058
0.266667 0.666667 0.240000 0.492532
0.333333 0.600000 0.300000 0.531655
0.266667 0.666667 0.300000 0.535417
0.200000 0.733333 0.240000 0.519565
0.133333 0.800000 0.180000 0.523443
0.066667 0.866667 0.120000 0.533566
0.000000 0.933333 0.060000 0.543753
0.200000 0.733333 0.300000 0.550659
0.133333 0.800000 0.240000 0.537564
0.066667 0.866667 0.180000 0.535158
0.000000 0.933333 0.120000 0.538907
0.133333 0.800000 0.300000 0.562633
0.066667 0.866667 0.240000 0.546572
0.000000 0.933333 0.180000 0.541306
0.066667 0.866667 0.300000 0.567378
0.000000 0.933333 0.240000 0.550520
0.000000 0.933333 0.300000 0.567230
0.666667 0.333333 0.000000 0.566787
0.733333 0.266667 0.060000 0.515511
0.800000 0.200000 0.120000 0.512413
0.866667 0.133333 0.180000 0.532813
0.933333 0.066667 0.240000 0.560209
1.000000 0.000000 0.300000 0.590414
0.733333 0.333333 0.000000 0.566602
0.800000 0.266667 0.060000 0.523948
0.866667 0.200000 0.120000 0.523609
0.933333 0.133333 0.180000 0.542481
1.000000 0.066667 0.240000 0.569011
0.800000 0.333333 0.000000 0.561881
0.866667 0.266667 0.060000 0.531374
0.933333 0.200000 0.120000 0.533724
1.000000 0.133333 0.180000 0.551362
0.866667 0.333333 0.000000 0.559209
0.933333 0.266667 0.060000 0.538921
1.000000 0.200000 0.120000 0.543249
1.000000 0.266667 0.060000 0.547276
0.933333 0.333333 0.000000 0.559885
1.000000 0.333333 0.000000 0.563872
0.600000 0.400000 0.000000 0.513821
0.666667 0.333333 0.060000 0.480419
0.733333 0.266667 0.120000 0.485198
0.800000 0.200000 0.180000 0.512300
0.866667 0.133333 0.240000 0.547569
0.933333 0.066667 0.300000 0.583215
0.533333 0.466667 0.000000 0.392158
0.600000 0.400000 0.060000 0.389513
0.666667 0.333333 0.120000 0.438553
0.733333 0.266667 0.180000 0.484172
0.800000 0.200000 0.240000 0.530189
0.866667 0.133333 0.300000 0.573689
0.800000 0.200000 0.300000 0.563277
0.733333 0.266667 0.240000 0.509939
0.666667 0.333333 0.180000 0.443314
0.600000 0.400000 0.120000 0.341910
0.533333 0.466667 0.060000 0.231693
0.466667 0.533333 0.000000 0.371082
0.400000 0.600000 0.000000 0.475976
0.466667 0.533333 0.060000 0.220922
0.533333 0.466667 0.120000 0.195072
0.600000 0.400000 0.180000 0.372639
0.666667 0.333333 0.240000 0.490191
0.733333 0.266667 0.300000 0.557796
0.666667 0.333333 0.300000 0.570325
0.600000 0.400000 0.240000 0.470295
0.533333 0.466667 0.180000 0.273202
0.466667 0.533333 0.120000 0.195751
0.400000 0.600000 0.060000 0.364033
0.333333 0.666667 0.000000 0.537254
0.600000 0.400000 0.300000 0.614668
0.533333 0.466667 0.240000 0.437509
0.466667 0.533333 0.180000 0.272002
0.400000 0.600000 0.120000 0.332291
0.333333 0.666667 0.060000 0.458464
0.266667 0.733333 0.000000 0.559660
0.533333 0.466667 0.300000 0.648028
0.466667 0.533333 0.240000 0.415591
0.400000 0.600000 0.180000 0.364220
0.333333 0.666667 0.120000 0.427675
0.266667 0.733333 0.060000 0.505605
0.200000 0.800000 0.000000 0.564949
0.133333 0.866667 0.000000 0.561586
0.200000 0.800000 0.060000 0.528603
0.266667 0.733333 0.120000 0.482020
0.333333 0.666667 0.180000 0.436745
0.400000 0.600000 0.240000 0.439395
0.466667 0.533333 0.300000 0.589360
0.066667 0.933333 0.000000 0.554969
0.133333 0.866667 0.060000 0.537800
0.200000 0.800000 0.120000 0.512754
0.266667 0.733333 0.180000 0.484834
0.333333 0.666667 0.240000 0.475242
0.400000 0.600000 0.300000 0.536298
0.000000 1.000000 0.000000 0.549133
0.066667 0.933333 0.060000 0.540302
0.133333 0.866667 0.120000 0.528252
0.200000 0.800000 0.180000 0.515107
0.266667 0.733333 0.240000 0.508809
0.333333 0.666667 0.300000 0.530933
0.266667 0.733333 0.300000 0.547101
0.200000 0.800000 0.240000 0.533214
0.133333 0.866667 0.180000 0.531432
0.066667 0.933333 0.120000 0.535517
0.000000 1.000000 0.060000 0.541373
0.200000 0.800000 0.300000 0.563768
0.133333 0.866667 0.240000 0.546423
0.066667 0.933333 0.180000 0.539440
0.000000 1.000000 0.120000 0.540260
0.133333 0.866667 0.300000 0.572373
0.066667 0.933333 0.240000 0.551904
0.000000 1.000000 0.180000 0.544740
0.066667 0.933333 0.300000 0.573629
0.000000 1.000000 0.240000 0.554836
0.000000 1.000000 0.300000 0.571989
0.666667 0.400000 0.000000 0.544214
0.733333 0.333333 0.060000 0.500213
0.800000 0.266667 0.120000 0.501733
0.866667 0.200000 0.180000 0.525900
0.933333 0.133333 0.240000 0.557938
1.000000 0.066667 0.300000 0.594131
0.733333 0.400000 0.000000 0.551283
0.800000 0.333333 0.060000 0.512844
0.866667 0.266667 0.120000 0.515805
0.933333 0.200000 0.180000 0.537656
1.000000 0.133333 0.240000 0.566959
0.800000 0.400000 0.000000 0.552039
0.866667 0.333333 0.060000 0.523836
0.933333 0.266667 0.120000 0.528516
1.000000 0.200000 0.180000 0.548312
0.866667 0.400000 0.000000 0.553748
0.933333 0.333333 0.060000 0.534993
1.000000 0.266667 0.120000 0.540926
1.000000 0.333333 0.060000 0.547028
0.933333 0.400000 0.000000 0.557985
1.000000 0.400000 0.000000 0.564997
0.600000 0.466667 0.000000 0.466377
0.666667 0.400000 0.060000 0.446684
0.733333 0.333333 0.120000 0.467453
0.800000 0.266667 0.180000 0.502824
0.866667 0.200000 0.240000 0.543372
0.933333 0.133333 0.300000 0.584334
0.533333 0.533333 0.000000 0.384595
0.600000 0.466667 0.060000 0.329470
0.666667 0.400000 0.120000 0.404085
0.733333 0.333333 0.180000 0.470289
0.800000 0.266667 0.240000 0.525466
0.866667 0.200000 0.300000 0.574279
0.800000 0.266667 0.300000 0.566446
0.733333 0.333333 0.240000 0.505844
0.666667 0.400000 0.180000 0.419344
0.600000 0.466667 0.120000 0.286590
0.533333 0.533333 0.060000 0.229965
0.466667 0.600000 0.000000 0.446979
0.400000 0.666667 0.000000 0.524315
0.466667 0.600000 0.060000 0.317310
0.533333 0.533333 0.120000 0.198689
0.600000 0.466667 0.180000 0.335613
0.666667 0.400000 0.240000 0.485979
0.733333 0.333333 0.300000 0.568121
0.666667 0.400000 0.300000 0.591174
0.600000 0.466667 0.240000 0.458243
0.533333 0.533333 0.180000 0.272773
0.466667 0.600000 0.120000 0.283308
0.400000 0.666667 0.060000 0.429668
0.333333 0.733333 0.000000 0.554971
0.600000 0.466667 0.300000 0.626493
0.533333 0.533333 0.240000 0.420368
0.466667 0.600000 0.180000 0.326937
0.400000 0.666667 0.120000 0.394367
0.333333 0.733333 0.060000 0.489875
0.266667 0.800000 0.000000 0.563235
0.533333 0.533333 0.300000 0.604321
0.466667 0.600000 0.240000 0.424153
0.400000 0.666667 0.180000 0.408676
0.333333 0.733333 0.120000 0.462091
0.266667 0.800000 0.060000 0.519936
0.200000 0.866667 0.000000 0.561193
0.133333 0.933333 0.000000 0.554538
0.200000 0.866667 0.060000 0.533240
0.266667 0.800000 0.120000 0.501448
0.333333 0.733333 0.180000 0.466636
0.400000 0.666667 0.240000 0.459676
0.466667 0.600000 0.300000 0.548993
0.066667 1.000000 0.000000 0.547694
0.133333 0.933333 0.060000 0.537457
0.200000 0.866667 0.120000 0.522471
0.266667 0.800000 0.180000 0.504968
0.333333 0.733333 0.240000 0.496953
0.400000 0.666667 0.300000 0.532298
0.066667 1.000000 0.060000 0.538598
0.133333 0.933333 0.120000 0.532347
0.200000 0.866667 0.180000 0.527124
0.266667 0.800000 0.240000 0.527380
0.333333 0.733333 0.300000 0.544485
0.266667 0.800000 0.300000 0.564269
0.200000 0.866667 0.240000 0.546037
0.133333 0.933333 0.180000 0.537986
0.066667 1.000000 0.120000 0.537577
0.200000 0.866667 0.300000 0.577653
0.133333 0.933333 0.240000 0.554307
0.066667 1.000000 0.180000 0.543678
0.133333 0.933333 0.300000 0.581729
0.066667 1.000000 0.240000 0.557316
0.066667 1.000000 0.300000 0.580074
0.666667 0.466667 0.000000 0.517801
0.733333 0.400000 0.060000 0.479402
0.800000 0.333333 0.120000 0.488910
0.866667 0.266667 0.180000 0.518537
0.933333 0.200000 0.240000 0.554173
1.000000 0.133333 0.300000 0.592408
0.733333 0.466667 0.000000 0.538534
0.800000 0.400000 0.060000 0.500494
0.866667 0.333333 0.120000 0.506997
0.933333 0.266667 0.180000 0.532325
1.000000 0.200000 0.240000 0.563525
0.800000 0.466667 0.000000 0.546603
0.866667 0.400000 0.060000 0.517390
0.933333 0.333333 0.120000 0.523665
1.000000 0.266667 0.180000 0.545462
0.866667 0.466667 0.000000 0.551726
0.933333 0.400000 0.060000 0.532964
1.000000 0.333333 0.120000 0.540045
1.000000 0.400000 0.060000 0.548604
0.933333 0.466667 0.000000 0.557970
1.000000 0.466667 0.000000 0.566813
0.600000 0.533333 0.000000 0.461921
0.666667 0.466667 0.060000 0.413905
0.733333 0.400000 0.120000 0.445803
0.800000 0.333333 0.180000 0.491641
0.866667 0.266667 0.240000 0.538203
0.933333 0.200000 0.300000 0.582013
0.533333 0.600000 0.000000 0.468103
0.600000 0.533333 0.060000 0.325936
0.666667 0.466667 0.120000 0.373087
0.733333 0.400000 0.180000 0.453266
0.800000 0.333333 0.240000 0.518912
0.866667 0.266667 0.300000 0.572383
0.800000 0.333333 0.300000 0.566340
0.733333 0.400000 0.240000 0.497772
0.666667 0.466667 0.180000 0.396712
0.600000 0.533333 0.120000 0.285542
0.533333 0.600000 0.060000 0.331120
0.466667 0.666667 0.000000 0.525600
0.400000 0.733333 0.000000 0.556246
0.466667 0.666667 0.060000 0.416587
0.533333 0.600000 0.120000 0.289539
0.600000 0.533333 0.180000 0.331887
0.666667 0.466667 0.240000 0.474623
0.733333 0.400000 0.300000 0.570937
0.666667 0.466667 0.300000 0.589776
0.600000 0.533333 0.240000 0.443006
0.533333 0.600000 0.180000 0.328763
0.466667 0.666667 0.120000 0.374505
0.400000 0.733333 0.060000 0.478920
0.333333 0.800000 0.000000 0.564587
0.600000 0.533333 0.300000 0.591258
0.533333 0.600000 0.240000 0.425920
0.466667 0.666667 0.180000 0.390357
0.400000 0.733333 0.120000 0.445279
0.333333 0.800000 0.060000 0.512703
0.266667 0.866667 0.000000 0.563107
0.533333 0.600000 0.300000 0.555060
0.466667 0.666667 0.240000 0.450239
0.400000 0.733333 0.180000 0.450238
0.333333 0.800000 0.120000 0.490154
0.266667 0.866667 0.060000 0.529590
0.200000 0.933333 0.000000 0.556490
0.133333 1.000000 0.000000 0.548468
0.200000 0.933333 0.060000 0.535901
0.266667 0.866667 0.120000 0.516561
0.333333 0.800000 0.180000 0.493822
0.400000 0.733333 0.240000 0.486316
0.466667 0.666667 0.300000 0.537215
0.133333 1.000000 0.060000 0.537175
0.200000 0.933333 0.120000 0.529826
0.266667 0.866667 0.180000 0.521989
0.333333 0.800000 0.240000 0.519929
0.400000 0.733333 0.300000 0.543529
0.133333 1.000000 0.120000 0.535919
0.200000 0.933333 0.180000 0.536909
0.266667 0.866667 0.240000 0.544298
0.333333 0.800000 0.300000 0.562978
0.266667 0.866667 0.300000 0.581071
0.200000 0.933333 0.240000 0.556939
0.133333 1.000000 0.180000 0.543765
0.200000 0.933333 0.300000 0.589727
0.133333 1.000000 0.240000 0.561278
0.133333 1.000000 0.300000 0.589797
0.666667 0.533333 0.000000 0.518825
0.733333 0.466667 0.060000 0.463531
0.800000 0.400000 0.120000 0.475431
0.866667 0.333333 0.180000 0.509943
0.933333 0.266667 0.240000 0.549204
1.000000 0.200000 0.300000 0.587847
0.733333 0.533333 0.000000 0.542611
0.800000 0.466667 0.060000 0.493463
0.866667 0.400000 0.120000 0.499359
0.933333 0.333333 0.180000 0.526927
1.000000 0.266667 0.240000 0.559930
0.800000 0.533333 0.000000 0.549929
0.866667 0.466667 0.060000 0.514774
0.933333 0.400000 0.120000 0.520673
1.000000 0.333333 0.180000 0.543767
0.866667 0.533333 0.000000 0.553421
0.933333 0.466667 0.060000 0.533188
1.000000 0.400000 0.120000 0.541036
1.000000 0.466667 0.060000 0.551321
0.933333 0.533333 0.000000 0.559000
1.000000 0.533333 0.000000 0.568364
0.600000 0.600000 0.000000 0.516724
0.666667 0.533333 0.060000 0.412716
0.733333 0.466667 0.120000 0.429488
0.800000 0.400000 0.180000 0.479281
0.866667 0.333333 0.240000 0.531039
0.933333 0.266667 0.300000 0.577237
0.533333 0.666667 0.000000 0.543805
0.600000 0.600000 0.060000 0.389940
0.666667 0.533333 0.120000 0.371163
0.733333 0.466667 0.180000 0.439084
0.800000 0.400000 0.240000 0.509467
0.866667 0.333333 0.300000 0.567021
0.800000 0.400000 0.300000 0.560359
0.733333 0.466667 0.240000 0.486885
0.666667 0.533333 0.180000 0.392207
0.600000 0.600000 0.120000 0.342855
0.533333 0.666667 0.060000 0.429034
0.466667 0.733333 0.000000 0.563746
0.400000 0.800000 0.000000 0.568718
0.466667 0.733333 0.060000 0.476885
0.533333 0.666667 0.120000 0.380622
0.600000 0.600000 0.180000 0.366214
0.666667 0.533333 0.240000 0.463353
0.733333 0.466667 0.300000 0.562608
0.666667 0.533333 0.300000 0.566896
0.600000 0.600000 0.240000 0.442015
0.533333 0.666667 0.180000 0.391799
0.466667 0.733333 0.120000 0.437029
0.400000 0.800000 0.060000 0.508376
0.333333 0.866667 0.000000 0.566573
0.600000 0.600000 0.300000 0.548903
0.533333 0.666667 0.240000 0.449305
0.466667 0.733333 0.180000 0.440348
0.400000 0.800000 0.120000 0.480935
0.333333 0.866667 0.060000 0.526871
0.266667 0.933333 0.000000 0.560269
0.533333 0.666667 0.300000 0.536177
0.466667 0.733333 0.240000 0.479256
0.400000 0.800000 0.180000 0.483558
0.333333 0.866667 0.120000 0.510698
0.266667 0.933333 0.060000 0.535474
0.200000 1.000000 0.000000 0.551599
0.200000 1.000000 0.060000 0.537470
0.266667 0.933333 0.120000 0.527780
0.333333 0.866667 0.180000 0.515920
0.400000 0.800000 0.240000 0.512039
0.466667 0.733333 0.300000 0.542965
0.200000 1.000000 0.120000 0.535608
0.266667 0.933333 0.180000 0.535680
0.333333 0.866667 0.240000 0.540484
0.400000 0.800000 0.300000 0.560013
0.200000 1.000000 0.180000 0.545015
0.266667 0.933333 0.240000 0.558601
0.333333 0.866667 0.300000 0.581102
0.266667 0.933333 0.300000 0.595549
0.200000 1.000000 0.240000 0.566116
0.200000 1.000000 0.300000 0.599658
0.666667 0.600000 0.000000 0.549933
0.733333 0.533333 0.060000 0.464918
0.800000 0.466667 0.120000 0.466980
0.866667 0.400000 0.180000 0.501758
0.933333 0.333333 0.240000 0.543542
1.000000 0.266667 0.300000 0.582851
0.733333 0.600000 0.000000 0.560118
0.800000 0.533333 0.060000 0.495088
0.866667 0.466667 0.120000 0.495366
0.933333 0.400000 0.180000 0.522895
1.000000 0.333333 0.240000 0.557279
0.800000 0.600000 0.000000 0.558785
0.866667 0.533333 0.060000 0.516071
0.933333 0.466667 0.120000 0.520005
1.000000 0.400000 0.180000 0.543765
0.866667 0.600000 0.000000 0.557041
0.933333 0.533333 0.060000 0.534893
1.000000 0.466667 0.120000 0.543387
1.000000 0.533333 0.060000 0.554268
0.933333 0.600000 0.000000 0.560198
1.000000 0.600000 0.000000 0.569144
0.600000 0.666667 0.000000 0.565965
0.666667 0.600000 0.060000 0.445361
0.733333 0.533333 0.120000 0.428655
0.800000 0.466667 0.180000 0.470143
0.866667 0.400000 0.240000 0.522948
0.933333 0.333333 0.300000 0.571117
0.533333 0.733333 0.000000 0.574460
0.600000 0.666667 0.060000 0.456965
0.666667 0.600000 0.120000 0.399451
0.733333 0.533333 0.180000 0.435414
0.800000 0.466667 0.240000 0.500111
0.866667 0.400000 0.300000 0.559116
0.800000 0.466667 0.300000 0.550544
0.733333 0.533333 0.240000 0.478833
0.666667 0.600000 0.180000 0.408439
0.600000 0.666667 0.120000 0.406844
0.533333 0.733333 0.060000 0.484437
0.466667 0.800000 0.000000 0.574186
0.400000 0.866667 0.000000 0.570324
0.466667 0.800000 0.060000 0.507953
0.533333 0.733333 0.120000 0.440421
0.600000 0.666667 0.180000 0.410513
0.666667 0.600000 0.240000 0.460542
0.733333 0.533333 0.300000 0.548140
0.666667 0.600000 0.300000 0.540365
0.600000 0.666667 0.240000 0.456213
0.533333 0.733333 0.180000 0.440195
0.466667 0.800000 0.120000 0.476056
0.400000 0.866667 0.060000 0.525053
0.333333 0.933333 0.000000 0.564553
0.600000 0.666667 0.300000 0.528792
0.533333 0.733333 0.240000 0.476596
0.466667 0.800000 0.180000 0.476702
0.400000 0.866667 0.120000 0.505415
0.333333 0.933333 0.060000 0.535531
0.266667 1.000000 0.000000 0.556323
0.533333 0.733333 0.300000 0.538736
0.466667 0.800000 0.240000 0.505692
0.400000 0.866667 0.180000 0.509553
0.333333 0.933333 0.120000 0.525766
0.266667 1.000000 0.060000 0.539184
0.266667 1.000000 0.120000 0.536421
0.333333 0.933333 0.180000 0.533711
0.400000 0.866667 0.240000 0.535059
0.466667 0.800000 0.300000 0.556173
0.266667 1.000000 0.180000 0.546950
0.333333 0.933333 0.240000 0.558334
0.400000 0.866667 0.300000 0.577921
0.266667 1.000000 0.240000 0.570827
0.333333 0.933333 0.300000 0.597793
0.266667 1.000000 0.300000 0.607987
0.666667 0.666667 0.000000 0.577511
0.733333 0.600000 0.060000 0.481191
0.800000 0.533333 0.120000 0.466551
0.866667 0.466667 0.180000 0.496325
0.933333 0.400000 0.240000 0.538590
1.000000 0.333333 0.300000 0.578867
0.733333 0.666667 0.000000 0.575871
0.800000 0.600000 0.060000 0.503071
0.866667 0.533333 0.120000 0.495371
0.933333 0.466667 0.180000 0.520887
1.000000 0.400000 0.240000 0.556134
0.800000 0.666667 0.000000 0.567382
0.866667 0.600000 0.060000 0.519953
0.933333 0.533333 0.120000 0.521157
1.000000 0.466667 0.180000 0.545089
0.866667 0.666667 0.000000 0.560792
0.933333 0.600000 0.060000 0.537300
1.000000 0.533333 0.120000 0.546329
1.000000 0.600000 0.060000 0.556857
0.933333 0.666667 0.000000 0.561162
1.000000 0.666667 0.000000 0.569104
0.600000 0.733333 0.000000 0.583418
0.666667 0.666667 0.060000 0.483006
0.733333 0.600000 0.120000 0.441997
0.800000 0.533333 0.180000 0.467218
0.866667 0.466667 0.240000 0.516208
0.933333 0.400000 0.300000 0.565164
0.533333 0.800000 0.000000 0.579634
0.600000 0.733333 0.060000 0.497127
0.666667 0.666667 0.120000 0.436257
0.733333 0.600000 0.180000 0.442728
0.800000 0.533333 0.240000 0.494106
0.866667 0.466667 0.300000 0.551007
0.800000 0.533333 0.300000 0.540714
0.733333 0.600000 0.240000 0.476862
0.666667 0.666667 0.180000 0.434152
0.600000 0.733333 0.120000 0.452738
0.533333 0.800000 0.060000 0.511714
0.466667 0.866667 0.000000 0.573734
0.400000 0.933333 0.000000 0.568353
0.466667 0.866667 0.060000 0.524680
0.533333 0.800000 0.120000 0.477103
0.600000 0.733333 0.180000 0.448538
0.666667 0.666667 0.240000 0.467552
0.733333 0.600000 0.300000 0.534273
0.666667 0.666667 0.300000 0.524325
0.600000 0.733333 0.240000 0.477664
0.533333 0.800000 0.180000 0.475195
0.466667 0.866667 0.120000 0.501943
0.400000 0.933333 0.060000 0.535657
0.333333 1.000000 0.000000 0.561639
0.600000 0.733333 0.300000 0.529747
0.533333 0.800000 0.240000 0.502083
0.466667 0.866667 0.180000 0.504377
0.400000 0.933333 0.120000 0.523591
0.333333 1.000000 0.060000 0.541670
0.533333 0.800000 0.300000 0.550785
0.466667 0.866667 0.240000 0.529514
0.400000 0.933333 0.180000 0.530787
0.333333 1.000000 0.120000 0.537730
0.333333 1.000000 0.180000 0.548701
0.400000 0.933333 0.240000 0.555835
0.466667 0.866667 0.300000 0.572917
0.333333 1.000000 0.240000 0.574170
0.400000 0.933333 0.300000 0.596195
0.333333 1.000000 0.300000 0.613225
0.666667 0.733333 0.000000 0.586023
0.733333 0.666667 0.060000 0.501050
0.800000 0.600000 0.120000 0.472892
0.866667 0.533333 0.180000 0.494440
0.933333 0.466667 0.240000 0.535143
1.000000 0.400000 0.300000 0.576384
0.733333 0.733333 0.000000 0.581402
0.800000 0.666667 0.060000 0.513393
0.866667 0.600000 0.120000 0.498617
0.933333 0.533333 0.180000 0.520700
1.000000 0.466667 0.240000 0.556150
0.800000 0.733333 0.000000 0.571803
0.866667 0.666667 0.060000 0.525135
0.933333 0.600000 0.120000 0.523595
1.000000 0.533333 0.180000 0.547109
0.866667 0.733333 0.000000 0.563348
0.933333 0.666667 0.060000 0.539996
1.000000 0.600000 0.120000 0.549362
1.000000 0.666667 0.060000 0.558861
0.933333 0.733333 0.000000 0.561688
1.000000 0.733333 0.000000 0.568383
0.600000 0.800000 0.000000 0.583104
0.666667 0.733333 0.060000 0.508562
0.733333 0.666667 0.120000 0.461621
0.800000 0.600000 0.180000 0.470446
0.866667 0.533333 0.240000 0.512059
0.933333 0.466667 0.300000 0.560201
0.533333 0.866667 0.000000 0.576608
0.600000 0.800000 0.060000 0.517723
0.666667 0.733333 0.120000 0.467216
0.733333 0.666667 0.180000 0.456911
0.800000 0.600000 0.240000 0.492671
0.866667 0.533333 0.300000 0.544286
0.800000 0.600000 0.300000 0.533301
0.733333 0.666667 0.240000 0.481039
0.666667 0.733333 0.180000 0.460369
0.600000 0.800000 0.120000 0.482920
0.533333 0.866667 0.060000 0.526365
0.466667 0.933333 0.000000 0.571269
0.400000 1.000000 0.000000 0.566571
0.466667 0.933333 0.060000 0.535895
0.533333 0.866667 0.120000 0.501573
0.600000 0.800000 0.180000 0.478450
0.666667 0.733333 0.240000 0.481797
0.733333 0.666667 0.300000 0.525230
0.666667 0.733333 0.300000 0.522442
0.600000 0.800000 0.240000 0.500449
0.533333 0.866667 0.180000 0.501944
0.466667 0.933333 0.120000 0.521539
0.400000 1.000000 0.060000 0.544073
0.600000 0.800000 0.300000 0.541956
0.533333 0.866667 0.240000 0.525207
0.466667 0.933333 0.180000 0.527284
0.400000 1.000000 0.120000 0.538609
0.533333 0.866667 0.300000 0.566805
0.466667 0.933333 0.240000 0.551575
0.400000 1.000000 0.180000 0.549147
0.400000 1.000000 0.240000 0.574872
0.466667 0.933333 0.300000 0.591465
0.400000 1.000000 0.300000 0.614184
0.666667 0.800000 0.000000 0.582462
0.733333 0.733333 0.060000 0.516663
0.800000 0.666667 0.120000 0.483321
0.866667 0.600000 0.180000 0.495960
0.933333 0.533333 0.240000 0.533208
1.000000 0.466667 0.300000 0.574926
0.733333 0.800000 0.000000 0.578147
0.800000 0.733333 0.060000 0.522862
0.866667 0.666667 0.120000 0.504269
0.933333 0.600000 0.180000 0.522099
1.000000 0.533333 0.240000 0.556752
0.800000 0.800000 0.000000 0.570949
0.866667 0.733333 0.060000 0.530503
0.933333 0.666667 0.120000 0.527038
1.000000 0.600000 0.180000 0.549484
0.866667 0.800000 0.000000 0.563661
0.933333 0.733333 0.060000 0.542689
1.000000 0.666667 0.120000 0.552290
1.000000 0.733333 0.060000 0.560226
0.933333 0.800000 0.000000 0.561393
1.000000 0.800000 0.000000 0.567012
0.600000 0.866667 0.000000 0.577883
0.666667 0.800000 0.060000 0.522754
0.733333 0.733333 0.120000 0.481079
0.800000 0.666667 0.180000 0.478426
0.866667 0.600000 0.240000 0.510906
0.933333 0.533333 0.300000 0.556298
0.533333 0.933333 0.000000 0.573160
0.600000 0.866667 0.060000 0.529222
0.666667 0.800000 0.120000 0.490035
0.733333 0.733333 0.180000 0.473836
0.800000 0.666667 0.240000 0.495684
0.866667 0.600000 0.300000 0.539740
0.800000 0.666667 0.300000 0.529356
0.733333 0.733333 0.240000 0.490188
0.666667 0.800000 0.180000 0.483721
0.600000 0.866667 0.120000 0.503998
0.533333 0.933333 0.060000 0.536598
0.466667 1.000000 0.000000 0.570205
0.466667 1.000000 0.060000 0.545581
0.533333 0.933333 0.120000 0.520389
0.600000 0.866667 0.180000 0.502329
0.666667 0.800000 0.240000 0.499825
0.733333 0.733333 0.300000 0.522971
0.666667 0.800000 0.300000 0.531733
0.600000 0.866667 0.240000 0.522009
0.533333 0.933333 0.180000 0.524214
0.466667 1.000000 0.120000 0.538266
0.600000 0.866667 0.300000 0.558407
0.533333 0.933333 0.240000 0.546637
0.466667 1.000000 0.180000 0.547487
0.533333 0.933333 0.300000 0.584610
0.466667 1.000000 0.240000 0.572236
0.466667 1.000000 0.300000 0.610517
0.666667 0.866667 0.000000 0.575733
0.733333 0.800000 0.060000 0.526299
0.800000 0.733333 0.120000 0.495209
0.866667 0.666667 0.180000 0.500533
0.933333 0.600000 0.240000 0.532800
1.000000 0.533333 0.300000 0.573856
0.733333 0.866667 0.000000 0.571141
0.800000 0.800000 0.060000 0.529609
0.866667 0.733333 0.120000 0.511358
0.933333 0.666667 0.180000 0.525053
1.000000 0.600000 0.240000 0.557748
0.800000 0.866667 0.000000 0.565959
0.866667 0.800000 0.060000 0.534893
0.933333 0.733333 0.120000 0.531198
1.000000 0.666667 0.180000 0.552200
0.866667 0.866667 0.000000 0.561099
0.933333 0.800000 0.060000 0.544899
1.000000 0.733333 0.120000 0.555034
1.000000 0.800000 0.060000 0.560844
0.933333 0.866667 0.000000 0.559622
1.000000 0.866667 0.000000 0.564742
0.600000 0.933333 0.000000 0.573365
0.666667 0.866667 0.060000 0.530925
0.733333 0.800000 0.120000 0.497366
0.800000 0.733333 0.180000 0.489299
0.866667 0.666667 0.240000 0.512881
0.933333 0.600000 0.300000 0.553587
0.533333 1.000000 0.000000 0.571937
0.600000 0.933333 0.060000 0.537510
0.666667 0.866667 0.120000 0.506964
0.733333 0.800000 0.180000 0.490708
0.800000 0.733333 0.240000 0.502294
0.866667 0.666667 0.300000 0.537891
0.800000 0.733333 0.300000 0.529132
0.733333 0.800000 0.240000 0.502741
0.666667 0.866667 0.180000 0.503715
0.600000 0.933333 0.120000 0.520474
0.533333 1.000000 0.060000 0.545943
0.533333 1.000000 0.120000 0.536768
0.600000 0.933333 0.180000 0.522347
0.666667 0.866667 0.240000 0.518686
0.733333 0.800000 0.300000 0.527763
0.666667 0.866667 0.300000 0.547114
0.600000 0.933333 0.240000 0.541822
0.533333 1.000000 0.180000 0.544046
0.600000 0.933333 0.300000 0.575815
0.533333 1.000000 0.240000 0.566824
0.533333 1.000000 0.300000 0.603018
0.666667 0.933333 0.000000 0.570244
0.733333 0.866667 0.060000 0.531599
0.800000 0.800000 0.120000 0.506332
0.866667 0.733333 0.180000 0.507463
0.933333 0.666667 0.240000 0.534171
1.000000 0.600000 0.300000 0.573040
0.733333 0.933333 0.000000 0.564388
0.800000 0.866667 0.060000 0.533175
0.866667 0.800000 0.120000 0.518581
0.933333 0.733333 0.180000 0.529432
1.000000 0.666667 0.240000 0.559348
0.800000 0.933333 0.000000 0.559096
0.866667 0.866667 0.060000 0.537274
0.933333 0.800000 0.120000 0.535488
1.000000 0.733333 0.180000 0.555313
0.866667 0.933333 0.000000 0.555807
0.933333 0.866667 0.060000 0.545893
1.000000 0.800000 0.120000 0.557399
1.000000 0.866667 0.060000 0.560409
0.933333 0.933333 0.000000 0.555714
1.000000 0.933333 0.000000 0.561051
0.600000 1.000000 0.000000 0.571339
0.666667 0.933333 0.060000 0.536949
0.733333 0.866667 0.120000 0.510070
0.800000 0.800000 0.180000 0.501042
0.866667 0.733333 0.240000 0.517689
0.933333 0.666667 0.300000 0.552543
0.600000 1.000000 0.060000 0.545266
0.666667 0.933333 0.120000 0.520487
0.733333 0.866667 0.180000 0.506093
0.800000 0.800000 0.240000 0.511192
0.866667 0.733333 0.300000 0.538890
0.800000 0.800000 0.300000 0.532389
0.733333 0.866667 0.240000 0.517035
0.666667 0.933333 0.180000 0.520872
0.600000 1.000000 0.120000 0.534840
0.600000 1.000000 0.180000 0.540063
0.666667 0.933333 0.240000 0.536586
0.733333 0.866667 0.300000 0.538361
0.666667 0.933333 0.300000 0.564291
0.600000 1.000000 0.240000 0.560133
0.600000 1.000000 0.300000 0.592988
0.666667 1.000000 0.000000 0.567301
0.733333 0.933333 0.060000 0.534934
0.800000 0.866667 0.120000 0.515314
0.866667 0.800000 0.180000 0.515498
0.933333 0.733333 0.240000 0.537462
1.000000 0.666667 0.300000 0.572874
0.733333 1.000000 0.000000 0.559797
0.800000 0.933333 0.060000 0.534325
0.866667 0.866667 0.120000 0.524559
0.933333 0.800000 0.180000 0.534667
1.000000 0.733333 0.240000 0.561839
0.800000 1.000000 0.000000 0.552552
0.866667 0.933333 0.060000 0.537207
0.933333 0.866667 0.120000 0.538988
1.000000 0.800000 0.180000 0.558655
0.866667 1.000000 0.000000 0.548801
0.933333 0.933333 0.060000 0.544920
1.000000 0.866667 0.120000 0.558944
1.000000 0.933333 0.060000 0.558415
0.933333 1.000000 0.000000 0.549452
1.000000 1.000000 0.000000 0.555367
0.666667 1.000000 0.060000 0.542734
0.733333 0.933333 0.120000 0.520121
0.800000 0.866667 0.180000 0.512026
0.866667 0.800000 0.240000 0.524371
0.933333 0.733333 0.300000 0.553596
0.666667 1.000000 0.120000 0.532254
0.733333 0.933333 0.180000 0.519630
0.800000 0.866667 0.240000 0.521086
0.866667 0.800000 0.300000 0.542261
0.800000 0.866667 0.300000 0.538672
0.733333 0.933333 0.240000 0.531577
0.666667 1.000000 0.180000 0.535927
0.666667 1.000000 0.240000 0.552875
0.733333 0.933333 0.300000 0.552402
0.666667 1.000000 0.300000 0.580840
0.733333 1.000000 0.060000 0.538071
0.800000 0.933333 0.120000 0.521936
0.866667 0.866667 0.180000 0.523121
0.933333 0.800000 0.240000 0.542272
1.000000 0.733333 0.300000 0.573896
0.800000 1.000000 0.060000 0.534428
0.866667 0.933333 0.120000 0.528404
0.933333 0.866667 0.180000 0.539715
1.000000 0.800000 0.240000 0.565207
0.866667 1.000000 0.060000 0.535121
0.933333 0.933333 0.120000 0.540729
1.000000 0.866667 0.180000 0.561695
0.933333 1.000000 0.060000 0.541622
1.000000 0.933333 0.120000 0.559012
1.000000 1.000000 0.060000 0.554335
0.733333 1.000000 0.120000 0.528711
0.800000 0.933333 0.180000 0.521485
0.866667 0.866667 0.240000 0.531563
0.933333 0.800000 0.300000 0.556638
0.733333 1.000000 0.180000 0.531536
0.800000 0.933333 0.240000 0.531080
0.866667 0.866667 0.300000 0.547073
0.800000 0.933333 0.300000 0.547391
0.733333 1.000000 0.240000 0.545292
0.733333 1.000000 0.300000 0.567303
0.800000 1.000000 0.120000 0.526861
0.866667 0.933333 0.180000 0.529186
0.933333 0.866667 0.240000 0.547592
1.000000 0.800000 0.300000 0.576325
0.866667 1.000000 0.120000 0.530094
0.933333 0.933333 0.180000 0.543395
1.000000 0.866667 0.240000 0.568932
0.933333 1.000000 0.120000 0.540139
1.000000 0.933333 0.180000 0.563594
1.000000 1.000000 0.120000 0.556945
0.800000 1.000000 0.180000 0.529445
0.866667 0.933333 0.240000 0.538106
0.933333 0.866667 0.300000 0.560867
0.800000 1.000000 0.240000 0.540660
0.866667 0.933333 0.300000 0.552461
0.800000 1.000000 0.300000 0.557664
0.866667 1.000000 0.180000 0.533351
0.933333 0.933333 0.240000 0.552145
1.000000 0.866667 0.300000 0.579778
0.933333 1.000000 0.180000 0.544903
1.000000 0.933333 0.240000 0.572062
1.000000 1.000000 0.180000 0.563479
0.866667 1.000000 0.240000 0.543500
0.933333 0.933333 0.300000 0.565095
0.866667 1.000000 0.300000 0.557986
0.933333 1.000000 0.240000 0.554955
1.000000 0.933333 0.300000 0.583314
1.000000 1.000000 0.240000 0.573525
0.933333 1.000000 0.300000 0.568318
1.000000 1.000000 0.300000 0.585755
