0.128841 0.880000 0.068561 -7.246258
0.149282 0.880000 0.040000 -7.219172
0.160000 0.880000 0.080000 -7.212463
0.111941 0.880000 0.087971 -7.268077
0.117300 0.880000 0.045149 -7.256159
0.099451 0.880000 0.066903 -7.279378
0.094818 0.880000 0.034497 -7.280217
0.120000 0.880000 0.010718 -7.248405
0.122625 0.864632 0.074577 -7.234353
0.080000 0.880000 0.000000 -7.292328
0.113282 0.880000 0.114845 -7.270218
0.129494 0.880000 0.093980 -7.248981
0.149282 0.880000 0.120000 -7.230075
0.120000 0.880000 0.149282 -7.267290
0.067522 0.880000 0.031403 -7.310767
0.155820 0.852604 0.105520 -7.185430
0.105520 0.852604 0.004180 -7.214900
0.044420 0.880000 0.048264 -7.339275
0.010718 0.880000 0.040000 -7.362389
0.040000 0.880000 0.010718 -7.337894
0.135913 0.843702 0.022784 -7.169729
0.155325 0.852636 0.053053 -7.178882
0.139053 0.846731 0.088280 -7.194546
0.160000 0.840000 0.080000 -7.160990
0.109628 0.863141 0.131754 -7.254973
0.084076 0.880000 0.095865 -7.300769
0.092729 0.880000 0.128358 -7.295379
0.074320 0.880000 0.063133 -7.307378
0.093214 0.858060 0.084898 -7.260671
0.113571 0.850037 0.101739 -7.229547
0.066907 0.880000 0.126067 -7.324364
0.080000 0.880000 0.160000 -7.314135
0.053053 0.852636 0.004675 -7.263629
0.096770 0.853001 0.039875 -7.243992
0.120264 0.824279 0.041718 -7.131491
0.117867 0.836639 0.074325 -7.198332
0.080000 0.840000 0.000000 -7.192739
0.097935 0.850131 0.117951 -7.249618
0.131568 0.846055 0.114029 -7.205678
0.137216 0.843702 0.135913 -7.199224
0.105890 0.841972 0.132170 -7.232031
0.106947 0.852636 0.155325 -7.247708
0.047630 0.853785 0.035235 -7.293828
0.109188 0.825405 0.116586 -7.197706
0.072009 0.841403 0.059263 -7.246177
0.055564 0.880000 0.077991 -7.330683
0.054712 0.880000 0.102679 -7.335014
0.042208 0.854935 0.065795 -7.311919
0.030356 0.880000 0.069529 -7.355982
0.031255 0.880000 0.094631 -7.360529
0.129418 0.818627 0.099071 -7.143900
0.154504 0.819476 0.109141 -7.130718
0.153770 0.819477 0.049048 -7.089491
0.109141 0.819476 0.005496 -7.100184
0.160000 0.800000 0.080000 -7.025592
0.000000 0.880000 0.080000 -7.377321
0.004180 0.852604 0.054480 -7.343226
0.023852 0.837205 0.058327 -7.275604
0.022784 0.843702 0.024087 -7.274734
0.135151 0.800524 0.022049 -7.010060
0.138440 0.820066 0.073925 -7.122940
0.124088 0.804868 0.045866 -7.065061
0.104332 0.817779 0.089001 -7.157086
0.088030 0.830069 0.075124 -7.204073
0.075045 0.850066 0.129078 -7.277021
0.070538 0.860131 0.103429 -7.291591
0.064286 0.847598 0.084987 -7.280045
0.086365 0.840262 0.104179 -7.248168
0.042609 0.880000 0.115900 -7.350549
0.040000 0.880000 0.149282 -7.358057
0.010718 0.880000 0.120000 -7.378692
0.049566 0.846884 0.133147 -7.302391
0.054480 0.852604 0.155820 -7.307266
0.080000 0.840000 0.160000 -7.262661
0.117316 0.790259 0.094406 -6.987821
0.101774 0.804868 0.024090 -7.063118
0.049048 0.819477 0.006230 -7.155993
0.078199 0.820708 0.031834 -7.151197
0.096730 0.815388 0.058275 -7.134551
0.080000 0.800000 0.000000 -7.032581
0.083182 0.820131 0.132090 -7.208877
0.137951 0.800524 0.135151 -7.036542
0.096956 0.801454 0.111984 -7.075533
0.110952 0.819477 0.153770 -7.181399
0.047905 0.820393 0.040275 -7.183891
0.075979 0.815261 0.110747 -7.184220
0.062803 0.821496 0.072463 -7.196367
0.039996 0.829870 0.083327 -7.253315
0.038341 0.852336 0.106773 -7.318547
0.019171 0.846168 0.093387 -7.330535
0.004675 0.852636 0.106947 -7.357154
0.094406 0.790259 0.042684 -6.995264
0.154631 0.779995 0.108812 -6.889502
0.135972 0.765130 0.101612 -6.780425
0.134966 0.785130 0.070419 -6.933424
0.118289 0.775130 0.047223 -6.857472
0.152616 0.780000 0.046431 -6.872314
0.108812 0.779995 0.005369 -6.890969
0.160000 0.760000 0.080000 -6.715517
0.000000 0.840000 0.080000 -7.322139
0.033268 0.813732 0.061961 -7.189902
0.005496 0.819476 0.050859 -7.227187
0.022049 0.800524 0.024849 -7.117689
0.134315 0.760086 0.021265 -6.716815
0.105861 0.790259 0.068545 -6.994896
0.080000 0.800524 0.080000 -7.086126
0.107986 0.762700 0.090806 -6.777348
0.088478 0.780862 0.095992 -6.939459
0.045427 0.824673 0.118915 -7.255517
0.024087 0.843702 0.137216 -7.327758
0.046431 0.780000 0.007384 -6.935732
0.101612 0.765130 0.024028 -6.781522
0.116308 0.750007 0.063216 -6.660648
0.112563 0.745004 0.034293 -6.614214
0.065594 0.790259 0.117316 -7.021212
0.058226 0.804868 0.135910 -7.122648
0.050859 0.819476 0.154504 -7.224086
0.080000 0.800000 0.160000 -7.070526
0.112777 0.775130 0.118289 -6.882624
0.113569 0.780000 0.152616 -6.912202
0.125707 0.745004 0.112563 -6.628328
0.138735 0.760086 0.134315 -6.747499
0.070419 0.785130 0.025034 -6.965498
0.068545 0.790259 0.054139 -7.016978
0.080000 0.760000 0.000000 -6.748169
0.047223 0.775130 0.041711 -6.906082
0.089581 0.785130 0.134966 -6.966707
0.096784 0.750007 0.116308 -6.690334
0.042684 0.790259 0.065594 -7.038694
0.051845 0.802730 0.089224 -7.119737
0.065922 0.781499 0.084612 -6.957159
0.023690 0.804935 0.098448 -7.153346
0.006230 0.819477 0.110952 -7.262442
0.090806 0.762700 0.052014 -6.777895
0.154629 0.740000 0.108818 -6.566321
0.135469 0.745004 0.086017 -6.613485
0.152616 0.740000 0.046431 -6.549086
0.108818 0.740000 0.005371 -6.567780
0.160000 0.720000 0.080000 -6.392289
0.000000 0.800000 0.080000 -7.139558
0.005369 0.779995 0.051188 -6.977829
0.021265 0.760086 0.025685 -6.798088
0.134176 0.720014 0.021136 -6.393064
0.123764 0.725004 0.052357 -6.450080
0.112650 0.736353 0.092608 -6.561692
0.080000 0.760269 0.080000 -6.774271
0.098154 0.735011 0.071608 -6.554814
0.088392 0.735011 0.098154 -6.569658
0.069194 0.762700 0.107986 -6.809921
0.036489 0.785130 0.115442 -7.007465
0.024849 0.800524 0.137951 -7.116684
0.046431 0.740000 0.007384 -6.612503
0.086017 0.745004 0.024531 -6.630069
0.092608 0.736353 0.047350 -6.562331
0.101614 0.725004 0.024028 -6.457273
0.094409 0.710007 0.042685 -6.330352
0.080000 0.720000 0.000000 -6.424941
0.058388 0.765130 0.135972 -6.845570
0.051188 0.779995 0.154631 -6.956295
0.080000 0.760000 0.160000 -6.796020
0.135972 0.725004 0.101614 -6.456180
0.117315 0.710007 0.094409 -6.341635
0.107643 0.725004 0.123764 -6.482838
0.113569 0.740000 0.152616 -6.608458
0.138864 0.720014 0.134176 -6.423555
0.024028 0.765130 0.058388 -6.846666
0.052014 0.762700 0.069194 -6.810468
0.063216 0.750007 0.043692 -6.692356
0.034293 0.745004 0.047437 -6.673498
0.052357 0.725004 0.036236 -6.474619
0.073983 0.745004 0.135469 -6.671757
0.067392 0.736353 0.112650 -6.599694
0.043692 0.750007 0.096784 -6.722043
0.030258 0.775130 0.086915 -6.931600
0.007384 0.780000 0.113569 -6.993718
0.071608 0.735011 0.061846 -6.570669
0.061846 0.735011 0.088392 -6.585512
0.154629 0.700000 0.108818 -6.243093
0.135972 0.685004 0.101614 -6.088764
0.134966 0.705004 0.070420 -6.285947
0.118290 0.695004 0.047224 -6.181579
0.152616 0.700000 0.046431 -6.225858
0.108818 0.700000 0.005371 -6.226110
0.160000 0.680000 0.080000 -6.040199
0.000000 0.760000 0.080000 -6.828671
0.005371 0.740000 0.051182 -6.620214
0.021136 0.720014 0.025824 -6.414694
0.134152 0.680002 0.021114 -6.027431
0.068547 0.710007 0.054138 -6.325682
0.105862 0.710007 0.068547 -6.335994
0.080000 0.720014 0.080000 -6.434594
0.091453 0.710007 0.105862 -6.336964
0.047437 0.745004 0.125707 -6.687611
0.025685 0.760086 0.138735 -6.828771
0.047224 0.695004 0.041710 -6.164472
0.046431 0.700000 0.007384 -6.211884
0.070420 0.705004 0.025034 -6.271118
0.101614 0.685004 0.024028 -6.071837
0.090807 0.682505 0.052014 -6.046785
0.112563 0.665000 0.034293 -5.869131
0.116308 0.670000 0.063216 -5.924938
0.107986 0.682505 0.090807 -6.055249
0.080000 0.680000 0.000000 -6.012417
0.051182 0.740000 0.154629 -6.642781
0.080000 0.720000 0.160000 -6.443688
0.089580 0.705004 0.134966 -6.288259
0.112776 0.695004 0.118290 -6.188510
0.113569 0.700000 0.152616 -6.244221
0.138886 0.680002 0.134152 -6.041585
0.096784 0.670000 0.116308 -5.926546
0.125707 0.665000 0.112563 -5.881218
0.024531 0.745004 0.073983 -6.678924
0.047350 0.736353 0.067392 -6.594185
0.024028 0.725004 0.058386 -6.470613
0.042685 0.710007 0.065591 -6.321011
0.058386 0.725004 0.135972 -6.487537
0.065591 0.710007 0.117315 -6.332294
0.036236 0.725004 0.107643 -6.479132
0.007384 0.740000 0.113569 -6.627889
0.054138 0.710007 0.091453 -6.326653
0.154629 0.660000 0.108818 -5.835891
0.135469 0.665000 0.086017 -5.880414
0.135972 0.645000 0.101614 -5.675939
0.152616 0.660000 0.046431 -5.828217
0.123764 0.645000 0.052357 -5.667419
0.108818 0.660000 0.005371 -5.813323
0.160000 0.640000 0.080000 -5.627412
0.098154 0.655000 0.071608 -5.766905
0.063216 0.670000 0.043692 -5.910379
0.052014 0.682505 0.069193 -6.039779
0.000000 0.720000 0.080000 -6.415905
0.024028 0.685004 0.058386 -6.057825
0.005371 0.700000 0.051182 -6.207428
0.034293 0.665000 0.047437 -5.852509
0.021114 0.680002 0.025848 -6.001781
0.134149 0.640000 0.021111 -5.614623
0.080000 0.680007 0.080000 -6.021733
0.069193 0.682505 0.107986 -6.048242
0.025824 0.720014 0.138864 -6.428839
0.046431 0.660000 0.007384 -5.799097
0.086017 0.665000 0.024531 -5.861851
0.092608 0.656253 0.047350 -5.775744
0.101614 0.645000 0.024028 -5.659013
0.112650 0.656253 0.092608 -5.785617
0.080000 0.640000 0.000000 -5.599630
0.094409 0.630000 0.042685 -5.507825
0.105862 0.630000 0.068547 -5.514320
0.058386 0.685004 0.135972 -6.074750
0.051182 0.700000 0.154629 -6.229994
0.073983 0.665000 0.135469 -5.871877
0.080000 0.680000 0.160000 -6.030901
0.113569 0.660000 0.152616 -5.831433
0.138889 0.640000 0.134149 -5.628779
0.074016 0.656562 0.105664 -5.781369
0.107311 0.647500 0.120768 -5.697309
0.118615 0.623998 0.101307 -5.469696
0.117837 0.625000 0.125228 -5.479959
0.080000 0.640000 0.080000 -5.608871
0.025034 0.705004 0.089580 -6.268057
0.041710 0.695004 0.112776 -6.171403
0.007384 0.700000 0.113569 -6.215101
0.043692 0.670000 0.096784 -5.911987
0.154629 0.620000 0.108818 -5.449650
0.134966 0.625000 0.070420 -5.482418
0.152616 0.620000 0.046431 -5.444020
0.118290 0.615000 0.047224 -5.387175
0.101614 0.605000 0.024028 -5.291932
0.108818 0.620000 0.005371 -5.423669
0.160000 0.600000 0.080000 -5.275705
0.052357 0.645000 0.036236 -5.649007
0.066178 0.642500 0.058118 -5.628940
0.047350 0.656253 0.067392 -5.767571
0.024531 0.665000 0.073983 -5.853313
0.000000 0.680000 0.080000 -6.003118
0.024028 0.645000 0.058386 -5.645001
0.005371 0.660000 0.051182 -5.794640
0.021111 0.640000 0.025851 -5.588972
0.046431 0.620000 0.007384 -5.399374
0.134148 0.600000 0.021110 -5.261004
0.051247 0.643125 0.095019 -5.636191
0.047437 0.665000 0.125707 -5.864597
0.025848 0.680002 0.138886 -6.015935
0.070420 0.625000 0.025034 -5.453600
0.042685 0.630000 0.065591 -5.495362
0.096091 0.622500 0.089942 -5.446970
0.073212 0.616250 0.055939 -5.381048
0.080000 0.600000 0.000000 -5.238143
0.092086 0.601250 0.048070 -5.257473
0.088076 0.583125 0.030310 -5.097005
0.112083 0.605263 0.095144 -5.303838
0.116308 0.590000 0.063216 -5.170371
0.135469 0.585000 0.086017 -5.136195
0.085384 0.637500 0.125888 -5.589621
0.058386 0.645000 0.135972 -5.661927
0.051182 0.660000 0.154629 -5.817207
0.080000 0.640000 0.160000 -5.618113
0.113569 0.620000 0.152616 -5.436957
0.116489 0.604042 0.121328 -5.296984
0.134139 0.597986 0.103558 -5.249897
0.138890 0.600000 0.134148 -5.271633
0.065591 0.630000 0.117315 -5.506647
0.095357 0.609427 0.117708 -5.335226
0.058802 0.616250 0.093254 -5.378296
0.007384 0.660000 0.113569 -5.802314
0.029315 0.651562 0.104294 -5.719253
0.154629 0.580000 0.108818 -5.114180
0.152616 0.580000 0.046431 -5.102857
0.125228 0.575000 0.042163 -5.047278
0.108818 0.580000 0.005371 -5.076039
0.160000 0.560000 0.080000 -4.983039
0.047224 0.615000 0.041710 -5.358896
0.025034 0.625000 0.089580 -5.442444
0.000000 0.640000 0.080000 -5.590331
0.046431 0.580000 0.007384 -5.051746
0.024028 0.605000 0.058386 -5.264192
0.005371 0.620000 0.051182 -5.386682
0.021110 0.600000 0.025852 -5.217071
0.134148 0.560000 0.021110 -4.952968
0.036487 0.625000 0.115442 -5.448087
0.025851 0.640000 0.138889 -5.603129
0.063216 0.590000 0.043692 -5.148048
0.052014 0.602500 0.069193 -5.254272
0.082592 0.591869 0.082393 -5.174891
0.103205 0.576517 0.075604 -5.049021
0.099290 0.556250 0.029412 -4.901486
0.080000 0.560000 0.000000 -4.905870
0.074539 0.561250 0.036591 -4.915323
0.089762 0.572500 0.053454 -5.007122
0.112665 0.580145 0.107559 -5.086734
0.131088 0.563834 0.097314 -4.987449
0.138758 0.538498 0.081444 -4.825224
0.116548 0.553712 0.066980 -4.904665
0.072795 0.615000 0.138657 -5.376441
0.051182 0.620000 0.154629 -5.412662
0.107402 0.549755 0.094174 -4.875569
0.087630 0.575172 0.118611 -5.034561
0.080000 0.600000 0.160000 -5.250559
0.113569 0.580000 0.152616 -5.089327
0.138890 0.560000 0.134148 -4.974369
0.061357 0.598750 0.122918 -5.229511
0.066042 0.582500 0.107469 -5.088924
0.043692 0.590000 0.096784 -5.144516
0.007384 0.620000 0.113569 -5.392312
0.154629 0.540000 0.108818 -4.852161
0.152616 0.540000 0.046431 -4.840838
0.112563 0.530000 0.034293 -4.741035
0.108818 0.540000 0.005371 -4.799016
0.160000 0.520000 0.080000 -4.740953
0.036359 0.582500 0.043849 -5.072355
0.049787 0.566250 0.043770 -4.936387
0.051608 0.565000 0.061846 -4.927639
0.024531 0.585000 0.073983 -5.091784
0.000000 0.600000 0.080000 -5.212998
0.046431 0.540000 0.007384 -4.748842
0.021110 0.560000 0.025852 -4.869440
0.005371 0.580000 0.051182 -5.039052
0.134148 0.520000 0.021110 -4.698509
0.080000 0.520000 0.000000 -4.643849
0.121204 0.505000 0.041393 -4.654452
0.025852 0.600000 0.138890 -5.227700
0.058825 0.573750 0.084658 -5.008282
0.074196 0.557500 0.109077 -4.901745
0.080854 0.556320 0.080177 -4.894914
0.080000 0.540000 0.040000 -4.781075
0.036359 0.542500 0.043849 -4.762733
0.083446 0.497500 0.025246 -4.589141
0.065278 0.515000 0.026463 -4.604019
0.065278 0.535000 0.066463 -4.740520
0.094409 0.500000 0.042685 -4.611080
0.090793 0.527500 0.064839 -4.711787
0.112313 0.546983 0.120445 -4.865466
0.123397 0.534518 0.096678 -4.789091
0.117451 0.517307 0.069203 -4.680879
0.132698 0.512520 0.093590 -4.693919
0.097617 0.527532 0.091766 -4.721704
0.057122 0.567500 0.128522 -4.956702
0.051182 0.580000 0.154629 -5.065033
0.080000 0.540000 0.120000 -4.793505
0.080000 0.560000 0.160000 -4.930730
0.113569 0.540000 0.152616 -4.825738
0.138890 0.520000 0.134148 -4.724674
0.132284 0.497500 0.071015 -4.657553
0.041540 0.562500 0.110476 -4.908288
0.007384 0.580000 0.113569 -5.044682
0.154629 0.500000 0.108818 -4.697178
0.152616 0.500000 0.046431 -4.683482
0.108818 0.500000 0.005371 -4.622127
0.160000 0.480000 0.080000 -4.656276
0.025804 0.562500 0.070923 -4.896504
0.040000 0.540000 0.080000 -4.754920
0.000000 0.560000 0.080000 -4.865369
0.046431 0.500000 0.007384 -4.545610
0.021110 0.520000 0.025852 -4.600211
0.005371 0.540000 0.051182 -4.722419
0.129845 0.480000 0.048493 -4.613453
0.134148 0.480000 0.021110 -4.613832
0.101614 0.480000 0.024028 -4.574265
0.080000 0.480000 0.000000 -4.543311
0.065553 0.482347 0.026313 -4.535208
0.095424 0.482500 0.062629 -4.578869
0.031115 0.522500 0.062221 -4.630333
0.098017 0.523750 0.128821 -4.703010
0.025852 0.560000 0.138890 -4.883631
0.060000 0.540000 0.100000 -4.774214
0.047392 0.538965 0.121272 -4.760537
0.070000 0.520000 0.090000 -4.649742
0.051669 0.510161 0.053202 -4.581813
0.072292 0.482867 0.045536 -4.548068
0.049806 0.483313 0.037153 -4.519795
0.035915 0.499317 0.045301 -4.538023
0.051483 0.511581 0.081360 -4.589651
0.080575 0.500328 0.079161 -4.601284
0.106120 0.508446 0.108741 -4.655267
0.112877 0.490000 0.085145 -4.620301
0.125883 0.485000 0.109646 -4.630149
0.081340 0.511727 0.108757 -4.631677
0.062685 0.520312 0.127757 -4.651735
0.051182 0.540000 0.154629 -4.775566
0.080000 0.520000 0.160000 -4.668711
0.113569 0.500000 0.152616 -4.654452
0.111507 0.480000 0.129845 -4.605479
0.138890 0.480000 0.134148 -4.639996
0.136438 0.465000 0.082572 -4.614799
0.032436 0.524814 0.099372 -4.652335
0.007384 0.540000 0.113569 -4.733742
0.154629 0.460000 0.108818 -4.644834
0.132405 0.447500 0.059457 -4.600884
0.152616 0.460000 0.046431 -4.622910
0.108818 0.460000 0.005371 -4.556289
0.160000 0.440000 0.080000 -4.658165
0.134148 0.440000 0.021110 -4.612597
0.000000 0.520000 0.080000 -4.591541
0.102802 0.442031 0.026773 -4.560198
0.046431 0.460000 0.007384 -4.497707
0.080000 0.440000 0.000000 -4.548699
0.064314 0.450787 0.026411 -4.517214
0.021110 0.480000 0.025852 -4.475389
0.005371 0.500000 0.051182 -4.502885
0.027173 0.478377 0.053739 -4.484437
0.050397 0.459826 0.052791 -4.499269
0.107074 0.460000 0.050555 -4.568233
0.086176 0.455000 0.038509 -4.538297
0.073497 0.462500 0.067749 -4.532585
0.109445 0.460000 0.107074 -4.588768
0.096438 0.465000 0.082572 -4.565647
0.025870 0.502500 0.080593 -4.538726
0.081009 0.497701 0.131688 -4.605700
0.025852 0.520000 0.138890 -4.621612
0.051448 0.501852 0.110301 -4.574214
0.051106 0.481076 0.075459 -4.523548
0.083438 0.479745 0.103939 -4.565693
0.082387 0.456614 0.106184 -4.554903
0.051182 0.500000 0.154629 -4.577935
0.080593 0.462500 0.134130 -4.562000
0.080000 0.480000 0.160000 -4.572074
0.102041 0.446250 0.132239 -4.586140
0.113569 0.460000 0.152616 -4.608034
0.138890 0.440000 0.134148 -4.633818
0.131047 0.437701 0.107192 -4.628052
0.134579 0.420350 0.080679 -4.699371
0.112194 0.435000 0.072482 -4.606666
0.098620 0.423575 0.053020 -4.637208
0.110921 0.421673 0.124407 -4.664656
0.125298 0.407551 0.106751 -4.740177
0.007384 0.500000 0.113569 -4.516581
0.154629 0.420000 0.108818 -4.733907
0.122092 0.418207 0.048464 -4.691023
0.152616 0.420000 0.046431 -4.723088
0.108818 0.420000 0.005371 -4.675963
0.160000 0.400000 0.080000 -4.818253
0.134148 0.400000 0.021110 -4.796990
0.000000 0.480000 0.080000 -4.459109
0.110604 0.400532 0.033547 -4.764343
0.085124 0.420625 0.023090 -4.641600
0.058416 0.425312 0.028468 -4.587049
0.021110 0.440000 0.025852 -4.494169
0.046431 0.420000 0.007384 -4.602555
0.080000 0.400000 0.000000 -4.738028
0.070401 0.430625 0.049553 -4.571543
0.037886 0.425312 0.050368 -4.558477
0.005371 0.460000 0.051182 -4.457903
0.062003 0.456103 0.086992 -4.523820
0.046160 0.442348 0.072936 -4.502987
0.025870 0.462500 0.080593 -4.478065
0.044217 0.457459 0.087676 -4.502313
0.078458 0.438295 0.078703 -4.544465
0.090514 0.432500 0.111862 -4.589624
0.030882 0.472823 0.105207 -4.492933
0.056426 0.473698 0.131687 -4.532664
0.025852 0.480000 0.138890 -4.501554
0.052926 0.460000 0.109445 -4.520057
0.067743 0.445000 0.100204 -4.533881
0.064655 0.442500 0.130950 -4.539422
0.051182 0.460000 0.154629 -4.532001
0.080000 0.440000 0.160000 -4.567084
0.085257 0.416250 0.135931 -4.649928
0.113569 0.420000 0.152616 -4.678810
0.138890 0.400000 0.134148 -4.793905
0.133687 0.390893 0.072060 -4.828968
0.138878 0.391477 0.096574 -4.827178
0.089985 0.400518 0.049555 -4.736958
0.113956 0.408916 0.093187 -4.716264
0.110862 0.402656 0.075521 -4.745864
0.115693 0.391323 0.061650 -4.808043
0.116895 0.390391 0.120722 -4.801580
0.116826 0.382631 0.094484 -4.843682
0.102920 0.382636 0.054398 -4.835725
0.086758 0.410312 0.080622 -4.680365
0.096356 0.402366 0.107301 -4.723664
0.007384 0.460000 0.113569 -4.465381
0.154629 0.380000 0.108818 -4.897430
0.152616 0.380000 0.046431 -4.907999
0.130957 0.379438 0.048229 -4.884943
0.112563 0.370000 0.034293 -4.910993
0.108818 0.380000 0.005371 -4.865292
0.160000 0.360000 0.080000 -5.030987
0.134148 0.360000 0.021110 -5.011450
0.120276 0.360904 0.065355 -4.997710
0.000000 0.440000 0.080000 -4.468057
0.088132 0.375625 0.035356 -4.855565
0.055679 0.400625 0.036016 -4.699129
0.069777 0.387500 0.060151 -4.772730
0.033728 0.401250 0.048551 -4.667884
0.005371 0.420000 0.051182 -4.545413
0.021110 0.400000 0.025852 -4.663756
0.046431 0.380000 0.007384 -4.791883
0.086017 0.350000 0.024531 -5.075424
0.080000 0.360000 0.000000 -4.976512
0.046347 0.402500 0.071251 -4.672011
0.023173 0.421250 0.075625 -4.555243
0.053795 0.428361 0.093594 -4.553675
0.028510 0.445625 0.101958 -4.486280
0.071583 0.405000 0.116649 -4.680268
0.025852 0.440000 0.138890 -4.493967
0.048718 0.422500 0.127770 -4.569953
0.084184 0.382500 0.116479 -4.801543
0.051182 0.420000 0.154629 -4.586975
0.075792 0.382500 0.138325 -4.787183
0.080000 0.400000 0.160000 -4.710232
0.113569 0.380000 0.152616 -4.840243
0.138890 0.360000 0.134148 -5.006151
0.135469 0.350000 0.086017 -5.110437
0.123219 0.361307 0.109014 -4.998972
0.093516 0.380625 0.081244 -4.828659
0.096784 0.360000 0.116308 -4.995420
0.106546 0.360000 0.089762 -4.999485
0.089762 0.360000 0.053454 -4.986465
0.112350 0.342500 0.080685 -5.165839
0.060445 0.389375 0.095385 -4.745613
0.007384 0.420000 0.113569 -4.534800
0.154629 0.340000 0.108819 -5.190563
0.134196 0.322500 0.089077 -5.355721
0.152616 0.340000 0.046431 -5.211492
0.125228 0.340000 0.042163 -5.194292
0.108819 0.340000 0.005371 -5.181468
0.160000 0.320000 0.080000 -5.383234
0.134148 0.320000 0.021111 -5.385036
0.129077 0.322500 0.065804 -5.361849
0.098154 0.325000 0.051608 -5.318390
0.070238 0.360000 0.106546 -4.978335
0.049306 0.373750 0.074121 -4.834624
0.023173 0.381250 0.075625 -4.748577
0.000000 0.400000 0.080000 -4.627802
0.063216 0.360000 0.043692 -4.969380
0.035208 0.366875 0.049987 -4.888367
0.005371 0.380000 0.051182 -4.747477
0.071608 0.325000 0.041846 -5.301306
0.021110 0.360000 0.025852 -4.942109
0.046431 0.340000 0.007384 -5.143153
0.089641 0.315137 0.026118 -5.403382
0.080000 0.320000 0.000000 -5.350098
0.036099 0.401250 0.105070 -4.658910
0.055946 0.391875 0.121698 -4.723047
0.025852 0.400000 0.138890 -4.645808
0.056514 0.357500 0.131511 -4.995061
0.051182 0.380000 0.154629 -4.783334
0.117837 0.340000 0.125228 -5.187521
0.080000 0.360000 0.160000 -4.988288
0.138889 0.320000 0.134148 -5.362918
0.113569 0.340000 0.152616 -5.174012
0.123639 0.302500 0.116153 -5.549497
0.068257 0.333750 0.125755 -5.223693
0.108392 0.325000 0.098154 -5.328128
0.093047 0.336875 0.125492 -5.209772
0.080000 0.340000 0.080000 -5.169193
0.091175 0.321250 0.075342 -5.350858
0.061846 0.335000 0.108392 -5.206789
0.043692 0.360000 0.096784 -4.961251
0.007384 0.380000 0.113569 -4.753309
0.154628 0.300000 0.108822 -5.580937
0.120000 0.290000 0.080000 -5.691332
0.152616 0.300000 0.046431 -5.601822
0.116153 0.302500 0.036361 -5.553917
0.108822 0.300000 0.005372 -5.566294
0.160000 0.280000 0.080000 -5.799140
0.134152 0.280000 0.021114 -5.815288
0.098076 0.301250 0.058180 -5.557683
0.052266 0.345000 0.076991 -5.105175
0.055804 0.317500 0.060923 -5.365679
0.024531 0.350000 0.073983 -5.041157
0.028729 0.332500 0.091714 -5.214763
0.000000 0.360000 0.080000 -4.933760
0.038489 0.332500 0.046514 -5.211185
0.005371 0.340000 0.051181 -5.131055
0.080602 0.292781 0.038886 -5.637157
0.047064 0.303218 0.034720 -5.503720
0.021111 0.320000 0.025852 -5.330564
0.046431 0.300000 0.007384 -5.532546
0.063485 0.287308 0.024233 -5.688777
0.080000 0.280000 0.000000 -5.774195
0.137310 0.274999 0.094421 -5.844092
0.025852 0.360000 0.138890 -4.953351
0.034615 0.337500 0.110980 -5.168111
0.138886 0.280000 0.134152 -5.778825
0.051181 0.340000 0.154629 -5.156919
0.116537 0.276249 0.111619 -5.823291
0.107562 0.301250 0.129232 -5.556534
0.056512 0.317500 0.131510 -5.374057
0.080000 0.320000 0.160000 -5.348813
0.113569 0.300000 0.152616 -5.562203
0.101555 0.302500 0.105848 -5.550864
0.080000 0.310000 0.120000 -5.461863
0.084196 0.317500 0.099077 -5.383326
0.060000 0.310000 0.100000 -5.445877
0.080000 0.300000 0.080000 -5.565558
0.032926 0.315000 0.109445 -5.392329
0.007384 0.340000 0.113569 -5.138699
0.154620 0.259998 0.108842 -5.996850
0.100763 0.276014 0.070389 -5.847339
0.115885 0.273799 0.045301 -5.874254
0.126771 0.267500 0.072641 -5.928417
0.152616 0.260000 0.046431 -6.017729
0.079818 0.267619 0.047599 -5.934916
0.094864 0.271041 0.025643 -5.894476
0.108842 0.259998 0.005380 -6.023855
0.160000 0.240000 0.080000 -6.215047
0.134170 0.239998 0.021131 -6.243358
0.153796 0.219935 0.049110 -6.395471
0.094717 0.280000 0.113543 -5.789585
0.076567 0.281292 0.067991 -5.779610
0.052790 0.284039 0.067773 -5.736436
0.033311 0.305379 0.075994 -5.484566
0.000000 0.320000 0.080000 -5.333213
0.005372 0.300000 0.051178 -5.530509
0.029622 0.274378 0.052126 -5.834116
0.049689 0.274012 0.040407 -5.843772
0.021114 0.280000 0.025848 -5.755695
0.080000 0.240000 0.000000 -6.243596
0.046431 0.260000 0.007384 -5.995953
0.064987 0.247570 0.030621 -6.157873
0.134717 0.245000 0.093543 -6.161029
0.025852 0.320000 0.138889 -5.344608
0.138869 0.239998 0.134170 -6.197656
0.113569 0.260000 0.152616 -5.983771
0.048818 0.290000 0.124672 -5.683209
0.051178 0.300000 0.154628 -5.575469
0.080000 0.280000 0.160000 -5.778228
0.108260 0.249999 0.078825 -6.124819
0.109435 0.249999 0.107085 -6.113081
0.080148 0.274999 0.135426 -5.842543
0.070587 0.280000 0.104130 -5.803821
0.087946 0.254999 0.110901 -6.067165
0.053483 0.252524 0.057356 -6.103185
0.080000 0.260000 0.080000 -6.028506
0.080138 0.248934 0.055308 -6.156834
0.047803 0.283212 0.096628 -5.753265
0.007384 0.300000 0.113569 -5.543291
0.154574 0.219990 0.108959 -6.418859
0.106002 0.249584 0.048279 -6.142518
0.133543 0.245000 0.065283 -6.172766
0.095628 0.240573 0.030815 -6.252874
0.108260 0.229999 0.078825 -6.343463
0.120628 0.224998 0.035848 -6.388745
0.108959 0.219990 0.005426 -6.425471
0.078825 0.229999 0.051740 -6.368218
0.079413 0.214999 0.025870 -6.514310
0.134130 0.214999 0.079413 -6.477295
0.160000 0.200000 0.080000 -6.565062
0.130972 0.194818 0.065333 -6.634151
0.134848 0.199866 0.021762 -6.563399
0.152929 0.179998 0.047116 -6.714339
0.094717 0.245000 0.133543 -6.164294
0.124152 0.224998 0.120628 -6.374013
0.080000 0.219999 0.080000 -6.465796
0.049841 0.259257 0.083458 -6.031019
0.025273 0.268097 0.078780 -5.914522
0.000000 0.280000 0.080000 -5.763680
0.028897 0.240199 0.062600 -6.238285
0.005380 0.259998 0.051158 -5.991462
0.021131 0.239998 0.025830 -6.225118
0.035848 0.224998 0.039372 -6.412283
0.109665 0.179940 0.005703 -6.744613
0.080000 0.200000 0.000000 -6.615104
0.049110 0.219935 0.006204 -6.457795
0.050565 0.209998 0.052915 -6.599448
0.109122 0.213051 0.105953 -6.517592
0.134131 0.198610 0.098385 -6.619330
0.039382 0.264999 0.124161 -5.972106
0.025848 0.280000 0.138886 -5.794687
0.138238 0.199866 0.134848 -6.625583
0.110890 0.219935 0.153796 -6.422576
0.066457 0.245000 0.134717 -6.177313
0.080000 0.240000 0.160000 -6.215507
0.051158 0.259998 0.154620 -6.012774
0.048841 0.194998 0.029993 -6.708193
0.081175 0.229999 0.108260 -6.344744
0.052915 0.249999 0.109435 -6.139119
0.051740 0.229999 0.081175 -6.369500
0.033659 0.248537 0.104650 -6.156314
0.007384 0.260000 0.113569 -6.012692
0.154297 0.179940 0.109665 -6.749832
0.107085 0.209998 0.050565 -6.534133
0.100893 0.201392 0.081687 -6.628896
0.108375 0.194969 0.028134 -6.639372
0.080000 0.204999 0.060000 -6.613490
0.080000 0.189999 0.040000 -6.721540
0.120965 0.188393 0.077240 -6.704985
0.160000 0.160000 0.080000 -6.884523
0.127814 0.174638 0.051253 -6.791007
0.135627 0.159276 0.022505 -6.887030
0.153887 0.140264 0.049328 -7.015931
0.105578 0.162289 0.031313 -6.905741
0.109569 0.140376 0.005665 -7.060690
0.059041 0.219984 0.133292 -6.454881
0.094321 0.208929 0.129250 -6.560507
0.076726 0.203659 0.100572 -6.637856
0.063937 0.202546 0.083662 -6.662809
0.024509 0.233418 0.090038 -6.324793
0.000000 0.240000 0.080000 -6.233079
0.025283 0.204999 0.066457 -6.650964
0.035129 0.187546 0.051300 -6.803916
0.005426 0.219990 0.051041 -6.460942
0.021762 0.199866 0.025152 -6.667658
0.080000 0.160000 0.000000 -6.937634
0.047116 0.179998 0.007071 -6.810586
0.061416 0.175093 0.052608 -6.871246
0.119064 0.182084 0.103848 -6.773379
0.085401 0.178611 0.087806 -6.833812
0.137495 0.159276 0.135627 -6.931918
0.125862 0.152592 0.107224 -6.985961
0.136569 0.115213 0.023431 -7.114643
0.149282 0.080000 0.040000 -7.171112
0.039372 0.224998 0.124152 -6.413070
0.025830 0.239998 0.138869 -6.249731
0.112884 0.179998 0.152929 -6.807236
0.080000 0.200000 0.160000 -6.633862
0.051041 0.219990 0.154574 -6.443048
0.136569 0.115213 0.136569 -7.111318
0.044974 0.170093 0.036143 -6.922085
0.052915 0.209998 0.109435 -6.576407
0.051625 0.194969 0.131866 -6.707153
0.026457 0.204999 0.094717 -6.646927
0.006204 0.219935 0.110890 -6.474505
0.154335 0.140376 0.109569 -7.032121
0.160000 0.080000 0.080000 -7.158490
0.160000 0.120000 0.080000 -7.077200
0.155486 0.107118 0.106492 -7.108800
0.092789 0.171144 0.055656 -6.865324
0.070160 0.154273 0.043983 -7.014016
0.112654 0.162277 0.086349 -6.929307
0.132366 0.137726 0.074891 -7.064996
0.155407 0.107095 0.053284 -7.108910
0.101492 0.144638 0.056922 -7.058178
0.119030 0.129925 0.040177 -7.100842
0.066079 0.135615 0.032315 -7.141066
0.090746 0.132319 0.028461 -7.127040
0.080000 0.120000 0.000000 -7.170624
0.110829 0.109718 0.033628 -7.156160
0.106492 0.107118 0.004514 -7.166538
0.120000 0.080000 0.010718 -7.205636
0.073452 0.187318 0.121145 -6.785138
0.091075 0.174397 0.111837 -6.861397
0.103911 0.159842 0.129221 -6.948347
0.092142 0.177569 0.132640 -6.837534
0.047874 0.185093 0.087325 -6.818366
0.042833 0.160187 0.065215 -6.988434
0.000000 0.200000 0.080000 -6.685527
0.030611 0.176182 0.072837 -6.888889
0.005703 0.179940 0.050335 -6.860846
0.022505 0.159276 0.024373 -7.004179
0.049328 0.140264 0.006113 -7.122876
0.080000 0.080000 0.000000 -7.252812
0.067111 0.153242 0.077999 -7.018908
0.091389 0.146296 0.090783 -7.049384
0.097779 0.155004 0.106318 -6.986391
0.071788 0.157967 0.099765 -6.982575
0.110672 0.140264 0.153887 -7.071243
0.102672 0.133862 0.124791 -7.104208
0.123707 0.125200 0.118512 -7.102372
0.110845 0.135188 0.100454 -7.093425
0.117300 0.080000 0.045149 -7.208838
0.128841 0.080000 0.068561 -7.195239
0.128637 0.107356 0.110449 -7.139990
0.149282 0.080000 0.120000 -7.171154
0.129494 0.080000 0.093980 -7.194481
0.038669 0.184751 0.123493 -6.811459
0.025152 0.199866 0.138238 -6.648243
0.080000 0.160000 0.160000 -6.957816
0.050335 0.179940 0.154297 -6.826096
0.110894 0.093797 0.131844 -7.188445
0.106716 0.107095 0.155407 -7.162946
0.120000 0.080000 0.149282 -7.205709
0.041413 0.138912 0.036170 -7.133144
0.050687 0.137593 0.073805 -7.132396
0.052186 0.169637 0.108747 -6.915768
0.051309 0.155007 0.131541 -7.010575
0.026093 0.164819 0.094374 -6.964333
0.007071 0.179998 0.112884 -6.862339
0.130930 0.108863 0.084436 -7.134212
0.077427 0.134337 0.066677 -7.134540
0.103278 0.129308 0.076763 -7.117544
0.115166 0.112319 0.062742 -7.145783
0.060320 0.118547 0.047966 -7.193009
0.053284 0.107095 0.004593 -7.229345
0.087743 0.115433 0.055354 -7.169781
0.079134 0.106159 0.029932 -7.200766
0.094818 0.080000 0.034497 -7.235352
0.067522 0.080000 0.031403 -7.267548
0.073678 0.145000 0.125670 -7.064437
0.046725 0.147409 0.092857 -7.067696
0.080000 0.120000 0.160000 -7.160857
0.028176 0.138985 0.062118 -7.137516
0.000000 0.160000 0.080000 -7.012898
0.005665 0.140376 0.050431 -7.142635
0.023431 0.115213 0.023431 -7.243441
0.040000 0.080000 0.010718 -7.300001
0.067356 0.129999 0.091340 -7.154729
0.085014 0.131931 0.108065 -7.129469
0.088063 0.116931 0.133912 -7.160987
0.101787 0.107594 0.114406 -7.169693
0.111941 0.080000 0.087971 -7.215183
0.099451 0.080000 0.066903 -7.229904
0.113282 0.080000 0.114845 -7.213615
0.092729 0.080000 0.128358 -7.237866
0.073454 0.100000 0.143034 -7.217768
0.024373 0.159276 0.137495 -6.997304
0.050431 0.140376 0.154335 -7.105382
0.080000 0.080000 0.160000 -7.252898
0.061155 0.114811 0.081705 -7.199110
0.032417 0.112833 0.050737 -7.237617
0.035870 0.122390 0.082650 -7.208609
0.036210 0.133312 0.115977 -7.164523
0.006113 0.140264 0.110672 -7.136565
0.083404 0.105000 0.079121 -7.198110
0.058217 0.099304 0.062658 -7.239367
0.044420 0.080000 0.048264 -7.294807
0.074320 0.080000 0.063133 -7.259546
0.060432 0.118558 0.123413 -7.188253
0.053508 0.107118 0.155486 -7.221776
0.004514 0.107118 0.053508 -7.282226
0.000000 0.120000 0.080000 -7.254282
0.010718 0.080000 0.040000 -7.321094
0.072254 0.099279 0.109639 -7.222885
0.084076 0.080000 0.095865 -7.248056
0.066907 0.080000 0.126067 -7.268323
0.055932 0.096913 0.084140 -7.246926
0.023431 0.115213 0.136569 -7.236534
0.004593 0.107095 0.106716 -7.278945
0.040000 0.080000 0.149282 -7.298170
0.041682 0.098997 0.099396 -7.258035
0.030356 0.080000 0.069529 -7.306635
0.018605 0.105481 0.095814 -7.268027
0.055564 0.080000 0.077991 -7.281678
0.042609 0.080000 0.115900 -7.296979
0.000000 0.080000 0.080000 -7.327813
0.054712 0.080000 0.102679 -7.282694
0.010718 0.080000 0.120000 -7.319422
0.031255 0.080000 0.094631 -7.305476
