0.128841 0.880000 0.068561 -6.793356
0.149282 0.880000 0.040000 -6.766769
0.160000 0.880000 0.080000 -6.786236
0.111941 0.880000 0.087971 -6.811108
0.117300 0.880000 0.045149 -6.776710
0.099451 0.880000 0.066903 -6.804133
0.094818 0.880000 0.034497 -6.782060
0.120000 0.880000 0.010718 -6.762245
0.122625 0.864632 0.074577 -6.788686
0.080000 0.880000 0.000000 -6.778479
0.113282 0.880000 0.114845 -6.821949
0.129494 0.880000 0.093980 -6.807930
0.149282 0.880000 0.120000 -6.811403
0.120000 0.880000 0.149282 -6.835439
0.067522 0.880000 0.031403 -6.819516
0.155820 0.852604 0.105520 -6.767076
0.105520 0.852604 0.004180 -6.736470
0.044420 0.880000 0.048264 -6.846920
0.010718 0.880000 0.040000 -6.859076
0.040000 0.880000 0.010718 -6.833070
0.135913 0.843702 0.022784 -6.709903
0.155325 0.852636 0.053053 -6.740726
0.139053 0.846731 0.088280 -6.745610
0.160000 0.840000 0.080000 -6.714946
0.109628 0.863141 0.131754 -6.821334
0.084076 0.880000 0.095865 -6.831865
0.092729 0.880000 0.128358 -6.844798
0.074320 0.880000 0.063133 -6.819184
0.093214 0.858060 0.084898 -6.795950
0.113571 0.850037 0.101739 -6.773543
0.066907 0.880000 0.126067 -6.892163
0.080000 0.880000 0.160000 -6.876976
0.053053 0.852636 0.004675 -6.765411
0.096770 0.853001 0.039875 -6.751617
0.120264 0.824279 0.041718 -6.638324
0.117867 0.836639 0.074325 -6.710272
0.080000 0.840000 0.000000 -6.702566
0.097935 0.850131 0.117951 -6.797956
0.131568 0.846055 0.114029 -6.762681
0.137216 0.843702 0.135913 -6.766949
0.105890 0.841972 0.132170 -6.778850
0.106947 0.852636 0.155325 -6.817569
0.047630 0.853785 0.035235 -6.787386
0.109188 0.825405 0.116586 -6.696319
0.072009 0.841403 0.059263 -6.749273
0.055564 0.880000 0.077991 -6.850767
0.054712 0.880000 0.102679 -6.879953
0.042208 0.854935 0.065795 -6.810545
0.030356 0.880000 0.069529 -6.861275
0.031255 0.880000 0.094631 -6.880500
0.129418 0.818627 0.099071 -6.634082
0.154504 0.819476 0.109141 -6.638390
0.153770 0.819477 0.049048 -6.612508
0.109141 0.819476 0.005496 -6.607023
0.160000 0.800000 0.080000 -6.508560
0.000000 0.880000 0.080000 -6.881142
0.004180 0.852604 0.054480 -6.807264
0.023852 0.837205 0.058327 -6.739141
0.022784 0.843702 0.024087 -6.750562
0.135151 0.800524 0.022049 -6.498429
0.138440 0.820066 0.073925 -6.623168
0.124088 0.804868 0.045866 -6.526618
0.104332 0.817779 0.089001 -6.636330
0.088030 0.830069 0.075124 -6.702606
0.075045 0.850066 0.129078 -6.842420
0.070538 0.860131 0.103429 -6.846892
0.064286 0.847598 0.084987 -6.810879
0.086365 0.840262 0.104179 -6.768775
0.042609 0.880000 0.115900 -6.906883
0.040000 0.880000 0.149282 -6.931692
0.010718 0.880000 0.120000 -6.914740
0.049566 0.846884 0.133147 -6.877688
0.054480 0.852604 0.155820 -6.883196
0.080000 0.840000 0.160000 -6.805002
0.117316 0.790259 0.094406 -6.455283
0.101774 0.804868 0.024090 -6.523305
0.049048 0.819477 0.006230 -6.605104
0.078199 0.820708 0.031834 -6.617239
0.096730 0.815388 0.058275 -6.608619
0.080000 0.800000 0.000000 -6.481943
0.083182 0.820131 0.132090 -6.709036
0.137951 0.800524 0.135151 -6.540322
0.096956 0.801454 0.111984 -6.563889
0.110952 0.819477 0.153770 -6.684484
0.047905 0.820393 0.040275 -6.627398
0.075979 0.815261 0.110747 -6.676007
0.062803 0.821496 0.072463 -6.682971
0.039996 0.829870 0.083327 -6.750278
0.038341 0.852336 0.106773 -6.863794
0.019171 0.846168 0.093387 -6.831665
0.004675 0.852636 0.106947 -6.869348
0.094406 0.790259 0.042684 -6.436966
0.154631 0.779995 0.108812 -6.374661
0.135972 0.765130 0.101612 -6.248301
0.134966 0.785130 0.070419 -6.392899
0.118289 0.775130 0.047223 -6.313934
0.152616 0.780000 0.046431 -6.353068
0.108812 0.779995 0.005369 -6.348443
0.160000 0.760000 0.080000 -6.192559
0.000000 0.840000 0.080000 -6.793017
0.033268 0.813732 0.061961 -6.636395
0.005496 0.819476 0.050859 -6.660905
0.022049 0.800524 0.024849 -6.522104
0.134315 0.760086 0.021265 -6.182377
0.105861 0.790259 0.068545 -6.448503
0.080000 0.800524 0.080000 -6.546381
0.107986 0.762700 0.090806 -6.238123
0.088478 0.780862 0.095992 -6.409464
0.045427 0.824673 0.118915 -6.788188
0.024087 0.843702 0.137216 -6.871514
0.046431 0.780000 0.007384 -6.370156
0.101612 0.765130 0.024028 -6.226657
0.116308 0.750007 0.063216 -6.097539
0.112563 0.745004 0.034293 -6.036754
0.065594 0.790259 0.117316 -6.526395
0.058226 0.804868 0.135910 -6.663277
0.050859 0.819476 0.154504 -6.762707
0.080000 0.800000 0.160000 -6.588433
0.112777 0.775130 0.118289 -6.353490
0.113569 0.780000 0.152616 -6.403428
0.125707 0.745004 0.112563 -6.070479
0.138735 0.760086 0.134315 -6.218369
0.070419 0.785130 0.025034 -6.395525
0.068545 0.790259 0.054139 -6.463877
0.080000 0.760000 0.000000 -6.190964
0.047223 0.775130 0.041711 -6.361134
0.089581 0.785130 0.134966 -6.458116
0.096784 0.750007 0.116308 -6.142807
0.042684 0.790259 0.065594 -6.504639
0.051845 0.802730 0.089224 -6.612912
0.065922 0.781499 0.084612 -6.440352
0.023690 0.804935 0.098448 -6.675420
0.006230 0.819477 0.110952 -6.765871
0.090806 0.762700 0.052014 -6.227190
0.154629 0.740000 0.108818 -6.010423
0.135469 0.745004 0.086017 -6.052028
0.152616 0.740000 0.046431 -5.993760
0.108818 0.740000 0.005371 -5.989982
0.160000 0.720000 0.080000 -5.789617
0.000000 0.800000 0.080000 -6.621591
0.005369 0.779995 0.051188 -6.440357
0.021265 0.760086 0.025685 -6.257223
0.134176 0.720014 0.021136 -5.778418
0.123764 0.725004 0.052357 -5.837211
0.112650 0.736353 0.092608 -5.982451
0.080000 0.760269 0.080000 -6.240124
0.098154 0.735011 0.071608 -5.964374
0.088392 0.735011 0.098154 -5.998575
0.069194 0.762700 0.107986 -6.290313
0.036489 0.785130 0.115442 -6.537154
0.024849 0.800524 0.137951 -6.666112
0.046431 0.740000 0.007384 -6.044477
0.086017 0.745004 0.024531 -6.045068
0.092608 0.736353 0.047350 -5.962594
0.101614 0.725004 0.024028 -5.832009
0.094409 0.710007 0.042685 -5.677711
0.080000 0.720000 0.000000 -5.780371
0.058388 0.765130 0.135972 -6.320664
0.051188 0.779995 0.154631 -6.460727
0.080000 0.760000 0.160000 -6.245323
0.135972 0.725004 0.101614 -5.854607
0.117315 0.710007 0.094409 -5.696407
0.107643 0.725004 0.123764 -5.881519
0.113569 0.740000 0.152616 -6.042631
0.138864 0.720014 0.134176 -5.823052
0.024028 0.765130 0.058388 -6.334935
0.052014 0.762700 0.069194 -6.302667
0.063216 0.750007 0.043692 -6.143914
0.034293 0.745004 0.047437 -6.142685
0.052357 0.725004 0.036236 -5.892178
0.073983 0.745004 0.135469 -6.115814
0.067392 0.736353 0.112650 -6.047290
0.043692 0.750007 0.096784 -6.226864
0.030258 0.775130 0.086915 -6.454888
0.007384 0.780000 0.113569 -6.519181
0.071608 0.735011 0.061846 -5.987034
0.061846 0.735011 0.088392 -6.040456
0.154629 0.700000 0.108818 -5.581293
0.135972 0.685004 0.101614 -5.410606
0.134966 0.705004 0.070420 -5.624058
0.118290 0.695004 0.047224 -5.511432
0.152616 0.700000 0.046431 -5.565848
0.108818 0.700000 0.005371 -5.556033
0.160000 0.680000 0.080000 -5.344947
0.000000 0.760000 0.080000 -6.341262
0.005371 0.740000 0.051182 -6.126205
0.021136 0.720014 0.025824 -5.868724
0.134152 0.680002 0.021114 -5.338912
0.068547 0.710007 0.054138 -5.698411
0.105862 0.710007 0.068547 -5.688066
0.080000 0.720014 0.080000 -5.826684
0.091453 0.710007 0.105862 -5.717432
0.047437 0.745004 0.125707 -6.152171
0.025685 0.760086 0.138735 -6.305650
0.047224 0.695004 0.041710 -5.543743
0.046431 0.700000 0.007384 -5.589580
0.070420 0.705004 0.025034 -5.627959
0.101614 0.685004 0.024028 -5.391459
0.090807 0.682505 0.052014 -5.378103
0.112563 0.665000 0.034293 -5.167964
0.116308 0.670000 0.063216 -5.238248
0.107986 0.682505 0.090807 -5.380459
0.080000 0.680000 0.000000 -5.333792
0.051182 0.740000 0.154629 -6.078520
0.080000 0.720000 0.160000 -5.841315
0.089580 0.705004 0.134966 -5.662294
0.112776 0.695004 0.118290 -5.539993
0.113569 0.700000 0.152616 -5.606637
0.138886 0.680002 0.134152 -5.374051
0.096784 0.670000 0.116308 -5.244473
0.125707 0.665000 0.112563 -5.191762
0.024531 0.745004 0.073983 -6.184649
0.047350 0.736353 0.067392 -6.058506
0.024028 0.725004 0.058386 -5.961589
0.042685 0.710007 0.065591 -5.757129
0.058386 0.725004 0.135972 -5.917820
0.065591 0.710007 0.117315 -5.739922
0.036236 0.725004 0.107643 -5.948841
0.007384 0.740000 0.113569 -6.136697
0.054138 0.710007 0.091453 -5.752137
0.154629 0.660000 0.108818 -5.132988
0.135469 0.665000 0.086017 -5.183493
0.135972 0.645000 0.101614 -4.968979
0.152616 0.660000 0.046431 -5.121001
0.123764 0.645000 0.052357 -4.949776
0.108818 0.660000 0.005371 -5.096108
0.160000 0.640000 0.080000 -4.909824
0.098154 0.655000 0.071608 -5.066665
0.063216 0.670000 0.043692 -5.224198
0.052014 0.682505 0.069193 -5.391571
0.000000 0.720000 0.080000 -5.905621
0.024028 0.685004 0.058386 -5.463388
0.005371 0.700000 0.051182 -5.668571
0.034293 0.665000 0.047437 -5.188816
0.021114 0.680002 0.025848 -5.374037
0.134149 0.640000 0.021111 -4.876901
0.080000 0.680007 0.080000 -5.348107
0.069193 0.682505 0.107986 -5.389840
0.025824 0.720014 0.138864 -5.880121
0.046431 0.660000 0.007384 -5.118375
0.086017 0.665000 0.024531 -5.159321
0.092608 0.656253 0.047350 -5.068918
0.101614 0.645000 0.024028 -4.925292
0.112650 0.656253 0.092608 -5.085877
0.080000 0.640000 0.000000 -4.852742
0.094409 0.630000 0.042685 -4.759412
0.105862 0.630000 0.068547 -4.785214
0.058386 0.685004 0.135972 -5.441456
0.051182 0.700000 0.154629 -5.625543
0.073983 0.665000 0.135469 -5.197741
0.080000 0.680000 0.160000 -5.380988
0.113569 0.660000 0.152616 -5.138894
0.138889 0.640000 0.134149 -4.909483
0.074016 0.656562 0.105664 -5.087085
0.107311 0.647500 0.120768 -4.987358
0.118615 0.623998 0.101307 -4.734300
0.117837 0.625000 0.125228 -4.738502
0.080000 0.640000 0.080000 -4.889354
0.025034 0.705004 0.089580 -5.699422
0.041710 0.695004 0.112776 -5.564469
0.007384 0.700000 0.113569 -5.621475
0.043692 0.670000 0.096784 -5.245877
0.154629 0.620000 0.108818 -4.695125
0.134966 0.625000 0.070420 -4.742958
0.152616 0.620000 0.046431 -4.678792
0.118290 0.615000 0.047224 -4.609534
0.101614 0.605000 0.024028 -4.479977
0.108818 0.620000 0.005371 -4.633285
0.160000 0.600000 0.080000 -4.485861
0.052357 0.645000 0.036236 -4.925482
0.066178 0.642500 0.058118 -4.898211
0.047350 0.656253 0.067392 -5.069590
0.024531 0.665000 0.073983 -5.195827
0.000000 0.680000 0.080000 -5.390858
0.024028 0.645000 0.058386 -4.942281
0.005371 0.660000 0.051182 -5.139219
0.021111 0.640000 0.025851 -4.891394
0.046431 0.620000 0.007384 -4.638367
0.134148 0.600000 0.021110 -4.451382
0.051247 0.643125 0.095019 -4.925921
0.047437 0.665000 0.125707 -5.193406
0.025848 0.680002 0.138886 -5.377401
0.070420 0.625000 0.025034 -4.678175
0.042685 0.630000 0.065591 -4.762363
0.096091 0.622500 0.089942 -4.704746
0.073212 0.616250 0.055939 -4.606567
0.080000 0.600000 0.000000 -4.424220
0.092086 0.601250 0.048070 -4.454786
0.088076 0.583125 0.030310 -4.274972
0.112083 0.605263 0.095144 -4.531772
0.116308 0.590000 0.063216 -4.369160
0.135469 0.585000 0.086017 -4.338077
0.085384 0.637500 0.125888 -4.867373
0.058386 0.645000 0.135972 -4.956553
0.051182 0.660000 0.154629 -5.146333
0.080000 0.640000 0.160000 -4.899262
0.113569 0.620000 0.152616 -4.674027
0.116489 0.604042 0.121328 -4.516411
0.134139 0.597986 0.103558 -4.465683
0.138890 0.600000 0.134148 -4.479689
0.065591 0.630000 0.117315 -4.769857
0.095357 0.609427 0.117708 -4.558012
0.058802 0.616250 0.093254 -4.618735
0.007384 0.660000 0.113569 -5.114229
0.029315 0.651562 0.104294 -5.020944
0.154629 0.580000 0.108818 -4.290769
0.152616 0.580000 0.046431 -4.289295
0.125228 0.575000 0.042163 -4.237547
0.108818 0.580000 0.005371 -4.252249
0.160000 0.560000 0.080000 -4.128987
0.047224 0.615000 0.041710 -4.581076
0.025034 0.625000 0.089580 -4.714481
0.000000 0.640000 0.080000 -4.874065
0.046431 0.580000 0.007384 -4.202698
0.024028 0.605000 0.058386 -4.481838
0.005371 0.620000 0.051182 -4.641203
0.021110 0.600000 0.025852 -4.413357
0.134148 0.560000 0.021110 -4.115850
0.036487 0.625000 0.115442 -4.709479
0.025851 0.640000 0.138889 -4.883895
0.063216 0.590000 0.043692 -4.317106
0.052014 0.602500 0.069193 -4.465273
0.082592 0.591869 0.082393 -4.376133
0.103205 0.576517 0.075604 -4.246388
0.099290 0.556250 0.029412 -4.072849
0.080000 0.560000 0.000000 -4.065028
0.074539 0.561250 0.036591 -4.091604
0.089762 0.572500 0.053454 -4.197449
0.112665 0.580145 0.107559 -4.286602
0.131088 0.563834 0.097314 -4.150702
0.138758 0.538498 0.081444 -3.962453
0.116548 0.553712 0.066980 -4.069597
0.072795 0.615000 0.138657 -4.593675
0.051182 0.620000 0.154629 -4.641685
0.107402 0.549755 0.094174 -4.028397
0.087630 0.575172 0.118611 -4.222453
0.080000 0.600000 0.160000 -4.447801
0.113569 0.580000 0.152616 -4.271135
0.138890 0.560000 0.134148 -4.106158
0.061357 0.598750 0.122918 -4.417708
0.066042 0.582500 0.107469 -4.273328
0.043692 0.590000 0.096784 -4.355145
0.007384 0.620000 0.113569 -4.651617
0.154629 0.540000 0.108818 -3.966678
0.152616 0.540000 0.046431 -3.981991
0.112563 0.530000 0.034293 -3.903930
0.108818 0.540000 0.005371 -3.955148
0.160000 0.520000 0.080000 -3.850164
0.036359 0.582500 0.043849 -4.236404
0.049787 0.566250 0.043770 -4.103020
0.051608 0.565000 0.061846 -4.109290
0.024531 0.585000 0.073983 -4.291730
0.000000 0.600000 0.080000 -4.436992
0.046431 0.540000 0.007384 -3.879060
0.021110 0.560000 0.025852 -4.022930
0.005371 0.580000 0.051182 -4.219936
0.134148 0.520000 0.021110 -3.852748
0.080000 0.520000 0.000000 -3.809945
0.121204 0.505000 0.041393 -3.788278
0.025852 0.600000 0.138890 -4.424934
0.058825 0.573750 0.084658 -4.192733
0.074196 0.557500 0.109077 -4.057474
0.080854 0.556320 0.080177 -4.065408
0.080000 0.540000 0.040000 -3.950163
0.036359 0.542500 0.043849 -3.911091
0.083446 0.497500 0.025246 -3.728156
0.065278 0.515000 0.026463 -3.759388
0.065278 0.535000 0.066463 -3.886371
0.094409 0.500000 0.042685 -3.753664
0.090793 0.527500 0.064839 -3.870238
0.112313 0.546983 0.120445 -3.998073
0.123397 0.534518 0.096678 -3.923067
0.117451 0.517307 0.069203 -3.826938
0.132698 0.512520 0.093590 -3.798108
0.097617 0.527532 0.091766 -3.866965
0.057122 0.567500 0.128522 -4.126302
0.051182 0.580000 0.154629 -4.235564
0.080000 0.540000 0.120000 -3.924461
0.080000 0.560000 0.160000 -4.077501
0.113569 0.540000 0.152616 -3.935660
0.138890 0.520000 0.134148 -3.814611
0.132284 0.497500 0.071015 -3.759975
0.041540 0.562500 0.110476 -4.076552
0.007384 0.580000 0.113569 -4.242739
0.154629 0.500000 0.108818 -3.745177
0.152616 0.500000 0.046431 -3.781998
0.108818 0.500000 0.005371 -3.757519
0.160000 0.480000 0.080000 -3.727135
0.025804 0.562500 0.070923 -4.092779
0.040000 0.540000 0.080000 -3.903816
0.000000 0.560000 0.080000 -4.064123
0.046431 0.500000 0.007384 -3.654733
0.021110 0.520000 0.025852 -3.729428
0.005371 0.540000 0.051182 -3.885088
0.129845 0.480000 0.048493 -3.738749
0.134148 0.480000 0.021110 -3.738997
0.101614 0.480000 0.024028 -3.712261
0.080000 0.480000 0.000000 -3.672432
0.065553 0.482347 0.026313 -3.634304
0.095424 0.482500 0.062629 -3.707123
0.031115 0.522500 0.062221 -3.769359
0.098017 0.523750 0.128821 -3.825975
0.025852 0.560000 0.138890 -4.025452
0.060000 0.540000 0.100000 -3.888036
0.047392 0.538965 0.121272 -3.856035
0.070000 0.520000 0.090000 -3.776246
0.051669 0.510161 0.053202 -3.712279
0.072292 0.482867 0.045536 -3.664492
0.049806 0.483313 0.037153 -3.596009
0.035915 0.499317 0.045301 -3.627895
0.051483 0.511581 0.081360 -3.704444
0.080575 0.500328 0.079161 -3.728951
0.106120 0.508446 0.108741 -3.766708
0.112877 0.490000 0.085145 -3.728133
0.125883 0.485000 0.109646 -3.705685
0.081340 0.511727 0.108757 -3.757514
0.062685 0.520312 0.127757 -3.747425
0.051182 0.540000 0.154629 -3.870652
0.080000 0.520000 0.160000 -3.782025
0.113569 0.500000 0.152616 -3.714996
0.111507 0.480000 0.129845 -3.685916
0.138890 0.480000 0.134148 -3.692281
0.136438 0.465000 0.082572 -3.716902
0.032436 0.524814 0.099372 -3.755344
0.007384 0.540000 0.113569 -3.860700
0.154629 0.460000 0.108818 -3.716013
0.132405 0.447500 0.059457 -3.742133
0.152616 0.460000 0.046431 -3.738591
0.108818 0.460000 0.005371 -3.705237
0.160000 0.440000 0.080000 -3.762786
0.134148 0.440000 0.021110 -3.771461
0.000000 0.520000 0.080000 -3.728098
0.102802 0.442031 0.026773 -3.733715
0.046431 0.460000 0.007384 -3.579966
0.080000 0.440000 0.000000 -3.701201
0.064314 0.450787 0.026411 -3.619090
0.021110 0.480000 0.025852 -3.545907
0.005371 0.500000 0.051182 -3.592245
0.027173 0.478377 0.053739 -3.531875
0.050397 0.459826 0.052791 -3.575898
0.107074 0.460000 0.050555 -3.703660
0.086176 0.455000 0.038509 -3.679446
0.073497 0.462500 0.067749 -3.650511
0.109445 0.460000 0.107074 -3.699423
0.096438 0.465000 0.082572 -3.686754
0.025870 0.502500 0.080593 -3.620450
0.081009 0.497701 0.131688 -3.696040
0.025852 0.520000 0.138890 -3.687275
0.051448 0.501852 0.110301 -3.636606
0.051106 0.481076 0.075459 -3.596818
0.083438 0.479745 0.103939 -3.682174
0.082387 0.456614 0.106184 -3.675628
0.051182 0.500000 0.154629 -3.638140
0.080593 0.462500 0.134130 -3.666172
0.080000 0.480000 0.160000 -3.652464
0.102041 0.446250 0.132239 -3.719687
0.113569 0.460000 0.152616 -3.691502
0.138890 0.440000 0.134148 -3.744922
0.131047 0.437701 0.107192 -3.752183
0.134579 0.420350 0.080679 -3.825531
0.112194 0.435000 0.072482 -3.747902
0.098620 0.423575 0.053020 -3.784172
0.110921 0.421673 0.124407 -3.814314
0.125298 0.407551 0.106751 -3.895435
0.007384 0.500000 0.113569 -3.587096
0.154629 0.420000 0.108818 -3.829222
0.122092 0.418207 0.048464 -3.843760
0.152616 0.420000 0.046431 -3.843916
0.108818 0.420000 0.005371 -3.834276
0.160000 0.400000 0.080000 -3.962281
0.134148 0.400000 0.021110 -3.965948
0.000000 0.480000 0.080000 -3.511966
0.110604 0.400532 0.033547 -3.954638
0.085124 0.420625 0.023090 -3.793855
0.058416 0.425312 0.028468 -3.677704
0.021110 0.440000 0.025852 -3.570091
0.046431 0.420000 0.007384 -3.696166
0.080000 0.400000 0.000000 -3.928619
0.070401 0.430625 0.049553 -3.688619
0.037886 0.425312 0.050368 -3.642157
0.005371 0.460000 0.051182 -3.506287
0.062003 0.456103 0.086992 -3.615105
0.046160 0.442348 0.072936 -3.590224
0.025870 0.462500 0.080593 -3.519409
0.044217 0.457459 0.087676 -3.561318
0.078458 0.438295 0.078703 -3.691296
0.090514 0.432500 0.111862 -3.748220
0.030882 0.472823 0.105207 -3.528088
0.056426 0.473698 0.131687 -3.595329
0.025852 0.480000 0.138890 -3.541610
0.052926 0.460000 0.109445 -3.581904
0.067743 0.445000 0.100204 -3.645029
0.064655 0.442500 0.130950 -3.651714
0.051182 0.460000 0.154629 -3.601869
0.080000 0.440000 0.160000 -3.713475
0.085257 0.416250 0.135931 -3.822325
0.113569 0.420000 0.152616 -3.821842
0.138890 0.400000 0.134148 -3.950942
0.133687 0.390893 0.072060 -4.026091
0.138878 0.391477 0.096574 -4.022752
0.089985 0.400518 0.049555 -3.919167
0.113956 0.408916 0.093187 -3.880016
0.110862 0.402656 0.075521 -3.919271
0.115693 0.391323 0.061650 -4.013319
0.116895 0.390391 0.120722 -4.020864
0.116826 0.382631 0.094484 -4.086802
0.102920 0.382636 0.054398 -4.079542
0.086758 0.410312 0.080622 -3.835455
0.096356 0.402366 0.107301 -3.913647
0.007384 0.460000 0.113569 -3.507945
0.154629 0.380000 0.108818 -4.125586
0.152616 0.380000 0.046431 -4.124332
0.130957 0.379438 0.048229 -4.126781
0.112563 0.370000 0.034293 -4.217104
0.108818 0.380000 0.005371 -4.123901
0.160000 0.360000 0.080000 -4.322986
0.134148 0.360000 0.021110 -4.319311
0.120276 0.360904 0.065355 -4.300022
0.000000 0.440000 0.080000 -3.540243
0.088132 0.375625 0.035356 -4.141937
0.055679 0.400625 0.036016 -3.829118
0.069777 0.387500 0.060151 -3.965014
0.033728 0.401250 0.048551 -3.784563
0.005371 0.420000 0.051182 -3.631871
0.021110 0.400000 0.025852 -3.799696
0.046431 0.380000 0.007384 -4.037979
0.086017 0.350000 0.024531 -4.412335
0.080000 0.360000 0.000000 -4.312338
0.046347 0.402500 0.071251 -3.775239
0.023173 0.421250 0.075625 -3.620420
0.053795 0.428361 0.093594 -3.643331
0.028510 0.445625 0.101958 -3.542721
0.071583 0.405000 0.116649 -3.845046
0.025852 0.440000 0.138890 -3.573202
0.048718 0.422500 0.127770 -3.678425
0.084184 0.382500 0.116479 -4.053468
0.051182 0.420000 0.154629 -3.711752
0.075792 0.382500 0.138325 -4.037838
0.080000 0.400000 0.160000 -3.911605
0.113569 0.380000 0.152616 -4.099646
0.138890 0.360000 0.134148 -4.301382
0.135469 0.350000 0.086017 -4.423751
0.123219 0.361307 0.109014 -4.292385
0.093516 0.380625 0.081244 -4.079464
0.096784 0.360000 0.116308 -4.284221
0.106546 0.360000 0.089762 -4.294822
0.089762 0.360000 0.053454 -4.283838
0.112350 0.342500 0.080685 -4.492373
0.060445 0.389375 0.095385 -3.912438
0.007384 0.420000 0.113569 -3.607777
0.154629 0.340000 0.108819 -4.532742
0.134196 0.322500 0.089077 -4.730752
0.152616 0.340000 0.046431 -4.532769
0.125228 0.340000 0.042163 -4.530373
0.108819 0.340000 0.005371 -4.535215
0.160000 0.320000 0.080000 -4.764110
0.134148 0.320000 0.021111 -4.761588
0.129077 0.322500 0.065804 -4.728678
0.098154 0.325000 0.051608 -4.687098
0.070238 0.360000 0.106546 -4.237997
0.049306 0.373750 0.074121 -4.030487
0.023173 0.381250 0.075625 -3.918799
0.000000 0.400000 0.080000 -3.738718
0.063216 0.360000 0.043692 -4.234797
0.035208 0.366875 0.049987 -4.118027
0.005371 0.380000 0.051182 -3.941682
0.071608 0.325000 0.041846 -4.673815
0.021110 0.360000 0.025852 -4.219454
0.046431 0.340000 0.007384 -4.495403
0.089641 0.315137 0.026118 -4.809816
0.080000 0.320000 0.000000 -4.760503
0.036099 0.401250 0.105070 -3.755188
0.055946 0.391875 0.121698 -3.888613
0.025852 0.400000 0.138890 -3.777815
0.056514 0.357500 0.131511 -4.240238
0.051182 0.380000 0.154629 -3.999867
0.117837 0.340000 0.125228 -4.515769
0.080000 0.360000 0.160000 -4.263715
0.138889 0.320000 0.134148 -4.752358
0.113569 0.340000 0.152616 -4.507836
0.123639 0.302500 0.116153 -4.962634
0.068257 0.333750 0.125755 -4.549497
0.108392 0.325000 0.098154 -4.699623
0.093047 0.336875 0.125492 -4.542040
0.080000 0.340000 0.080000 -4.491621
0.091175 0.321250 0.075342 -4.735354
0.061846 0.335000 0.108392 -4.523817
0.043692 0.360000 0.096784 -4.165393
0.007384 0.380000 0.113569 -3.915942
0.154628 0.300000 0.108822 -5.000330
0.120000 0.290000 0.080000 -5.117586
0.152616 0.300000 0.046431 -4.996123
0.116153 0.302500 0.036361 -4.969970
0.108822 0.300000 0.005372 -5.015786
0.160000 0.280000 0.080000 -5.244162
0.134152 0.280000 0.021114 -5.261977
0.098076 0.301250 0.058180 -4.986940
0.052266 0.345000 0.076991 -4.373324
0.055804 0.317500 0.060923 -4.759834
0.024531 0.350000 0.073983 -4.276688
0.028729 0.332500 0.091714 -4.502522
0.000000 0.360000 0.080000 -4.132999
0.038489 0.332500 0.046514 -4.557599
0.005371 0.340000 0.051181 -4.420215
0.080602 0.292781 0.038886 -5.101222
0.047064 0.303218 0.034720 -4.959163
0.021111 0.320000 0.025852 -4.733162
0.046431 0.300000 0.007384 -5.011000
0.063485 0.287308 0.024233 -5.180734
0.080000 0.280000 0.000000 -5.291921
0.137310 0.274999 0.094421 -5.304825
0.025852 0.360000 0.138890 -4.179009
0.034615 0.337500 0.110980 -4.441716
0.138886 0.280000 0.134152 -5.239648
0.051181 0.340000 0.154629 -4.438526
0.116537 0.276249 0.111619 -5.286721
0.107562 0.301250 0.129232 -4.975249
0.056512 0.317500 0.131510 -4.732675
0.080000 0.320000 0.160000 -4.718236
0.113569 0.300000 0.152616 -4.988329
0.101555 0.302500 0.105848 -4.967684
0.080000 0.310000 0.120000 -4.864347
0.084196 0.317500 0.099077 -4.785352
0.060000 0.310000 0.100000 -4.866473
0.080000 0.300000 0.080000 -5.007942
0.032926 0.315000 0.109445 -4.754375
0.007384 0.340000 0.113569 -4.395393
0.154620 0.259998 0.108842 -5.494396
0.100763 0.276014 0.070389 -5.316917
0.115885 0.273799 0.045301 -5.339874
0.126771 0.267500 0.072641 -5.407006
0.152616 0.260000 0.046431 -5.500521
0.079818 0.267619 0.047599 -5.439744
0.094864 0.271041 0.025643 -5.391759
0.108842 0.259998 0.005380 -5.545071
0.160000 0.240000 0.080000 -5.744171
0.134170 0.239998 0.021131 -5.769150
0.153796 0.219935 0.049110 -5.993745
0.094717 0.280000 0.113543 -5.244639
0.076567 0.281292 0.067991 -5.266909
0.052790 0.284039 0.067773 -5.241198
0.033311 0.305379 0.075994 -4.913408
0.000000 0.320000 0.080000 -4.684857
0.005372 0.300000 0.051178 -4.990865
0.029622 0.274378 0.052126 -5.374837
0.049689 0.274012 0.040407 -5.373021
0.021114 0.280000 0.025848 -5.292105
0.080000 0.240000 0.000000 -5.818188
0.046431 0.260000 0.007384 -5.570241
0.064987 0.247570 0.030621 -5.720558
0.134717 0.245000 0.093543 -5.680230
0.025852 0.320000 0.138889 -4.674888
0.138869 0.239998 0.134170 -5.736298
0.113569 0.260000 0.152616 -5.491999
0.048818 0.290000 0.124672 -5.114141
0.051178 0.300000 0.154628 -4.957511
0.080000 0.280000 0.160000 -5.233084
0.108260 0.249999 0.078825 -5.636975
0.109435 0.249999 0.107085 -5.618080
0.080148 0.274999 0.135426 -5.302526
0.070587 0.280000 0.104130 -5.266285
0.087946 0.254999 0.110901 -5.566210
0.053483 0.252524 0.057356 -5.670038
0.080000 0.260000 0.080000 -5.538712
0.080138 0.248934 0.055308 -5.682339
0.047803 0.283212 0.096628 -5.235002
0.007384 0.300000 0.113569 -4.979713
0.154574 0.219990 0.108959 -5.978154
0.106002 0.249584 0.048279 -5.658712
0.133543 0.245000 0.065283 -5.694145
0.095628 0.240573 0.030815 -5.786097
0.108260 0.229999 0.078825 -5.879570
0.120628 0.224998 0.035848 -5.951866
0.108959 0.219990 0.005426 -6.037617
0.078825 0.229999 0.051740 -5.918593
0.079413 0.214999 0.025870 -6.120574
0.134130 0.214999 0.079413 -6.045800
0.160000 0.200000 0.080000 -6.203197
0.130972 0.194818 0.065333 -6.265211
0.134848 0.199866 0.021762 -6.234513
0.152929 0.179998 0.047116 -6.410836
0.094717 0.245000 0.133543 -5.680307
0.124152 0.224998 0.120628 -5.917425
0.080000 0.219999 0.080000 -6.022196
0.049841 0.259257 0.083458 -5.574109
0.025273 0.268097 0.078780 -5.453751
0.000000 0.280000 0.080000 -5.279663
0.028897 0.240199 0.062600 -5.842861
0.005380 0.259998 0.051158 -5.579354
0.021131 0.239998 0.025830 -5.845829
0.035848 0.224998 0.039372 -6.024457
0.109665 0.179940 0.005703 -6.467423
0.080000 0.200000 0.000000 -6.295048
0.049110 0.219935 0.006204 -6.084750
0.050565 0.209998 0.052915 -6.180559
0.109122 0.213051 0.105953 -6.074280
0.134131 0.198610 0.098385 -6.224643
0.039382 0.264999 0.124161 -5.453525
0.025848 0.280000 0.138886 -5.244864
0.138238 0.199866 0.134848 -6.203932
0.110890 0.219935 0.153796 -5.984835
0.066457 0.245000 0.134717 -5.687796
0.080000 0.240000 0.160000 -5.744791
0.051158 0.259998 0.154620 -5.490863
0.048841 0.194998 0.029993 -6.358206
0.081175 0.229999 0.108260 -5.884017
0.052915 0.249999 0.109435 -5.662788
0.051740 0.229999 0.081175 -5.941122
0.033659 0.248537 0.104650 -5.692652
0.007384 0.260000 0.113569 -5.531736
0.154297 0.179940 0.109665 -6.398854
0.107085 0.209998 0.050565 -6.135155
0.100893 0.201392 0.081687 -6.227149
0.108375 0.194969 0.028134 -6.315191
0.080000 0.204999 0.060000 -6.208341
0.080000 0.189999 0.040000 -6.392124
0.120965 0.188393 0.077240 -6.337920
0.160000 0.160000 0.080000 -6.571270
0.127814 0.174638 0.051253 -6.472128
0.135627 0.159276 0.022505 -6.616541
0.153887 0.140264 0.049328 -6.729599
0.105578 0.162289 0.031313 -6.615279
0.109569 0.140376 0.005665 -6.755870
0.059041 0.219984 0.133292 -6.020690
0.094321 0.208929 0.129250 -6.128214
0.076726 0.203659 0.100572 -6.215707
0.063937 0.202546 0.083662 -6.245769
0.024509 0.233418 0.090038 -5.904083
0.000000 0.240000 0.080000 -5.825475
0.025283 0.204999 0.066457 -6.235721
0.035129 0.187546 0.051300 -6.406299
0.005426 0.219990 0.051041 -6.077998
0.021762 0.199866 0.025152 -6.301185
0.080000 0.160000 0.000000 -6.637103
0.047116 0.179998 0.007071 -6.510227
0.061416 0.175093 0.052608 -6.535050
0.119064 0.182084 0.103848 -6.396242
0.085401 0.178611 0.087806 -6.465908
0.137495 0.159276 0.135627 -6.563708
0.125862 0.152592 0.107224 -6.618167
0.136569 0.115213 0.023431 -6.854867
0.149282 0.080000 0.040000 -6.918732
0.039372 0.224998 0.124152 -5.975515
0.025830 0.239998 0.138869 -5.778686
0.112884 0.179998 0.152929 -6.417152
0.080000 0.200000 0.160000 -6.246586
0.051041 0.219990 0.154574 -6.019938
0.136569 0.115213 0.136569 -6.802960
0.044974 0.170093 0.036143 -6.583401
0.052915 0.209998 0.109435 -6.165163
0.051625 0.194969 0.131866 -6.344698
0.026457 0.204999 0.094717 -6.237824
0.006204 0.219935 0.110890 -6.061592
0.154335 0.140376 0.109569 -6.693825
0.160000 0.080000 0.080000 -6.912214
0.160000 0.120000 0.080000 -6.826432
0.155486 0.107118 0.106492 -6.848048
0.092789 0.171144 0.055656 -6.539504
0.070160 0.154273 0.043983 -6.703392
0.112654 0.162277 0.086349 -6.567843
0.132366 0.137726 0.074891 -6.736611
0.155407 0.107095 0.053284 -6.883388
0.101492 0.144638 0.056922 -6.719819
0.119030 0.129925 0.040177 -6.798208
0.066079 0.135615 0.032315 -6.810443
0.090746 0.132319 0.028461 -6.803131
0.080000 0.120000 0.000000 -6.860818
0.110829 0.109718 0.033628 -6.877248
0.106492 0.107118 0.004514 -6.885684
0.120000 0.080000 0.010718 -6.915250
0.073452 0.187318 0.121145 -6.401670
0.091075 0.174397 0.111837 -6.495897
0.103911 0.159842 0.129221 -6.591114
0.092142 0.177569 0.132640 -6.465712
0.047874 0.185093 0.087325 -6.436069
0.042833 0.160187 0.065215 -6.650019
0.000000 0.200000 0.080000 -6.288554
0.030611 0.176182 0.072837 -6.510106
0.005703 0.179940 0.050335 -6.477257
0.022505 0.159276 0.024373 -6.666489
0.049328 0.140264 0.006113 -6.793115
0.080000 0.080000 0.000000 -6.931696
0.067111 0.153242 0.077999 -6.692954
0.091389 0.146296 0.090783 -6.698699
0.097779 0.155004 0.106318 -6.632884
0.071788 0.157967 0.099765 -6.651203
0.110672 0.140264 0.153887 -6.721212
0.102672 0.133862 0.124791 -6.755298
0.123707 0.125200 0.118512 -6.771643
0.110845 0.135188 0.100454 -6.742888
0.117300 0.080000 0.045149 -6.919256
0.128841 0.080000 0.068561 -6.918822
0.128637 0.107356 0.110449 -6.843694
0.149282 0.080000 0.120000 -6.877648
0.129494 0.080000 0.093980 -6.899583
0.038669 0.184751 0.123493 -6.464919
0.025152 0.199866 0.138238 -6.290756
0.080000 0.160000 0.160000 -6.635529
0.050335 0.179940 0.154297 -6.508910
0.110894 0.093797 0.131844 -6.876990
0.106716 0.107095 0.155407 -6.867371
0.120000 0.080000 0.149282 -6.883012
0.041413 0.138912 0.036170 -6.808512
0.050687 0.137593 0.073805 -6.820702
0.052186 0.169637 0.108747 -6.596650
0.051309 0.155007 0.131541 -6.735992
0.026093 0.164819 0.094374 -6.638388
0.007071 0.179998 0.112884 -6.515603
0.130930 0.108863 0.084436 -6.865107
0.077427 0.134337 0.066677 -6.795689
0.103278 0.129308 0.076763 -6.792129
0.115166 0.112319 0.062742 -6.865644
0.060320 0.118547 0.047966 -6.895801
0.053284 0.107095 0.004593 -6.924768
0.087743 0.115433 0.055354 -6.867677
0.079134 0.106159 0.029932 -6.905226
0.094818 0.080000 0.034497 -6.925813
0.067522 0.080000 0.031403 -6.953097
0.073678 0.145000 0.125670 -6.748590
0.046725 0.147409 0.092857 -6.764349
0.080000 0.120000 0.160000 -6.860328
0.028176 0.138985 0.062118 -6.819734
0.000000 0.160000 0.080000 -6.666794
0.005665 0.140376 0.050431 -6.802303
0.023431 0.115213 0.023431 -6.926203
0.040000 0.080000 0.010718 -6.973210
0.067356 0.129999 0.091340 -6.832944
0.085014 0.131931 0.108065 -6.788218
0.088063 0.116931 0.133912 -6.856491
0.101787 0.107594 0.114406 -6.862123
0.111941 0.080000 0.087971 -6.907118
0.099451 0.080000 0.066903 -6.917861
0.113282 0.080000 0.114845 -6.888945
0.092729 0.080000 0.128358 -6.916197
0.073454 0.100000 0.143034 -6.944783
0.024373 0.159276 0.137495 -6.717271
0.050431 0.140376 0.154335 -6.819137
0.080000 0.080000 0.160000 -6.946430
0.061155 0.114811 0.081705 -6.917162
0.032417 0.112833 0.050737 -6.948283
0.035870 0.122390 0.082650 -6.936363
0.036210 0.133312 0.115977 -6.890017
0.006113 0.140264 0.110672 -6.857095
0.083404 0.105000 0.079121 -6.896923
0.058217 0.099304 0.062658 -6.961683
0.044420 0.080000 0.048264 -6.988116
0.074320 0.080000 0.063133 -6.947038
0.060432 0.118558 0.123413 -6.921172
0.053508 0.107118 0.155486 -6.964925
0.004514 0.107118 0.053508 -6.980358
0.000000 0.120000 0.080000 -6.951936
0.010718 0.080000 0.040000 -7.009744
0.072254 0.099279 0.109639 -6.942741
0.084076 0.080000 0.095865 -6.929459
0.066907 0.080000 0.126067 -6.991261
0.055932 0.096913 0.084140 -6.983100
0.023431 0.115213 0.136569 -6.980137
0.004593 0.107095 0.106716 -7.024974
0.040000 0.080000 0.149282 -7.029092
0.041682 0.098997 0.099396 -7.022129
0.030356 0.080000 0.069529 -7.020910
0.018605 0.105481 0.095814 -7.027281
0.055564 0.080000 0.077991 -6.997137
0.042609 0.080000 0.115900 -7.041210
0.000000 0.080000 0.080000 -7.053160
0.054712 0.080000 0.102679 -7.014800
0.010718 0.080000 0.120000 -7.062849
0.031255 0.080000 0.094631 -7.049336
