0.000000 0.000000 0.000000 2.485339
0.000000 0.000000 0.060000 2.491932
0.000000 0.000000 0.120000 2.480613
0.000000 0.000000 0.180000 2.486829
0.000000 0.000000 0.240000 2.481184
0.000000 0.000000 0.300000 2.475933
0.066667 0.000000 0.000000 2.485801
0.000000 0.066667 0.000000 2.486589
0.066667 0.000000 0.060000 2.471661
0.066667 0.000000 0.120000 2.463030
0.000000 0.066667 0.060000 2.494481
0.066667 0.000000 0.180000 2.470404
0.000000 0.066667 0.120000 2.486913
0.066667 0.000000 0.240000 2.466898
0.000000 0.066667 0.180000 2.490848
0.066667 0.000000 0.300000 2.467062
0.000000 0.066667 0.240000 2.482021
0.000000 0.066667 0.300000 2.477249
0.133333 0.000000 0.000000 2.452545
0.066667 0.066667 0.000000 2.488041
0.133333 0.000000 0.060000 2.450863
0.000000 0.133333 0.000000 2.488186
0.066667 0.066667 0.060000 2.472422
0.133333 0.000000 0.120000 2.441865
0.133333 0.000000 0.180000 2.445096
0.066667 0.066667 0.120000 2.463701
0.000000 0.133333 0.060000 2.497012
0.133333 0.000000 0.240000 2.436116
0.066667 0.066667 0.180000 2.466469
0.000000 0.133333 0.120000 2.491806
0.133333 0.000000 0.300000 2.436477
0.066667 0.066667 0.240000 2.463237
0.000000 0.133333 0.180000 2.493214
0.066667 0.066667 0.300000 2.464884
0.000000 0.133333 0.240000 2.478406
0.000000 0.133333 0.300000 2.467520
0.200000 0.000000 0.000000 2.374023
0.133333 0.066667 0.000000 2.455842
0.200000 0.000000 0.060000 2.380444
0.066667 0.133333 0.000000 2.487817
0.133333 0.066667 0.060000 2.447844
0.200000 0.000000 0.120000 2.368916
0.000000 0.200000 0.000000 2.483966
0.066667 0.133333 0.060000 2.482249
0.133333 0.066667 0.120000 2.440568
0.200000 0.000000 0.180000 2.367351
0.200000 0.000000 0.240000 2.356593
0.133333 0.066667 0.180000 2.444527
0.066667 0.133333 0.120000 2.481683
0.000000 0.200000 0.060000 2.490244
0.200000 0.000000 0.300000 2.352446
0.133333 0.066667 0.240000 2.436349
0.066667 0.133333 0.180000 2.481865
0.000000 0.200000 0.120000 2.480380
0.133333 0.066667 0.300000 2.439225
0.066667 0.133333 0.240000 2.467091
0.000000 0.200000 0.180000 2.473062
0.066667 0.133333 0.300000 2.464578
0.000000 0.200000 0.240000 2.460308
0.000000 0.200000 0.300000 2.454670
0.266667 0.000000 0.000000 2.374023
0.266667 0.000000 0.060000 2.380444
0.200000 0.066667 0.000000 2.386776
0.133333 0.133333 0.000000 2.460216
0.200000 0.066667 0.060000 2.388059
0.266667 0.000000 0.120000 2.368916
0.066667 0.200000 0.000000 2.482882
0.133333 0.133333 0.060000 2.460255
0.200000 0.066667 0.120000 2.381121
0.266667 0.000000 0.180000 2.367351
0.000000 0.266667 0.000000 2.483966
0.066667 0.200000 0.060000 2.481869
0.133333 0.133333 0.120000 2.459480
0.200000 0.066667 0.180000 2.381282
0.266667 0.000000 0.240000 2.356593
0.266667 0.000000 0.300000 2.352446
0.200000 0.066667 0.240000 2.368478
0.133333 0.133333 0.180000 2.458602
0.066667 0.200000 0.120000 2.480891
0.000000 0.266667 0.060000 2.490244
0.200000 0.066667 0.300000 2.366111
0.133333 0.133333 0.240000 2.440095
0.066667 0.200000 0.180000 2.474267
0.000000 0.266667 0.120000 2.480380
0.133333 0.133333 0.300000 2.441774
0.066667 0.200000 0.240000 2.456935
0.000000 0.266667 0.180000 2.473062
0.066667 0.200000 0.300000 2.457989
0.000000 0.266667 0.240000 2.460308
0.000000 0.266667 0.300000 2.454670
0.333333 0.000000 0.000000 2.088243
0.333333 0.000000 0.060000 2.087098
0.266667 0.066667 0.000000 2.386776
0.333333 0.000000 0.120000 2.078635
0.266667 0.066667 0.060000 2.388059
0.200000 0.133333 0.000000 2.403278
0.133333 0.200000 0.000000 2.462786
0.200000 0.133333 0.060000 2.405612
0.266667 0.066667 0.120000 2.381121
0.333333 0.000000 0.180000 2.081393
0.066667 0.266667 0.000000 2.482882
0.133333 0.200000 0.060000 2.467823
0.200000 0.133333 0.120000 2.403693
0.266667 0.066667 0.180000 2.381282
0.333333 0.000000 0.240000 2.073862
0.000000 0.333333 0.000000 2.404562
0.066667 0.266667 0.060000 2.481869
0.133333 0.200000 0.120000 2.464576
0.200000 0.133333 0.180000 2.401380
0.266667 0.066667 0.240000 2.368478
0.333333 0.000000 0.300000 2.068742
0.266667 0.066667 0.300000 2.366111
0.200000 0.133333 0.240000 2.381659
0.133333 0.200000 0.180000 2.455228
0.066667 0.266667 0.120000 2.480891
0.000000 0.333333 0.060000 2.407653
0.200000 0.133333 0.300000 2.375707
0.133333 0.200000 0.240000 2.436160
0.066667 0.266667 0.180000 2.474267
0.000000 0.333333 0.120000 2.398469
0.133333 0.200000 0.300000 2.444039
0.066667 0.266667 0.240000 2.456935
0.000000 0.333333 0.180000 2.395870
0.066667 0.266667 0.300000 2.457989
0.000000 0.333333 0.240000 2.388902
0.000000 0.333333 0.300000 2.383513
0.400000 0.000000 0.000000 1.839590
0.400000 0.000000 0.060000 1.836936
0.333333 0.066667 0.000000 2.104888
0.400000 0.000000 0.120000 1.831928
0.333333 0.066667 0.060000 2.103757
0.266667 0.133333 0.000000 2.403278
0.400000 0.000000 0.180000 1.837511
0.333333 0.066667 0.120000 2.100367
0.266667 0.133333 0.060000 2.405612
0.200000 0.200000 0.000000 2.418464
0.133333 0.266667 0.000000 2.462786
0.200000 0.200000 0.060000 2.421595
0.266667 0.133333 0.120000 2.403693
0.333333 0.066667 0.180000 2.100434
0.400000 0.000000 0.240000 1.833208
0.066667 0.333333 0.000000 2.397087
0.133333 0.266667 0.060000 2.467823
0.200000 0.200000 0.120000 2.417286
0.266667 0.133333 0.180000 2.401380
0.333333 0.066667 0.240000 2.087105
0.400000 0.000000 0.300000 1.835984
0.000000 0.400000 0.000000 2.310503
0.066667 0.333333 0.060000 2.393820
0.133333 0.266667 0.120000 2.464576
0.200000 0.200000 0.180000 2.409727
0.266667 0.133333 0.240000 2.381659
0.333333 0.066667 0.300000 2.083086
0.266667 0.133333 0.300000 2.375707
0.200000 0.200000 0.240000 2.389921
0.133333 0.266667 0.180000 2.455228
0.066667 0.333333 0.120000 2.397287
0.000000 0.400000 0.060000 2.313406
0.200000 0.200000 0.300000 2.390292
0.133333 0.266667 0.240000 2.436160
0.066667 0.333333 0.180000 2.396555
0.000000 0.400000 0.120000 2.306506
0.133333 0.266667 0.300000 2.444039
0.066667 0.333333 0.240000 2.384642
0.000000 0.400000 0.180000 2.309100
0.066667 0.333333 0.300000 2.384223
0.000000 0.400000 0.240000 2.300420
0.000000 0.400000 0.300000 2.292717
0.466667 0.000000 0.000000 1.534535
0.400000 0.066667 0.000000 1.853102
0.466667 0.000000 0.060000 1.532596
0.466667 0.000000 0.120000 1.524047
0.400000 0.066667 0.060000 1.852330
0.333333 0.133333 0.000000 2.138194
0.466667 0.000000 0.180000 1.522919
0.400000 0.066667 0.120000 1.848054
0.333333 0.133333 0.060000 2.137242
0.266667 0.200000 0.000000 2.418464
0.466667 0.000000 0.240000 1.520326
0.400000 0.066667 0.180000 1.851209
0.333333 0.133333 0.120000 2.136181
0.266667 0.200000 0.060000 2.421595
0.200000 0.266667 0.000000 2.418464
0.133333 0.333333 0.000000 2.396352
0.200000 0.266667 0.060000 2.421595
0.266667 0.200000 0.120000 2.417286
0.333333 0.133333 0.180000 2.133906
0.400000 0.066667 0.240000 1.841816
0.466667 0.000000 0.300000 1.527989
0.066667 0.400000 0.000000 2.297880
0.133333 0.333333 0.060000 2.397742
0.200000 0.266667 0.120000 2.417286
0.266667 0.200000 0.180000 2.409727
0.333333 0.133333 0.240000 2.115095
0.400000 0.066667 0.300000 1.848379
0.000000 0.466667 0.000000 2.171009
0.066667 0.400000 0.060000 2.294793
0.133333 0.333333 0.120000 2.396933
0.200000 0.266667 0.180000 2.409727
0.266667 0.200000 0.240000 2.389921
0.333333 0.133333 0.300000 2.106416
0.266667 0.200000 0.300000 2.390292
0.200000 0.266667 0.240000 2.389921
0.133333 0.333333 0.180000 2.394554
0.066667 0.400000 0.120000 2.297519
0.000000 0.466667 0.060000 2.174440
0.200000 0.266667 0.300000 2.390292
0.133333 0.333333 0.240000 2.381014
0.066667 0.400000 0.180000 2.302832
0.000000 0.466667 0.120000 2.167672
0.133333 0.333333 0.300000 2.392181
0.066667 0.400000 0.240000 2.292805
0.000000 0.466667 0.180000 2.173294
0.066667 0.400000 0.300000 2.293870
0.000000 0.466667 0.240000 2.165047
0.000000 0.466667 0.300000 2.154303
0.533333 0.000000 0.000000 1.211522
0.533333 0.000000 0.060000 1.213313
0.466667 0.066667 0.000000 1.541103
0.400000 0.133333 0.000000 1.880939
0.466667 0.066667 0.060000 1.539714
0.533333 0.000000 0.120000 1.200643
0.533333 0.000000 0.180000 1.196917
0.466667 0.066667 0.120000 1.527214
0.400000 0.133333 0.060000 1.882781
0.333333 0.200000 0.000000 2.183213
0.533333 0.000000 0.240000 1.192700
0.466667 0.066667 0.180000 1.522500
0.400000 0.133333 0.120000 1.878887
0.333333 0.200000 0.060000 2.181374
0.266667 0.266667 0.000000 2.418464
0.533333 0.000000 0.300000 1.192496
0.466667 0.066667 0.240000 1.515916
0.400000 0.133333 0.180000 1.879031
0.333333 0.200000 0.120000 2.177874
0.266667 0.266667 0.060000 2.421595
0.200000 0.333333 0.000000 2.391376
0.133333 0.400000 0.000000 2.295823
0.200000 0.333333 0.060000 2.390177
0.266667 0.266667 0.120000 2.417286
0.333333 0.200000 0.180000 2.170603
0.400000 0.133333 0.240000 1.862599
0.466667 0.066667 0.300000 1.532744
0.066667 0.466667 0.000000 2.159773
0.133333 0.400000 0.060000 2.294670
0.200000 0.333333 0.120000 2.381335
0.266667 0.266667 0.180000 2.409727
0.333333 0.200000 0.240000 2.146019
0.400000 0.133333 0.300000 1.864438
0.000000 0.533333 0.000000 1.988680
0.066667 0.466667 0.060000 2.154159
0.133333 0.400000 0.120000 2.297071
0.200000 0.333333 0.180000 2.374339
0.266667 0.266667 0.240000 2.389921
0.333333 0.200000 0.300000 2.140128
0.266667 0.266667 0.300000 2.390292
0.200000 0.333333 0.240000 2.355398
0.133333 0.400000 0.180000 2.304226
0.066667 0.466667 0.120000 2.152228
0.000000 0.533333 0.060000 1.991640
0.200000 0.333333 0.300000 2.363098
0.133333 0.400000 0.240000 2.291933
0.066667 0.466667 0.180000 2.162594
0.000000 0.533333 0.120000 1.984222
0.133333 0.400000 0.300000 2.302805
0.066667 0.466667 0.240000 2.153822
0.000000 0.533333 0.180000 1.991323
0.066667 0.466667 0.300000 2.152878
0.000000 0.533333 0.240000 1.982135
0.000000 0.533333 0.300000 1.974883
0.600000 0.000000 0.000000 0.874651
0.533333 0.066667 0.000000 1.208488
0.600000 0.000000 0.060000 0.879634
0.600000 0.000000 0.120000 0.870780
0.533333 0.066667 0.060000 1.208948
0.466667 0.133333 0.000000 1.548248
0.400000 0.200000 0.000000 1.922218
0.466667 0.133333 0.060000 1.551912
0.533333 0.066667 0.120000 1.192265
0.600000 0.000000 0.180000 0.874979
0.600000 0.000000 0.240000 0.869247
0.533333 0.066667 0.180000 1.187850
0.466667 0.133333 0.120000 1.539787
0.400000 0.200000 0.060000 1.925299
0.333333 0.266667 0.000000 2.183213
0.600000 0.000000 0.300000 0.864921
0.533333 0.066667 0.240000 1.182695
0.466667 0.133333 0.180000 1.533972
0.400000 0.200000 0.120000 1.920538
0.333333 0.266667 0.060000 2.181374
0.266667 0.333333 0.000000 2.391376
0.533333 0.066667 0.300000 1.189249
0.466667 0.133333 0.240000 1.522028
0.400000 0.200000 0.180000 1.915924
0.333333 0.266667 0.120000 2.177874
0.266667 0.333333 0.060000 2.390177
0.200000 0.400000 0.000000 2.304838
0.133333 0.466667 0.000000 2.154784
0.200000 0.400000 0.060000 2.299839
0.266667 0.333333 0.120000 2.381335
0.333333 0.266667 0.180000 2.170603
0.400000 0.200000 0.240000 1.893096
0.466667 0.133333 0.300000 1.534931
0.066667 0.533333 0.000000 1.978787
0.133333 0.466667 0.060000 2.153122
0.200000 0.400000 0.120000 2.290297
0.266667 0.333333 0.180000 2.374339
0.333333 0.266667 0.240000 2.146019
0.400000 0.200000 0.300000 1.894909
0.000000 0.600000 0.000000 1.780165
0.066667 0.533333 0.060000 1.969479
0.133333 0.466667 0.120000 2.153535
0.200000 0.400000 0.180000 2.290297
0.266667 0.333333 0.240000 2.355398
0.333333 0.266667 0.300000 2.140128
0.266667 0.333333 0.300000 2.363098
0.200000 0.400000 0.240000 2.273252
0.133333 0.466667 0.180000 2.164585
0.066667 0.533333 0.120000 1.965999
0.000000 0.600000 0.060000 1.783967
0.200000 0.400000 0.300000 2.280551
0.133333 0.466667 0.240000 2.149969
0.066667 0.533333 0.180000 1.977010
0.000000 0.600000 0.120000 1.773643
0.133333 0.466667 0.300000 2.155662
0.066667 0.533333 0.240000 1.967520
0.000000 0.600000 0.180000 1.778040
0.066667 0.533333 0.300000 1.965553
0.000000 0.600000 0.240000 1.770203
0.000000 0.600000 0.300000 1.767697
0.666667 0.000000 0.000000 0.563425
0.733333 0.000000 0.000000 0.124263
0.800000 0.000000 0.000000 0.124263
0.866667 0.000000 0.000000 -0.002630
0.933333 0.000000 0.000000 -0.075102
1.000000 0.000000 0.000000 -0.090056
0.600000 0.066667 0.000000 0.862457
0.666667 0.000000 0.060000 0.572728
0.533333 0.133333 0.000000 1.190091
0.600000 0.066667 0.060000 0.864357
0.666667 0.000000 0.120000 0.565137
0.666667 0.000000 0.180000 0.568345
0.600000 0.066667 0.120000 0.853514
0.533333 0.133333 0.060000 1.194682
0.466667 0.200000 0.000000 1.561105
0.400000 0.266667 0.000000 1.922218
0.466667 0.200000 0.060000 1.566012
0.533333 0.133333 0.120000 1.179184
0.600000 0.066667 0.180000 0.859606
0.666667 0.000000 0.240000 0.562286
0.666667 0.000000 0.300000 0.561781
0.600000 0.066667 0.240000 0.854723
0.533333 0.133333 0.180000 1.175230
0.466667 0.200000 0.120000 1.556144
0.400000 0.266667 0.060000 1.925299
0.333333 0.333333 0.000000 2.273802
0.600000 0.066667 0.300000 0.852285
0.533333 0.133333 0.240000 1.168234
0.466667 0.200000 0.180000 1.552239
0.400000 0.266667 0.120000 1.920538
0.333333 0.333333 0.060000 2.274138
0.266667 0.400000 0.000000 2.304838
0.533333 0.133333 0.300000 1.171664
0.466667 0.200000 0.240000 1.537222
0.400000 0.266667 0.180000 1.915924
0.333333 0.333333 0.120000 2.256783
0.266667 0.400000 0.060000 2.299839
0.200000 0.466667 0.000000 2.156459
0.133333 0.533333 0.000000 1.970913
0.200000 0.466667 0.060000 2.153123
0.266667 0.400000 0.120000 2.290297
0.333333 0.333333 0.180000 2.222433
0.400000 0.266667 0.240000 1.893096
0.466667 0.200000 0.300000 1.545868
0.066667 0.600000 0.000000 1.770592
0.133333 0.533333 0.060000 1.968452
0.200000 0.466667 0.120000 2.145524
0.266667 0.400000 0.180000 2.290297
0.333333 0.333333 0.240000 2.172749
0.400000 0.266667 0.300000 1.894909
0.000000 0.666667 0.000000 1.569118
0.066667 0.600000 0.060000 1.760115
0.133333 0.533333 0.120000 1.964155
0.200000 0.466667 0.180000 2.149674
0.266667 0.400000 0.240000 2.273252
0.333333 0.333333 0.300000 2.166046
0.266667 0.400000 0.300000 2.280551
0.200000 0.466667 0.240000 2.130369
0.133333 0.533333 0.180000 1.971712
0.066667 0.600000 0.120000 1.757035
0.000000 0.666667 0.060000 1.577825
0.200000 0.466667 0.300000 2.130807
0.133333 0.533333 0.240000 1.955662
0.066667 0.600000 0.180000 1.764394
0.000000 0.666667 0.120000 1.566827
0.133333 0.533333 0.300000 1.958680
0.066667 0.600000 0.240000 1.754446
0.000000 0.666667 0.180000 1.570243
0.066667 0.600000 0.300000 1.751477
0.000000 0.666667 0.240000 1.564631
0.000000 0.666667 0.300000 1.561833
0.666667 0.066667 0.000000 0.547558
0.733333 0.000000 0.060000 0.137274
0.733333 0.066667 0.000000 0.108211
0.800000 0.000000 0.060000 0.137274
0.800000 0.066667 0.000000 0.108211
0.866667 0.000000 0.060000 0.011508
0.866667 0.066667 0.000000 -0.018979
0.933333 0.000000 0.060000 -0.060748
1.000000 0.000000 0.060000 -0.085926
0.933333 0.066667 0.000000 -0.092021
1.000000 0.066667 0.000000 -0.108711
0.600000 0.133333 0.000000 0.821044
0.666667 0.066667 0.060000 0.551374
0.733333 0.000000 0.120000 0.128100
0.533333 0.200000 0.000000 1.155835
0.600000 0.133333 0.060000 0.825546
0.666667 0.066667 0.120000 0.543905
0.733333 0.000000 0.180000 0.129502
0.733333 0.000000 0.240000 0.125362
0.666667 0.066667 0.180000 0.548585
0.600000 0.133333 0.120000 0.815257
0.533333 0.200000 0.060000 1.161108
0.466667 0.266667 0.000000 1.561105
0.400000 0.333333 0.000000 2.043847
0.466667 0.266667 0.060000 1.566012
0.533333 0.200000 0.120000 1.148641
0.600000 0.133333 0.180000 0.820615
0.666667 0.066667 0.240000 0.540938
0.733333 0.000000 0.300000 0.125563
0.666667 0.066667 0.300000 0.541108
0.600000 0.133333 0.240000 0.816800
0.533333 0.200000 0.180000 1.148014
0.466667 0.266667 0.120000 1.556144
0.400000 0.333333 0.060000 2.053616
0.333333 0.400000 0.000000 2.263493
0.600000 0.133333 0.300000 0.814480
0.533333 0.200000 0.240000 1.140460
0.466667 0.266667 0.180000 1.552239
0.400000 0.333333 0.120000 2.037349
0.333333 0.400000 0.060000 2.264950
0.266667 0.466667 0.000000 2.156459
0.533333 0.200000 0.300000 1.140580
0.466667 0.266667 0.240000 1.537222
0.400000 0.333333 0.180000 1.990889
0.333333 0.400000 0.120000 2.237867
0.266667 0.466667 0.060000 2.153123
0.200000 0.533333 0.000000 1.946501
0.133333 0.600000 0.000000 1.749894
0.200000 0.533333 0.060000 1.945418
0.266667 0.466667 0.120000 2.145524
0.333333 0.400000 0.180000 2.180026
0.400000 0.333333 0.240000 1.923570
0.466667 0.266667 0.300000 1.545868
0.066667 0.666667 0.000000 1.560783
0.133333 0.600000 0.060000 1.747033
0.200000 0.533333 0.120000 1.937119
0.266667 0.466667 0.180000 2.149674
0.333333 0.400000 0.240000 2.110123
0.400000 0.333333 0.300000 1.914037
0.000000 0.733333 0.000000 1.230325
0.066667 0.666667 0.060000 1.552444
0.133333 0.600000 0.120000 1.739946
0.200000 0.533333 0.180000 1.939737
0.266667 0.466667 0.240000 2.130369
0.333333 0.400000 0.300000 2.097549
0.266667 0.466667 0.300000 2.130807
0.200000 0.533333 0.240000 1.917907
0.133333 0.600000 0.180000 1.742824
0.066667 0.666667 0.120000 1.547874
0.000000 0.733333 0.060000 1.238492
0.200000 0.533333 0.300000 1.915837
0.133333 0.600000 0.240000 1.727799
0.066667 0.666667 0.180000 1.551437
0.000000 0.733333 0.120000 1.232859
0.133333 0.600000 0.300000 1.729000
0.066667 0.666667 0.240000 1.543521
0.000000 0.733333 0.180000 1.239110
0.066667 0.666667 0.300000 1.539592
0.000000 0.733333 0.240000 1.235050
0.000000 0.733333 0.300000 1.233574
0.666667 0.133333 0.000000 0.491222
0.733333 0.066667 0.060000 0.112582
0.800000 0.000000 0.120000 0.128100
0.733333 0.133333 0.000000 0.044983
0.800000 0.066667 0.060000 0.112582
0.866667 0.000000 0.120000 0.004928
0.800000 0.133333 0.000000 0.044983
0.866667 0.066667 0.060000 -0.011724
0.933333 0.000000 0.120000 -0.063459
0.866667 0.133333 0.000000 -0.079812
0.933333 0.066667 0.060000 -0.080903
1.000000 0.000000 0.120000 -0.090995
1.000000 0.066667 0.060000 -0.108305
0.933333 0.133333 0.000000 -0.149284
1.000000 0.133333 0.000000 -0.166284
0.600000 0.200000 0.000000 0.743137
0.666667 0.133333 0.060000 0.495183
0.733333 0.066667 0.120000 0.101275
0.800000 0.000000 0.180000 0.129502
0.533333 0.266667 0.000000 1.155835
0.600000 0.200000 0.060000 0.748314
0.666667 0.133333 0.120000 0.489138
0.733333 0.066667 0.180000 0.103214
0.800000 0.000000 0.240000 0.125362
0.800000 0.000000 0.300000 0.125563
0.733333 0.066667 0.240000 0.099044
0.666667 0.133333 0.180000 0.493976
0.600000 0.200000 0.120000 0.738778
0.533333 0.266667 0.060000 1.161108
0.466667 0.333333 0.000000 1.593066
0.400000 0.400000 0.000000 2.088555
0.466667 0.333333 0.060000 1.603733
0.533333 0.266667 0.120000 1.148641
0.600000 0.200000 0.180000 0.746065
0.666667 0.133333 0.240000 0.489397
0.733333 0.066667 0.300000 0.100657
0.666667 0.133333 0.300000 0.491256
0.600000 0.200000 0.240000 0.745556
0.533333 0.266667 0.180000 1.148014
0.466667 0.333333 0.120000 1.588598
0.400000 0.400000 0.060000 2.115298
0.333333 0.466667 0.000000 2.124244
0.600000 0.200000 0.300000 0.743549
0.533333 0.266667 0.240000 1.140460
0.466667 0.333333 0.180000 1.551708
0.400000 0.400000 0.120000 2.088939
0.333333 0.466667 0.060000 2.127080
0.266667 0.533333 0.000000 1.946501
0.533333 0.266667 0.300000 1.140580
0.466667 0.333333 0.240000 1.493701
0.400000 0.400000 0.180000 1.981453
0.333333 0.466667 0.120000 2.097008
0.266667 0.533333 0.060000 1.945418
0.200000 0.600000 0.000000 1.691384
0.133333 0.666667 0.000000 1.519921
0.200000 0.600000 0.060000 1.691146
0.266667 0.533333 0.120000 1.937119
0.333333 0.466667 0.180000 2.028331
0.400000 0.400000 0.240000 1.861746
0.466667 0.333333 0.300000 1.484843
0.066667 0.733333 0.000000 1.212620
0.133333 0.666667 0.060000 1.518941
0.200000 0.600000 0.120000 1.680472
0.266667 0.533333 0.180000 1.939737
0.333333 0.466667 0.240000 1.944015
0.400000 0.400000 0.300000 1.834670
0.000000 0.800000 0.000000 1.230325
0.066667 0.733333 0.060000 1.200146
0.133333 0.666667 0.120000 1.510725
0.200000 0.600000 0.180000 1.678711
0.266667 0.533333 0.240000 1.917907
0.333333 0.466667 0.300000 1.918580
0.266667 0.533333 0.300000 1.915837
0.200000 0.600000 0.240000 1.657456
0.133333 0.666667 0.180000 1.512423
0.066667 0.733333 0.120000 1.197866
0.000000 0.800000 0.060000 1.238492
0.200000 0.600000 0.300000 1.656585
0.133333 0.666667 0.240000 1.501743
0.066667 0.733333 0.180000 1.200862
0.000000 0.800000 0.120000 1.232859
0.133333 0.666667 0.300000 1.500721
0.066667 0.733333 0.240000 1.196223
0.000000 0.800000 0.180000 1.239110
0.066667 0.733333 0.300000 1.195741
0.000000 0.800000 0.240000 1.235050
0.000000 0.800000 0.300000 1.233574
0.666667 0.200000 0.000000 0.387590
0.733333 0.133333 0.060000 0.047509
0.800000 0.066667 0.120000 0.101275
0.866667 0.000000 0.180000 0.008039
0.733333 0.200000 0.000000 -0.067587
0.800000 0.133333 0.060000 0.047509
0.866667 0.066667 0.120000 -0.022229
0.933333 0.000000 0.180000 -0.056104
0.800000 0.200000 0.000000 -0.067587
0.866667 0.133333 0.060000 -0.076188
0.933333 0.066667 0.120000 -0.086405
1.000000 0.000000 0.180000 -0.086451
0.866667 0.200000 0.000000 -0.185926
0.933333 0.133333 0.060000 -0.142378
1.000000 0.066667 0.120000 -0.114067
1.000000 0.133333 0.060000 -0.170074
0.933333 0.200000 0.000000 -0.249390
1.000000 0.200000 0.000000 -0.265027
0.600000 0.266667 0.000000 0.743137
0.666667 0.200000 0.060000 0.391405
0.733333 0.133333 0.120000 0.039453
0.800000 0.066667 0.180000 0.103214
0.866667 0.000000 0.240000 0.002547
0.533333 0.333333 0.000000 0.969888
0.600000 0.266667 0.060000 0.748314
0.666667 0.200000 0.120000 0.385461
0.733333 0.133333 0.180000 0.042571
0.800000 0.066667 0.240000 0.099044
0.866667 0.000000 0.300000 0.000852
0.800000 0.066667 0.300000 0.100657
0.733333 0.133333 0.240000 0.040750
0.666667 0.200000 0.180000 0.393589
0.600000 0.266667 0.120000 0.738778
0.533333 0.333333 0.060000 0.977932
0.466667 0.400000 0.000000 1.582255
0.400000 0.466667 0.000000 1.979898
0.466667 0.400000 0.060000 1.630111
0.533333 0.333333 0.120000 0.971536
0.600000 0.266667 0.180000 0.746065
0.666667 0.200000 0.240000 0.395143
0.733333 0.133333 0.300000 0.042317
0.666667 0.200000 0.300000 0.396601
0.600000 0.266667 0.240000 0.745556
0.533333 0.333333 0.180000 0.969276
0.466667 0.400000 0.120000 1.613469
0.400000 0.466667 0.060000 2.034298
0.333333 0.533333 0.000000 1.788555
0.600000 0.266667 0.300000 0.743549
0.533333 0.333333 0.240000 0.950227
0.466667 0.400000 0.180000 1.496484
0.400000 0.466667 0.120000 2.006862
0.333333 0.533333 0.060000 1.794541
0.266667 0.600000 0.000000 1.691384
0.533333 0.333333 0.300000 0.943588
0.466667 0.400000 0.240000 1.377540
0.400000 0.466667 0.180000 1.831845
0.333333 0.533333 0.120000 1.770490
0.266667 0.600000 0.060000 1.691146
0.200000 0.666667 0.000000 1.429384
0.133333 0.733333 0.000000 1.149468
0.200000 0.666667 0.060000 1.429981
0.266667 0.600000 0.120000 1.680472
0.333333 0.533333 0.180000 1.723410
0.400000 0.466667 0.240000 1.664407
0.466667 0.400000 0.300000 1.345808
0.066667 0.800000 0.000000 1.212620
0.133333 0.733333 0.060000 1.146228
0.200000 0.666667 0.120000 1.418138
0.266667 0.600000 0.180000 1.678711
0.333333 0.533333 0.240000 1.653909
0.400000 0.466667 0.300000 1.617088
0.000000 0.866667 0.000000 1.123596
0.066667 0.800000 0.060000 1.200146
0.133333 0.733333 0.120000 1.142600
0.200000 0.666667 0.180000 1.416000
0.266667 0.600000 0.240000 1.657456
0.333333 0.533333 0.300000 1.625440
0.266667 0.600000 0.300000 1.656585
0.200000 0.666667 0.240000 1.401287
0.133333 0.733333 0.180000 1.145050
0.066667 0.800000 0.120000 1.197866
0.000000 0.866667 0.060000 1.130311
0.200000 0.666667 0.300000 1.401316
0.133333 0.733333 0.240000 1.139440
0.066667 0.800000 0.180000 1.200862
0.000000 0.866667 0.120000 1.126211
0.133333 0.733333 0.300000 1.142141
0.066667 0.800000 0.240000 1.196223
0.000000 0.866667 0.180000 1.133666
0.066667 0.800000 0.300000 1.195741
0.000000 0.866667 0.240000 1.129066
0.000000 0.866667 0.300000 1.128452
0.666667 0.266667 0.000000 0.387590
0.733333 0.200000 0.060000 -0.064916
0.800000 0.133333 0.120000 0.039453
0.866667 0.066667 0.180000 -0.019210
0.933333 0.000000 0.240000 -0.061633
0.733333 0.266667 0.000000 -0.067587
0.800000 0.200000 0.060000 -0.064916
0.866667 0.133333 0.120000 -0.085314
0.933333 0.066667 0.180000 -0.080385
1.000000 0.000000 0.240000 -0.092555
0.800000 0.266667 0.000000 -0.067587
0.866667 0.200000 0.060000 -0.182953
0.933333 0.133333 0.120000 -0.147779
1.000000 0.066667 0.180000 -0.110473
0.866667 0.266667 0.000000 -0.185926
0.933333 0.200000 0.060000 -0.244575
1.000000 0.133333 0.120000 -0.174566
1.000000 0.200000 0.060000 -0.271299
0.933333 0.266667 0.000000 -0.249390
1.000000 0.266667 0.000000 -0.265027
0.600000 0.333333 0.000000 0.384226
0.666667 0.266667 0.060000 0.391405
0.733333 0.200000 0.120000 -0.069334
0.800000 0.133333 0.180000 0.042571
0.866667 0.066667 0.240000 -0.024121
0.933333 0.000000 0.300000 -0.064038
0.533333 0.400000 0.000000 0.732915
0.600000 0.333333 0.060000 0.390178
0.666667 0.266667 0.120000 0.385461
0.733333 0.200000 0.180000 -0.063184
0.800000 0.133333 0.240000 0.040750
0.866667 0.066667 0.300000 -0.023506
0.800000 0.133333 0.300000 0.042317
0.733333 0.200000 0.240000 -0.064230
0.666667 0.266667 0.180000 0.393589
0.600000 0.333333 0.120000 0.392418
0.533333 0.400000 0.060000 0.742152
0.466667 0.466667 0.000000 1.397630
0.400000 0.533333 0.000000 1.529046
0.466667 0.466667 0.060000 1.588310
0.533333 0.400000 0.120000 0.741089
0.600000 0.333333 0.180000 0.417453
0.666667 0.266667 0.240000 0.395143
0.733333 0.200000 0.300000 -0.063559
0.666667 0.266667 0.300000 0.396601
0.600000 0.333333 0.240000 0.428968
0.533333 0.400000 0.180000 0.746396
0.466667 0.466667 0.120000 1.644319
0.400000 0.533333 0.060000 1.567443
0.333333 0.600000 0.000000 1.365257
0.600000 0.333333 0.300000 0.429705
0.533333 0.400000 0.240000 0.729515
0.466667 0.466667 0.180000 1.280844
0.400000 0.533333 0.120000 1.550366
0.333333 0.600000 0.060000 1.369533
0.266667 0.666667 0.000000 1.429384
0.533333 0.400000 0.300000 0.720307
0.466667 0.466667 0.240000 1.112398
0.400000 0.533333 0.180000 1.437339
0.333333 0.600000 0.120000 1.353648
0.266667 0.666667 0.060000 1.429981
0.200000 0.733333 0.000000 1.028552
0.133333 0.800000 0.000000 1.149468
0.200000 0.733333 0.060000 1.028859
0.266667 0.666667 0.120000 1.418138
0.333333 0.600000 0.180000 1.336318
0.400000 0.533333 0.240000 1.314696
0.466667 0.466667 0.300000 1.068345
0.066667 0.866667 0.000000 1.104742
0.133333 0.800000 0.060000 1.146228
0.200000 0.733333 0.120000 1.021738
0.266667 0.666667 0.180000 1.416000
0.333333 0.600000 0.240000 1.297063
0.400000 0.533333 0.300000 1.270443
0.000000 0.933333 0.000000 1.058245
0.066667 0.866667 0.060000 1.095098
0.133333 0.800000 0.120000 1.142600
0.200000 0.733333 0.180000 1.024893
0.266667 0.666667 0.240000 1.401287
0.333333 0.600000 0.300000 1.280244
0.266667 0.666667 0.300000 1.401316
0.200000 0.733333 0.240000 1.019404
0.133333 0.800000 0.180000 1.145050
0.066667 0.866667 0.120000 1.092604
0.000000 0.933333 0.060000 1.063951
0.200000 0.733333 0.300000 1.021386
0.133333 0.800000 0.240000 1.139440
0.066667 0.866667 0.180000 1.096438
0.000000 0.933333 0.120000 1.060093
0.133333 0.800000 0.300000 1.142141
0.066667 0.866667 0.240000 1.090326
0.000000 0.933333 0.180000 1.069339
0.066667 0.866667 0.300000 1.087291
0.000000 0.933333 0.240000 1.065927
0.000000 0.933333 0.300000 1.066292
0.666667 0.333333 0.000000 -0.031980
0.733333 0.266667 0.060000 -0.064916
0.800000 0.200000 0.120000 -0.069334
0.866667 0.133333 0.180000 -0.080382
0.933333 0.066667 0.240000 -0.086283
1.000000 0.000000 0.300000 -0.094245
0.733333 0.333333 0.000000 -0.451291
0.800000 0.266667 0.060000 -0.064916
0.866667 0.200000 0.120000 -0.189017
0.933333 0.133333 0.180000 -0.139991
1.000000 0.066667 0.240000 -0.117546
0.800000 0.333333 0.000000 -0.451291
0.866667 0.266667 0.060000 -0.182953
0.933333 0.200000 0.120000 -0.248958
1.000000 0.133333 0.180000 -0.167736
0.866667 0.333333 0.000000 -0.537502
0.933333 0.266667 0.060000 -0.244575
1.000000 0.200000 0.120000 -0.275684
1.000000 0.266667 0.060000 -0.271299
0.933333 0.333333 0.000000 -0.580133
1.000000 0.333333 0.000000 -0.590028
0.600000 0.400000 0.000000 0.009997
0.666667 0.333333 0.060000 -0.026792
0.733333 0.266667 0.120000 -0.069334
0.800000 0.200000 0.180000 -0.063184
0.866667 0.133333 0.240000 -0.082415
0.933333 0.066667 0.300000 -0.086219
0.533333 0.466667 0.000000 0.248565
0.600000 0.400000 0.060000 0.007998
0.666667 0.333333 0.120000 -0.023571
0.733333 0.266667 0.180000 -0.063184
0.800000 0.200000 0.240000 -0.064230
0.866667 0.133333 0.300000 -0.081493
0.800000 0.200000 0.300000 -0.063559
0.733333 0.266667 0.240000 -0.064230
0.666667 0.333333 0.180000 0.000823
0.600000 0.400000 0.120000 0.023729
0.533333 0.466667 0.060000 0.175895
0.466667 0.533333 0.000000 0.806746
0.400000 0.600000 0.000000 0.974095
0.466667 0.533333 0.060000 0.870147
0.533333 0.466667 0.120000 0.160048
0.600000 0.400000 0.180000 0.089077
0.666667 0.333333 0.240000 0.016388
0.733333 0.266667 0.300000 -0.063559
0.666667 0.333333 0.300000 0.023785
0.600000 0.400000 0.240000 0.135199
0.533333 0.466667 0.180000 0.323718
0.466667 0.533333 0.120000 0.892726
0.400000 0.600000 0.060000 0.985947
0.333333 0.666667 0.000000 1.001473
0.600000 0.400000 0.300000 0.147697
0.533333 0.466667 0.240000 0.378571
0.466667 0.533333 0.180000 0.784321
0.400000 0.600000 0.120000 0.976910
0.333333 0.666667 0.060000 1.001819
0.266667 0.733333 0.000000 1.028552
0.533333 0.466667 0.300000 0.386100
0.466667 0.533333 0.240000 0.718452
0.400000 0.600000 0.180000 0.957810
0.333333 0.666667 0.120000 0.992459
0.266667 0.733333 0.060000 1.028859
0.200000 0.800000 0.000000 1.028552
0.133333 0.866667 0.000000 1.038275
0.200000 0.800000 0.060000 1.028859
0.266667 0.733333 0.120000 1.021738
0.333333 0.666667 0.180000 0.990135
0.400000 0.600000 0.240000 0.914469
0.466667 0.533333 0.300000 0.697379
0.066667 0.933333 0.000000 1.037238
0.133333 0.866667 0.060000 1.036736
0.200000 0.800000 0.120000 1.021738
0.266667 0.733333 0.180000 1.024893
0.333333 0.666667 0.240000 0.970898
0.400000 0.600000 0.300000 0.896553
0.000000 1.000000 0.000000 1.037490
0.066667 0.933333 0.060000 1.030357
0.133333 0.866667 0.120000 1.031890
0.200000 0.800000 0.180000 1.024893
0.266667 0.733333 0.240000 1.019404
0.333333 0.666667 0.300000 0.967281
0.266667 0.733333 0.300000 1.021386
0.200000 0.800000 0.240000 1.019404
0.133333 0.866667 0.180000 1.034341
0.066667 0.933333 0.120000 1.029366
0.000000 1.000000 0.060000 1.038320
0.200000 0.800000 0.300000 1.021386
0.133333 0.866667 0.240000 1.028405
0.066667 0.933333 0.180000 1.036495
0.000000 1.000000 0.120000 1.033751
0.133333 0.866667 0.300000 1.030138
0.066667 0.933333 0.240000 1.031513
0.000000 1.000000 0.180000 1.045864
0.066667 0.933333 0.300000 1.028649
0.000000 1.000000 0.240000 1.045560
0.000000 1.000000 0.300000 1.046619
0.666667 0.400000 0.000000 -0.393996
0.733333 0.333333 0.060000 -0.447385
0.800000 0.266667 0.120000 -0.069334
0.866667 0.200000 0.180000 -0.181994
0.933333 0.133333 0.240000 -0.144054
1.000000 0.066667 0.300000 -0.119435
0.733333 0.400000 0.000000 -0.710206
0.800000 0.333333 0.060000 -0.447385
0.866667 0.266667 0.120000 -0.189017
0.933333 0.200000 0.180000 -0.240439
1.000000 0.133333 0.240000 -0.173070
0.800000 0.400000 0.000000 -0.710206
0.866667 0.333333 0.060000 -0.533599
0.933333 0.266667 0.120000 -0.248958
1.000000 0.200000 0.180000 -0.268907
0.866667 0.400000 0.000000 -0.765415
0.933333 0.333333 0.060000 -0.574948
1.000000 0.266667 0.120000 -0.275684
1.000000 0.333333 0.060000 -0.595580
0.933333 0.400000 0.000000 -0.791928
1.000000 0.400000 0.000000 -0.794653
0.600000 0.466667 0.000000 -0.525547
0.666667 0.400000 0.060000 -0.389412
0.733333 0.333333 0.120000 -0.445368
0.800000 0.266667 0.180000 -0.063184
0.866667 0.200000 0.240000 -0.184201
0.933333 0.133333 0.300000 -0.144384
0.533333 0.533333 0.000000 -0.325324
0.600000 0.466667 0.060000 -0.565557
0.666667 0.400000 0.120000 -0.374990
0.733333 0.333333 0.180000 -0.430933
0.800000 0.266667 0.240000 -0.064230
0.866667 0.200000 0.300000 -0.184832
0.800000 0.266667 0.300000 -0.063559
0.733333 0.333333 0.240000 -0.428202
0.666667 0.400000 0.180000 -0.325980
0.600000 0.466667 0.120000 -0.530240
0.533333 0.533333 0.060000 -0.511153
0.466667 0.600000 0.000000 0.282869
0.400000 0.666667 0.000000 0.587462
0.466667 0.600000 0.060000 0.284184
0.533333 0.533333 0.120000 -0.557408
0.600000 0.466667 0.180000 -0.368201
0.666667 0.400000 0.240000 -0.286704
0.733333 0.333333 0.300000 -0.426379
0.666667 0.400000 0.300000 -0.268983
0.600000 0.466667 0.240000 -0.249823
0.533333 0.533333 0.180000 -0.166781
0.466667 0.600000 0.120000 0.293750
0.400000 0.666667 0.060000 0.592887
0.333333 0.733333 0.000000 0.568535
0.600000 0.466667 0.300000 -0.211611
0.533333 0.533333 0.240000 -0.018679
0.466667 0.600000 0.180000 0.330127
0.400000 0.666667 0.120000 0.590420
0.333333 0.733333 0.060000 0.564498
0.266667 0.800000 0.000000 1.028552
0.533333 0.533333 0.300000 0.017081
0.466667 0.600000 0.240000 0.340743
0.400000 0.666667 0.180000 0.596816
0.333333 0.733333 0.120000 0.560290
0.266667 0.800000 0.060000 1.028859
0.200000 0.866667 0.000000 0.911171
0.133333 0.933333 0.000000 0.973223
0.200000 0.866667 0.060000 0.912258
0.266667 0.800000 0.120000 1.021738
0.333333 0.733333 0.180000 0.566276
0.400000 0.666667 0.240000 0.583974
0.466667 0.600000 0.300000 0.347268
0.066667 1.000000 0.000000 1.009958
0.133333 0.933333 0.060000 0.973931
0.200000 0.866667 0.120000 0.905911
0.266667 0.800000 0.180000 1.024893
0.333333 0.733333 0.240000 0.561999
0.400000 0.666667 0.300000 0.584813
0.066667 1.000000 0.060000 0.995399
0.133333 0.933333 0.120000 0.969205
0.200000 0.866667 0.180000 0.910555
0.266667 0.800000 0.240000 1.019404
0.333333 0.733333 0.300000 0.564346
0.266667 0.800000 0.300000 1.021386
0.200000 0.866667 0.240000 0.905867
0.133333 0.933333 0.180000 0.973427
0.066667 1.000000 0.120000 0.994536
0.200000 0.866667 0.300000 0.907543
0.133333 0.933333 0.240000 0.967669
0.066667 1.000000 0.180000 1.005770
0.133333 0.933333 0.300000 0.966611
0.066667 1.000000 0.240000 1.005332
0.066667 1.000000 0.300000 1.003987
0.666667 0.466667 0.000000 -0.812867
0.733333 0.400000 0.060000 -0.706218
0.800000 0.333333 0.120000 -0.445368
0.866667 0.266667 0.180000 -0.181994
0.933333 0.200000 0.240000 -0.244306
1.000000 0.133333 0.300000 -0.175570
0.733333 0.466667 0.000000 -0.971385
0.800000 0.400000 0.060000 -0.706218
0.866667 0.333333 0.120000 -0.534710
0.933333 0.266667 0.180000 -0.240439
1.000000 0.200000 0.240000 -0.272785
0.800000 0.466667 0.000000 -0.971385
0.866667 0.400000 0.060000 -0.762206
0.933333 0.333333 0.120000 -0.577451
1.000000 0.266667 0.180000 -0.268907
0.866667 0.466667 0.000000 -0.994106
0.933333 0.400000 0.060000 -0.786240
1.000000 0.333333 0.120000 -0.598900
1.000000 0.400000 0.060000 -0.798832
0.933333 0.466667 0.000000 -1.004855
1.000000 0.466667 0.000000 -1.001979
0.600000 0.533333 0.000000 -0.963214
0.666667 0.466667 0.060000 -0.813822
0.733333 0.400000 0.120000 -0.701367
0.800000 0.333333 0.180000 -0.430933
0.866667 0.266667 0.240000 -0.184201
0.933333 0.200000 0.300000 -0.245384
0.533333 0.600000 0.000000 -0.550102
0.600000 0.533333 0.060000 -1.016078
0.666667 0.466667 0.120000 -0.784894
0.733333 0.400000 0.180000 -0.681290
0.800000 0.333333 0.240000 -0.428202
0.866667 0.266667 0.300000 -0.184832
0.800000 0.333333 0.300000 -0.426379
0.733333 0.400000 0.240000 -0.672835
0.666667 0.466667 0.180000 -0.705443
0.600000 0.533333 0.120000 -0.973143
0.533333 0.600000 0.060000 -0.586015
0.466667 0.666667 0.000000 0.017072
0.400000 0.733333 0.000000 0.218715
0.466667 0.666667 0.060000 0.020989
0.533333 0.600000 0.120000 -0.555419
0.600000 0.533333 0.180000 -0.765487
0.666667 0.466667 0.240000 -0.637292
0.733333 0.400000 0.300000 -0.667298
0.666667 0.466667 0.300000 -0.603575
0.600000 0.533333 0.240000 -0.611738
0.533333 0.600000 0.180000 -0.412463
0.466667 0.666667 0.120000 0.030718
0.400000 0.733333 0.060000 0.217539
0.333333 0.800000 0.000000 0.568535
0.600000 0.533333 0.300000 -0.555408
0.533333 0.600000 0.240000 -0.311876
0.466667 0.666667 0.180000 0.059896
0.400000 0.733333 0.120000 0.215024
0.333333 0.800000 0.060000 0.564498
0.266667 0.866667 0.000000 0.911171
0.533333 0.600000 0.300000 -0.273060
0.466667 0.666667 0.240000 0.073106
0.400000 0.733333 0.180000 0.224722
0.333333 0.800000 0.120000 0.560290
0.266667 0.866667 0.060000 0.912258
0.200000 0.933333 0.000000 0.846616
0.133333 1.000000 0.000000 0.949812
0.200000 0.933333 0.060000 0.847831
0.266667 0.866667 0.120000 0.905911
0.333333 0.800000 0.180000 0.566276
0.400000 0.733333 0.240000 0.223029
0.466667 0.666667 0.300000 0.087115
0.133333 1.000000 0.060000 0.944855
0.200000 0.933333 0.120000 0.840444
0.266667 0.866667 0.180000 0.910555
0.333333 0.800000 0.240000 0.561999
0.400000 0.733333 0.300000 0.225718
0.133333 1.000000 0.120000 0.942158
0.200000 0.933333 0.180000 0.846039
0.266667 0.866667 0.240000 0.905867
0.333333 0.800000 0.300000 0.564346
0.266667 0.866667 0.300000 0.907543
0.200000 0.933333 0.240000 0.841997
0.133333 1.000000 0.180000 0.948613
0.200000 0.933333 0.300000 0.841022
0.133333 1.000000 0.240000 0.944684
0.133333 1.000000 0.300000 0.942985
0.666667 0.533333 0.000000 -1.142216
0.733333 0.466667 0.060000 -0.971563
0.800000 0.400000 0.120000 -0.701367
0.866667 0.333333 0.180000 -0.523539
0.933333 0.266667 0.240000 -0.244306
1.000000 0.200000 0.300000 -0.273197
0.733333 0.533333 0.000000 -1.205015
0.800000 0.466667 0.060000 -0.971563
0.866667 0.400000 0.120000 -0.761976
0.933333 0.333333 0.180000 -0.566872
1.000000 0.266667 0.240000 -0.272785
0.800000 0.533333 0.000000 -1.205015
0.866667 0.466667 0.060000 -0.995445
0.933333 0.400000 0.120000 -0.786828
1.000000 0.333333 0.180000 -0.589441
0.866667 0.533333 0.000000 -1.205851
0.933333 0.466667 0.060000 -1.002848
1.000000 0.400000 0.120000 -0.802044
1.000000 0.466667 0.060000 -1.007817
0.933333 0.533333 0.000000 -1.204538
1.000000 0.533333 0.000000 -1.196592
0.600000 0.600000 0.000000 -1.089566
0.666667 0.533333 0.060000 -1.145423
0.733333 0.466667 0.120000 -0.965678
0.800000 0.400000 0.180000 -0.681290
0.866667 0.333333 0.240000 -0.525571
0.933333 0.266667 0.300000 -0.245384
0.533333 0.666667 0.000000 -0.598909
0.600000 0.600000 0.060000 -1.105089
0.666667 0.533333 0.120000 -1.111045
0.733333 0.466667 0.180000 -0.944148
0.800000 0.400000 0.240000 -0.672835
0.866667 0.333333 0.300000 -0.525902
0.800000 0.400000 0.300000 -0.667298
0.733333 0.466667 0.240000 -0.931484
0.666667 0.533333 0.180000 -1.022021
0.600000 0.600000 0.120000 -1.063846
0.533333 0.666667 0.060000 -0.603344
0.466667 0.733333 0.000000 -0.188820
0.400000 0.800000 0.000000 0.218715
0.466667 0.733333 0.060000 -0.189443
0.533333 0.666667 0.120000 -0.580304
0.600000 0.600000 0.180000 -0.936488
0.666667 0.533333 0.240000 -0.944957
0.733333 0.466667 0.300000 -0.918900
0.666667 0.533333 0.300000 -0.903576
0.600000 0.600000 0.240000 -0.831890
0.533333 0.666667 0.180000 -0.518469
0.466667 0.733333 0.120000 -0.188247
0.400000 0.800000 0.060000 0.217539
0.333333 0.866667 0.000000 0.462722
0.600000 0.600000 0.300000 -0.784136
0.533333 0.666667 0.240000 -0.471363
0.466667 0.733333 0.180000 -0.174066
0.400000 0.800000 0.120000 0.215024
0.333333 0.866667 0.060000 0.458492
0.266667 0.933333 0.000000 0.846616
0.533333 0.666667 0.300000 -0.446316
0.466667 0.733333 0.240000 -0.171311
0.400000 0.800000 0.180000 0.224722
0.333333 0.866667 0.120000 0.454153
0.266667 0.933333 0.060000 0.847831
0.200000 1.000000 0.000000 0.828214
0.200000 1.000000 0.060000 0.827126
0.266667 0.933333 0.120000 0.840444
0.333333 0.866667 0.180000 0.458130
0.400000 0.800000 0.240000 0.223029
0.466667 0.733333 0.300000 -0.165087
0.200000 1.000000 0.120000 0.820894
0.266667 0.933333 0.180000 0.846039
0.333333 0.866667 0.240000 0.455343
0.400000 0.800000 0.300000 0.225718
0.200000 1.000000 0.180000 0.823877
0.266667 0.933333 0.240000 0.841997
0.333333 0.866667 0.300000 0.458182
0.266667 0.933333 0.300000 0.841022
0.200000 1.000000 0.240000 0.819472
0.200000 1.000000 0.300000 0.817995
0.666667 0.600000 0.000000 -1.292499
0.733333 0.533333 0.060000 -1.206925
0.800000 0.466667 0.120000 -0.965678
0.866667 0.400000 0.180000 -0.747678
0.933333 0.333333 0.240000 -0.570560
1.000000 0.266667 0.300000 -0.273197
0.733333 0.600000 0.000000 -1.377489
0.800000 0.533333 0.060000 -1.206925
0.866667 0.466667 0.120000 -0.995192
0.933333 0.400000 0.180000 -0.773824
1.000000 0.333333 0.240000 -0.592887
0.800000 0.600000 0.000000 -1.377489
0.866667 0.533333 0.060000 -1.207897
0.933333 0.466667 0.120000 -1.002278
1.000000 0.400000 0.180000 -0.792233
0.866667 0.600000 0.000000 -1.378095
0.933333 0.533333 0.060000 -1.203602
1.000000 0.466667 0.120000 -1.009800
1.000000 0.533333 0.060000 -1.202529
0.933333 0.600000 0.000000 -1.374223
1.000000 0.600000 0.000000 -1.361334
0.600000 0.666667 0.000000 -1.063859
0.666667 0.600000 0.060000 -1.291911
0.733333 0.533333 0.120000 -1.200142
0.800000 0.466667 0.180000 -0.944148
0.866667 0.400000 0.240000 -0.746801
0.933333 0.333333 0.300000 -0.570075
0.533333 0.733333 0.000000 -0.607247
0.600000 0.666667 0.060000 -1.066271
0.666667 0.600000 0.120000 -1.263621
0.733333 0.533333 0.180000 -1.178201
0.800000 0.466667 0.240000 -0.931484
0.866667 0.400000 0.300000 -0.743870
0.800000 0.466667 0.300000 -0.918900
0.733333 0.533333 0.240000 -1.164922
0.666667 0.600000 0.180000 -1.193556
0.600000 0.666667 0.120000 -1.040443
0.533333 0.733333 0.060000 -0.612573
0.466667 0.800000 0.000000 -0.188820
0.400000 0.866667 0.000000 0.140103
0.466667 0.800000 0.060000 -0.189443
0.533333 0.733333 0.120000 -0.608437
0.600000 0.666667 0.180000 -0.972458
0.666667 0.600000 0.240000 -1.133745
0.733333 0.533333 0.300000 -1.150533
0.666667 0.600000 0.300000 -1.097889
0.600000 0.666667 0.240000 -0.917731
0.533333 0.733333 0.180000 -0.587758
0.466667 0.800000 0.120000 -0.188247
0.400000 0.866667 0.060000 0.137940
0.333333 0.933333 0.000000 0.408701
0.600000 0.666667 0.300000 -0.890038
0.533333 0.733333 0.240000 -0.576479
0.466667 0.800000 0.180000 -0.174066
0.400000 0.866667 0.120000 0.133236
0.333333 0.933333 0.060000 0.405395
0.266667 1.000000 0.000000 0.828214
0.533333 0.733333 0.300000 -0.566548
0.466667 0.800000 0.240000 -0.171311
0.400000 0.866667 0.180000 0.137845
0.333333 0.933333 0.120000 0.400950
0.266667 1.000000 0.060000 0.827126
0.266667 1.000000 0.120000 0.820894
0.333333 0.933333 0.180000 0.403909
0.400000 0.866667 0.240000 0.137643
0.466667 0.800000 0.300000 -0.165087
0.266667 1.000000 0.180000 0.823877
0.333333 0.933333 0.240000 0.400775
0.400000 0.866667 0.300000 0.140532
0.266667 1.000000 0.240000 0.819472
0.333333 0.933333 0.300000 0.402053
0.266667 1.000000 0.300000 0.817995
0.666667 0.666667 0.000000 -1.312762
0.733333 0.600000 0.060000 -1.377145
0.800000 0.533333 0.120000 -1.200142
0.866667 0.466667 0.180000 -0.979830
0.933333 0.400000 0.240000 -0.776808
1.000000 0.333333 0.300000 -0.592345
0.733333 0.666667 0.000000 -1.475160
0.800000 0.600000 0.060000 -1.377145
0.866667 0.533333 0.120000 -1.206703
0.933333 0.466667 0.180000 -0.987946
1.000000 0.400000 0.240000 -0.795014
0.800000 0.666667 0.000000 -1.475160
0.866667 0.600000 0.060000 -1.376401
0.933333 0.533333 0.120000 -1.202826
1.000000 0.466667 0.180000 -1.000776
0.866667 0.666667 0.000000 -1.490395
0.933333 0.600000 0.060000 -1.368911
1.000000 0.533333 0.120000 -1.202666
1.000000 0.600000 0.060000 -1.363332
0.933333 0.666667 0.000000 -1.491059
1.000000 0.666667 0.000000 -1.478530
0.600000 0.733333 0.000000 -0.973118
0.666667 0.666667 0.060000 -1.309361
0.733333 0.600000 0.120000 -1.370931
0.800000 0.533333 0.180000 -1.178201
0.866667 0.466667 0.240000 -0.976460
0.933333 0.400000 0.300000 -0.774975
0.533333 0.800000 0.000000 -0.607247
0.600000 0.733333 0.060000 -0.976932
0.666667 0.666667 0.120000 -1.292431
0.733333 0.600000 0.180000 -1.349579
0.800000 0.533333 0.240000 -1.164922
0.866667 0.466667 0.300000 -0.967986
0.800000 0.533333 0.300000 -1.150533
0.733333 0.600000 0.240000 -1.337231
0.666667 0.666667 0.180000 -1.244601
0.600000 0.733333 0.120000 -0.972550
0.533333 0.800000 0.060000 -0.612573
0.466667 0.866667 0.000000 -0.225621
0.400000 0.933333 0.000000 0.101576
0.466667 0.866667 0.060000 -0.228498
0.533333 0.800000 0.120000 -0.608437
0.600000 0.733333 0.180000 -0.947381
0.666667 0.666667 0.240000 -1.206477
0.733333 0.600000 0.300000 -1.323834
0.666667 0.666667 0.300000 -1.183073
0.600000 0.733333 0.240000 -0.931624
0.533333 0.800000 0.180000 -0.587758
0.466667 0.866667 0.120000 -0.230893
0.400000 0.933333 0.060000 0.101030
0.333333 1.000000 0.000000 0.394215
0.600000 0.733333 0.300000 -0.921106
0.533333 0.800000 0.240000 -0.576479
0.466667 0.866667 0.180000 -0.221741
0.400000 0.933333 0.120000 0.096000
0.333333 1.000000 0.060000 0.388423
0.533333 0.800000 0.300000 -0.566548
0.466667 0.866667 0.240000 -0.220314
0.400000 0.933333 0.180000 0.097095
0.333333 1.000000 0.120000 0.382872
0.333333 1.000000 0.180000 0.383252
0.400000 0.933333 0.240000 0.095624
0.466667 0.866667 0.300000 -0.215352
0.333333 1.000000 0.240000 0.379155
0.400000 0.933333 0.300000 0.098593
0.333333 1.000000 0.300000 0.380677
0.666667 0.733333 0.000000 -1.239893
0.733333 0.666667 0.060000 -1.471834
0.800000 0.600000 0.120000 -1.370931
0.866667 0.533333 0.180000 -1.190629
0.933333 0.466667 0.240000 -0.989852
1.000000 0.400000 0.300000 -0.792697
0.733333 0.733333 0.000000 -1.516976
0.800000 0.666667 0.060000 -1.471834
0.866667 0.600000 0.120000 -1.373323
0.933333 0.533333 0.180000 -1.186961
1.000000 0.466667 0.240000 -1.001846
0.800000 0.733333 0.000000 -1.516976
0.866667 0.666667 0.060000 -1.485103
0.933333 0.600000 0.120000 -1.367897
1.000000 0.533333 0.180000 -1.192710
0.866667 0.733333 0.000000 -1.571067
0.933333 0.666667 0.060000 -1.480449
1.000000 0.600000 0.120000 -1.363778
1.000000 0.666667 0.060000 -1.476684
0.933333 0.733333 0.000000 -1.591236
1.000000 0.733333 0.000000 -1.588066
0.600000 0.800000 0.000000 -0.973118
0.666667 0.733333 0.060000 -1.237472
0.733333 0.666667 0.120000 -1.467015
0.800000 0.600000 0.180000 -1.349579
0.866667 0.533333 0.240000 -1.186259
0.933333 0.466667 0.300000 -0.984795
0.533333 0.866667 0.000000 -0.601579
0.600000 0.800000 0.060000 -0.976932
0.666667 0.733333 0.120000 -1.235521
0.733333 0.666667 0.180000 -1.445530
0.800000 0.600000 0.240000 -1.337231
0.866667 0.533333 0.300000 -1.177020
0.800000 0.600000 0.300000 -1.323834
0.733333 0.666667 0.240000 -1.433663
0.666667 0.733333 0.180000 -1.212942
0.600000 0.800000 0.120000 -0.972550
0.533333 0.866667 0.060000 -0.608622
0.466667 0.933333 0.000000 -0.243113
0.400000 1.000000 0.000000 0.091899
0.466667 0.933333 0.060000 -0.244168
0.533333 0.866667 0.120000 -0.608428
0.600000 0.800000 0.180000 -0.947381
0.666667 0.733333 0.240000 -1.197895
0.733333 0.666667 0.300000 -1.423004
0.666667 0.733333 0.300000 -1.186571
0.600000 0.800000 0.240000 -0.931624
0.533333 0.866667 0.180000 -0.595170
0.466667 0.933333 0.120000 -0.248277
0.400000 1.000000 0.060000 0.088066
0.600000 0.800000 0.300000 -0.921106
0.533333 0.866667 0.240000 -0.589771
0.466667 0.933333 0.180000 -0.243145
0.400000 1.000000 0.120000 0.083127
0.533333 0.866667 0.300000 -0.581220
0.466667 0.933333 0.240000 -0.243145
0.400000 1.000000 0.180000 0.082433
0.400000 1.000000 0.240000 0.077883
0.466667 0.933333 0.300000 -0.238216
0.400000 1.000000 0.300000 0.081764
0.666667 0.800000 0.000000 -1.239893
0.733333 0.733333 0.060000 -1.513290
0.800000 0.666667 0.120000 -1.467015
0.866667 0.600000 0.180000 -1.355931
0.933333 0.533333 0.240000 -1.187703
1.000000 0.466667 0.300000 -0.997330
0.733333 0.800000 0.000000 -1.516976
0.800000 0.733333 0.060000 -1.513290
0.866667 0.666667 0.120000 -1.480497
0.933333 0.600000 0.180000 -1.350586
1.000000 0.533333 0.240000 -1.194222
0.800000 0.800000 0.000000 -1.516976
0.866667 0.733333 0.060000 -1.565583
0.933333 0.666667 0.120000 -1.477462
1.000000 0.600000 0.180000 -1.352238
0.866667 0.800000 0.000000 -1.571067
0.933333 0.733333 0.060000 -1.582650
1.000000 0.666667 0.120000 -1.476885
1.000000 0.733333 0.060000 -1.589456
0.933333 0.800000 0.000000 -1.591236
1.000000 0.800000 0.000000 -1.588066
0.600000 0.866667 0.000000 -0.939775
0.666667 0.800000 0.060000 -1.237472
0.733333 0.733333 0.120000 -1.510955
0.800000 0.666667 0.180000 -1.445530
0.866667 0.600000 0.240000 -1.350653
0.933333 0.533333 0.300000 -1.180866
0.533333 0.933333 0.000000 -0.596844
0.600000 0.866667 0.060000 -0.943157
0.666667 0.800000 0.120000 -1.235521
0.733333 0.733333 0.180000 -1.490774
0.800000 0.666667 0.240000 -1.433663
0.866667 0.600000 0.300000 -1.343178
0.800000 0.666667 0.300000 -1.423004
0.733333 0.733333 0.240000 -1.482094
0.666667 0.800000 0.180000 -1.212942
0.600000 0.866667 0.120000 -0.941999
0.533333 0.933333 0.060000 -0.601587
0.466667 1.000000 0.000000 -0.246626
0.466667 1.000000 0.060000 -0.250504
0.533333 0.933333 0.120000 -0.603173
0.600000 0.866667 0.180000 -0.925005
0.666667 0.800000 0.240000 -1.197895
0.733333 0.733333 0.300000 -1.475172
0.666667 0.800000 0.300000 -1.186571
0.600000 0.866667 0.240000 -0.917186
0.533333 0.933333 0.180000 -0.595321
0.466667 1.000000 0.120000 -0.253746
0.600000 0.866667 0.300000 -0.909280
0.533333 0.933333 0.240000 -0.593342
0.466667 1.000000 0.180000 -0.250631
0.533333 0.933333 0.300000 -0.585092
0.466667 1.000000 0.240000 -0.253755
0.466667 1.000000 0.300000 -0.247713
0.666667 0.866667 0.000000 -1.199578
0.733333 0.800000 0.060000 -1.513290
0.800000 0.733333 0.120000 -1.510955
0.866667 0.666667 0.180000 -1.461984
0.933333 0.600000 0.240000 -1.348209
1.000000 0.533333 0.300000 -1.189492
0.733333 0.866667 0.000000 -1.498517
0.800000 0.800000 0.060000 -1.513290
0.866667 0.733333 0.120000 -1.561043
0.933333 0.666667 0.180000 -1.460340
1.000000 0.600000 0.240000 -1.351800
0.800000 0.866667 0.000000 -1.498517
0.866667 0.800000 0.060000 -1.565583
0.933333 0.733333 0.120000 -1.577786
1.000000 0.666667 0.180000 -1.464344
0.866667 0.866667 0.000000 -1.565517
0.933333 0.800000 0.060000 -1.582650
1.000000 0.733333 0.120000 -1.587996
1.000000 0.800000 0.060000 -1.589456
0.933333 0.866667 0.000000 -1.599886
1.000000 0.866667 0.000000 -1.606292
0.600000 0.933333 0.000000 -0.918009
0.666667 0.866667 0.060000 -1.197356
0.733333 0.800000 0.120000 -1.510955
0.800000 0.733333 0.180000 -1.490774
0.866667 0.666667 0.240000 -1.455778
0.933333 0.600000 0.300000 -1.342142
0.533333 1.000000 0.000000 -0.593066
0.600000 0.933333 0.060000 -0.919363
0.666667 0.866667 0.120000 -1.198498
0.733333 0.800000 0.180000 -1.490774
0.800000 0.733333 0.240000 -1.482094
0.866667 0.666667 0.300000 -1.450033
0.800000 0.733333 0.300000 -1.475172
0.733333 0.800000 0.240000 -1.482094
0.666667 0.866667 0.180000 -1.181760
0.600000 0.933333 0.120000 -0.919162
0.533333 1.000000 0.060000 -0.600447
0.533333 1.000000 0.120000 -0.602234
0.600000 0.933333 0.180000 -0.908685
0.666667 0.866667 0.240000 -1.172621
0.733333 0.800000 0.300000 -1.475172
0.666667 0.866667 0.300000 -1.164207
0.600000 0.933333 0.240000 -0.906009
0.533333 1.000000 0.180000 -0.596009
0.600000 0.933333 0.300000 -0.898165
0.533333 1.000000 0.240000 -0.596249
0.533333 1.000000 0.300000 -0.586762
0.666667 0.933333 0.000000 -1.170704
0.733333 0.866667 0.060000 -1.498651
0.800000 0.800000 0.120000 -1.510955
0.866667 0.733333 0.180000 -1.542146
0.933333 0.666667 0.240000 -1.457127
1.000000 0.600000 0.300000 -1.347441
0.733333 0.933333 0.000000 -1.480774
0.800000 0.866667 0.060000 -1.498651
0.866667 0.800000 0.120000 -1.561043
0.933333 0.733333 0.180000 -1.559856
1.000000 0.666667 0.240000 -1.463057
0.800000 0.933333 0.000000 -1.480774
0.866667 0.866667 0.060000 -1.564067
0.933333 0.800000 0.120000 -1.577786
1.000000 0.733333 0.180000 -1.573310
0.866667 0.933333 0.000000 -1.557283
0.933333 0.866667 0.060000 -1.595394
1.000000 0.800000 0.120000 -1.587996
1.000000 0.866667 0.060000 -1.610422
0.933333 0.933333 0.000000 -1.602303
1.000000 0.933333 0.000000 -1.614576
0.600000 1.000000 0.000000 -0.908394
0.666667 0.933333 0.060000 -1.167521
0.733333 0.866667 0.120000 -1.500506
0.800000 0.800000 0.180000 -1.490774
0.866667 0.733333 0.240000 -1.537660
0.933333 0.666667 0.300000 -1.453231
0.600000 1.000000 0.060000 -0.914149
0.666667 0.933333 0.120000 -1.169630
0.733333 0.866667 0.180000 -1.482240
0.800000 0.800000 0.240000 -1.482094
0.866667 0.733333 0.300000 -1.532875
0.800000 0.800000 0.300000 -1.475172
0.733333 0.866667 0.240000 -1.475038
0.666667 0.933333 0.180000 -1.158239
0.600000 1.000000 0.120000 -0.913914
0.600000 1.000000 0.180000 -0.903994
0.666667 0.933333 0.240000 -1.153797
0.733333 0.866667 0.300000 -1.468544
0.666667 0.933333 0.300000 -1.146513
0.600000 1.000000 0.240000 -0.903243
0.600000 1.000000 0.300000 -0.893580
0.666667 1.000000 0.000000 -1.157717
0.733333 0.933333 0.060000 -1.480750
0.800000 0.866667 0.120000 -1.500506
0.866667 0.800000 0.180000 -1.542146
0.933333 0.733333 0.240000 -1.559330
1.000000 0.666667 0.300000 -1.459886
0.733333 1.000000 0.000000 -1.473164
0.800000 0.933333 0.060000 -1.480750
0.866667 0.866667 0.120000 -1.563215
0.933333 0.800000 0.180000 -1.559856
1.000000 0.733333 0.240000 -1.575066
0.800000 1.000000 0.000000 -1.473164
0.866667 0.933333 0.060000 -1.557544
0.933333 0.866667 0.120000 -1.590815
1.000000 0.800000 0.180000 -1.573310
0.866667 1.000000 0.000000 -1.554654
0.933333 0.933333 0.060000 -1.601039
1.000000 0.866667 0.120000 -1.606181
1.000000 0.933333 0.060000 -1.619527
0.933333 1.000000 0.000000 -1.602161
1.000000 1.000000 0.000000 -1.613774
0.666667 1.000000 0.060000 -1.158106
0.733333 0.933333 0.120000 -1.485453
0.800000 0.866667 0.180000 -1.482240
0.866667 0.800000 0.240000 -1.537660
0.933333 0.733333 0.300000 -1.556357
0.666667 1.000000 0.120000 -1.160073
0.733333 0.933333 0.180000 -1.471092
0.800000 0.866667 0.240000 -1.475038
0.866667 0.800000 0.300000 -1.532875
0.800000 0.866667 0.300000 -1.468544
0.733333 0.933333 0.240000 -1.465740
0.666667 1.000000 0.180000 -1.149976
0.666667 1.000000 0.240000 -1.147748
0.733333 0.933333 0.300000 -1.459775
0.666667 1.000000 0.300000 -1.139713
0.733333 1.000000 0.060000 -1.472208
0.800000 0.933333 0.120000 -1.485453
0.866667 0.866667 0.180000 -1.544837
0.933333 0.800000 0.240000 -1.559330
1.000000 0.733333 0.300000 -1.573887
0.800000 1.000000 0.060000 -1.472208
0.866667 0.933333 0.120000 -1.559130
0.933333 0.866667 0.180000 -1.571265
1.000000 0.800000 0.240000 -1.575066
0.866667 1.000000 0.060000 -1.553822
0.933333 0.933333 0.120000 -1.597403
1.000000 0.866667 0.180000 -1.588497
0.933333 1.000000 0.060000 -1.600760
1.000000 0.933333 0.120000 -1.614994
1.000000 1.000000 0.060000 -1.617582
0.733333 1.000000 0.120000 -1.477691
0.800000 0.933333 0.180000 -1.471092
0.866667 0.866667 0.240000 -1.541807
0.933333 0.800000 0.300000 -1.556357
0.733333 1.000000 0.180000 -1.467383
0.800000 0.933333 0.240000 -1.465740
0.866667 0.866667 0.300000 -1.537444
0.800000 0.933333 0.300000 -1.459775
0.733333 1.000000 0.240000 -1.463611
0.733333 1.000000 0.300000 -1.457844
0.800000 1.000000 0.120000 -1.477691
0.866667 0.933333 0.180000 -1.542142
0.933333 0.866667 0.240000 -1.571601
1.000000 0.800000 0.300000 -1.573887
0.866667 1.000000 0.120000 -1.556024
0.933333 0.933333 0.180000 -1.576874
1.000000 0.866667 0.240000 -1.590686
0.933333 1.000000 0.120000 -1.597383
1.000000 0.933333 0.180000 -1.596504
1.000000 1.000000 0.120000 -1.614557
0.800000 1.000000 0.180000 -1.467383
0.866667 0.933333 0.240000 -1.540187
0.933333 0.866667 0.300000 -1.568806
0.800000 1.000000 0.240000 -1.463611
0.866667 0.933333 0.300000 -1.536943
0.800000 1.000000 0.300000 -1.457844
0.866667 1.000000 0.180000 -1.543307
0.933333 0.933333 0.240000 -1.576209
1.000000 0.866667 0.300000 -1.589566
0.933333 1.000000 0.180000 -1.580641
1.000000 0.933333 0.240000 -1.595987
1.000000 1.000000 0.180000 -1.601228
0.866667 1.000000 0.240000 -1.542162
0.933333 0.933333 0.300000 -1.574806
0.866667 1.000000 0.300000 -1.538959
0.933333 1.000000 0.240000 -1.579870
1.000000 0.933333 0.300000 -1.594423
1.000000 1.000000 0.240000 -1.600359
0.933333 1.000000 0.300000 -1.577839
1.000000 1.000000 0.300000 -1.597713
