0.042500 0.014231 0.042000 0.620980
0.042500 0.041154 0.042000 0.643587
0.042500 0.037308 0.042000 0.641587
0.044500 0.041154 0.042000 0.644307
0.044500 0.018077 0.042000 0.626153
0.042500 0.018077 0.042000 0.625308
0.044500 0.037308 0.042000 0.642319
0.044500 0.021923 0.042000 0.629893
0.044500 0.033462 0.042000 0.640332
0.044500 0.025769 0.042000 0.633634
0.044500 0.029615 0.042000 0.637374
0.042500 0.033462 0.042000 0.639588
0.043530 0.034123 0.040578 0.631336
0.042500 0.021923 0.042000 0.629075
0.042500 0.025769 0.042000 0.632842
0.042500 0.029615 0.042000 0.636609
0.044500 -0.001154 0.042000 0.603177
0.044500 -0.005000 0.042000 0.603177
0.044500 0.002692 0.042000 0.606711
0.044500 0.014231 0.042000 0.621855
0.044500 0.006538 0.042000 0.611759
0.044500 0.010385 0.042000 0.616807
0.043493 0.010418 0.040543 0.637740
0.042500 0.010385 0.042000 0.615898
0.042452 0.016257 0.038389 0.630945
0.044545 0.016040 0.038560 0.631385
0.042453 0.012517 0.038409 0.625777
0.042500 0.045000 0.042000 0.645586
0.044500 0.045000 0.042000 0.646294
0.044537 0.042261 0.039208 0.652100
0.042458 0.039197 0.038837 0.650451
0.042463 0.042256 0.039173 0.651337
0.042454 0.035689 0.038538 0.649183
0.044541 0.039165 0.038861 0.651248
0.042500 -0.005000 0.042000 0.602176
0.044544 0.019955 0.038635 0.635309
0.042452 0.019950 0.038385 0.634847
0.044546 0.035001 0.038515 0.649750
0.044545 0.023507 0.038615 0.639056
0.044545 0.031201 0.038611 0.647091
0.044543 0.027433 0.038739 0.642863
0.042453 0.031504 0.038463 0.646845
0.042452 0.023679 0.038320 0.638921
0.042448 0.027642 0.038049 0.643726
0.042500 -0.001154 0.042000 0.602176
0.042500 0.006538 0.042000 0.610816
0.042500 0.002692 0.042000 0.605734
0.044533 -0.002292 0.039500 0.607458
0.044537 0.000814 0.039208 0.609080
0.042465 -0.002315 0.039322 0.606645
0.044554 -0.005000 0.037871 0.610248
0.044540 0.004408 0.038931 0.614542
0.044548 0.012306 0.038373 0.626611
0.044547 0.008334 0.038423 0.620955
0.042452 0.008810 0.038319 0.620731
0.044592 0.018067 0.034973 0.641179
0.042407 0.018095 0.034910 0.640157
0.042408 0.014545 0.035004 0.635485
0.044596 0.014495 0.034713 0.637220
0.042408 0.010930 0.034996 0.630124
0.042417 0.033731 0.035728 0.654818
0.042446 0.045000 0.037871 0.656245
0.043500 0.043789 0.037696 0.629764
0.044554 0.045000 0.037871 0.657150
0.044580 0.041670 0.035894 0.660315
0.042403 0.037622 0.034598 0.660005
0.042420 0.041703 0.035906 0.659288
0.044603 0.037303 0.034186 0.661935
0.042446 -0.005000 0.037871 0.609066
0.044590 0.021842 0.035160 0.644987
0.042406 0.021884 0.034845 0.644567
0.044599 0.032610 0.034483 0.658220
0.044589 0.025286 0.035252 0.648616
0.044590 0.029127 0.035145 0.653146
0.042399 0.030446 0.034318 0.655458
0.042406 0.025808 0.034840 0.649002
0.042459 0.000773 0.038876 0.608469
0.042449 0.005043 0.038088 0.615838
0.044571 0.002557 0.036611 0.616094
0.042419 -0.001757 0.035829 0.612471
0.044583 -0.001298 0.035662 0.614034
0.044612 -0.005000 0.033518 0.617710
0.044587 0.005752 0.035422 0.622903
0.044604 0.010295 0.034118 0.632139
0.044632 0.019883 0.032000 0.649691
0.042360 0.020039 0.031386 0.649687
0.043499 0.018235 0.031673 0.637858
0.044637 0.016786 0.031613 0.646794
0.042401 0.007595 0.034451 0.626167
0.042365 0.016229 0.031729 0.644570
0.042376 0.013054 0.032577 0.638065
0.044641 0.013156 0.031287 0.641991
0.042360 0.010302 0.031347 0.636000
0.026833 0.014231 0.042000 0.612776
0.042349 0.030620 0.030526 0.663942
0.042363 0.033858 0.031559 0.664827
0.044654 0.033775 0.030312 0.668454
0.042388 0.045000 0.033518 0.667473
0.042332 0.037385 0.029245 0.671680
0.042359 0.041395 0.031293 0.670487
0.044612 0.045000 0.033518 0.668603
0.044639 0.041417 0.031433 0.671482
0.044672 0.037434 0.028954 0.673673
0.042388 -0.005000 0.033518 0.616322
0.044632 0.023627 0.031930 0.654269
0.042359 0.023820 0.031319 0.654331
0.044643 0.029791 0.031125 0.663161
0.044624 0.026758 0.032598 0.656419
0.042359 0.027480 0.031297 0.658758
0.044684 0.030849 0.028045 0.670256
0.042321 0.028976 0.028433 0.665740
0.042396 0.002749 0.034121 0.619464
0.044618 0.002349 0.033057 0.622088
0.042360 -0.001415 0.031375 0.619765
0.044644 -0.001078 0.031036 0.621720
0.044672 -0.005000 0.028929 0.624604
0.042312 0.025604 0.027708 0.662819
0.044667 0.021743 0.029331 0.656671
0.042314 0.021979 0.027853 0.658019
0.044637 0.006336 0.031575 0.630878
0.044654 0.010251 0.030294 0.638981
0.044678 0.018680 0.028475 0.654374
0.042320 0.018097 0.028298 0.652424
0.044671 0.015452 0.028990 0.649372
0.042347 0.006462 0.030393 0.631333
0.044675 0.002900 0.028675 0.629633
0.042324 0.013213 0.028653 0.644774
0.044692 0.012446 0.027393 0.647080
0.042321 0.009637 0.028381 0.639385
0.028833 -0.001154 0.042000 0.594487
0.028833 -0.005000 0.042000 0.594487
0.028833 0.002692 0.042000 0.598217
0.028833 0.014231 0.042000 0.614201
0.026833 0.041154 0.042000 0.636884
0.026833 0.037308 0.042000 0.634737
0.028833 0.041154 0.042000 0.638036
0.028833 0.037308 0.042000 0.635923
0.026833 0.033462 0.042000 0.632591
0.028833 0.018077 0.042000 0.618752
0.026833 0.018077 0.042000 0.617369
0.028833 0.033462 0.042000 0.633809
0.028833 0.029615 0.042000 0.630667
0.028833 0.025769 0.042000 0.626695
0.028833 0.021923 0.042000 0.622723
0.027882 0.030422 0.040167 0.633350
0.026833 0.029615 0.042000 0.629410
0.026833 0.025769 0.042000 0.625396
0.026833 0.021923 0.042000 0.621383
0.028833 0.006538 0.042000 0.603545
0.028833 0.010385 0.042000 0.608873
0.027826 0.010421 0.040549 0.638477
0.026833 0.010385 0.042000 0.607405
0.026787 0.012538 0.038447 0.616335
0.028879 0.016054 0.038557 0.622902
0.026787 0.016316 0.038457 0.621720
0.042305 0.032609 0.027207 0.672095
0.044708 0.033543 0.026195 0.676237
0.042328 0.045000 0.028929 0.677719
0.042265 0.036727 0.024123 0.681018
0.042295 0.041028 0.026418 0.679823
0.044737 0.037244 0.023956 0.683407
0.043500 0.041109 0.026524 0.633356
0.044672 0.045000 0.028929 0.679091
0.044702 0.041222 0.026643 0.681032
0.026833 0.045000 0.042000 0.639030
0.028833 0.045000 0.042000 0.640149
0.028870 0.042261 0.039208 0.645000
0.027833 0.042382 0.039300 0.630670
0.026796 0.042256 0.039173 0.643728
0.042328 -0.005000 0.028929 0.623000
0.026833 -0.005000 0.042000 0.592902
0.044682 0.026156 0.028135 0.664250
0.044734 0.029630 0.024218 0.675912
0.042267 0.028620 0.024274 0.672802
0.042326 0.002576 0.028801 0.627337
0.044704 -0.000981 0.026506 0.627922
0.042296 -0.001203 0.026524 0.626178
0.044736 -0.005000 0.024090 0.631231
0.042266 0.023769 0.024215 0.666547
0.044721 0.021522 0.025201 0.663608
0.042282 0.020107 0.025429 0.659721
0.044701 0.007778 0.026738 0.640428
0.044731 0.003067 0.024440 0.635936
0.044727 0.016194 0.024760 0.657466
0.042267 0.016339 0.024308 0.656658
0.042287 0.006602 0.025829 0.638125
0.044739 0.011480 0.023801 0.651163
0.042267 0.011366 0.024301 0.648409
0.026833 -0.001154 0.042000 0.592902
0.026833 0.006538 0.042000 0.602033
0.026833 0.002692 0.042000 0.596662
0.028870 0.000814 0.039208 0.599761
0.028866 -0.002292 0.039500 0.598157
0.026798 -0.002315 0.039322 0.596658
0.028888 -0.005000 0.037871 0.600549
0.028874 0.004408 0.038932 0.605388
0.028881 0.012307 0.038372 0.617819
0.026792 0.039197 0.038837 0.642614
0.026788 0.035689 0.038538 0.641115
0.028875 0.039165 0.038861 0.643941
0.028880 0.034905 0.038475 0.642231
0.026787 0.031504 0.038463 0.638590
0.028878 0.019974 0.038628 0.627077
0.026786 0.020001 0.038433 0.625859
0.028879 0.031006 0.038546 0.639363
0.028878 0.027284 0.038598 0.635163
0.028878 0.023509 0.038633 0.630948
0.026781 0.027778 0.038026 0.635306
0.026785 0.023674 0.038333 0.630131
0.028880 0.008332 0.038424 0.611919
0.026785 0.008808 0.038322 0.611045
0.026741 0.010931 0.034995 0.619602
0.026741 0.014545 0.035004 0.625170
0.028926 0.018081 0.034959 0.631800
0.028929 0.014495 0.034713 0.627540
0.026740 0.018149 0.034930 0.630031
0.027833 0.017281 0.033290 0.638557
0.044771 0.033305 0.021389 0.685327
0.044786 0.029707 0.020236 0.683490
0.042233 0.032582 0.021697 0.682339
0.042210 0.029135 0.019957 0.681293
0.042201 0.036818 0.019304 0.690306
0.042264 0.045000 0.024090 0.687462
0.042230 0.040751 0.021497 0.689268
0.044802 0.036687 0.019057 0.692629
0.044767 0.040922 0.021739 0.690716
0.044736 0.045000 0.024090 0.689097
0.026779 0.045000 0.037871 0.648301
0.028888 0.045000 0.037871 0.649723
0.028914 0.041690 0.035875 0.652228
0.026753 0.041703 0.035906 0.650560
0.042264 -0.005000 0.024090 0.629394
0.026779 -0.005000 0.037871 0.598692
0.044760 0.024896 0.022215 0.673337
0.042219 0.025044 0.020611 0.674512
0.042259 0.002912 0.023712 0.634867
0.044766 -0.000984 0.021797 0.634374
0.042230 -0.000936 0.021515 0.632793
0.044802 -0.005000 0.019078 0.638103
0.042226 0.020099 0.021207 0.666756
0.044776 0.019754 0.021043 0.668474
0.044796 0.003096 0.019527 0.642994
0.044761 0.007048 0.022132 0.646120
0.044789 0.010826 0.020068 0.655897
0.044782 0.014703 0.020597 0.661890
0.042219 0.014979 0.020659 0.660316
0.042231 0.007179 0.021558 0.645272
0.042210 0.010862 0.019947 0.654140
0.026792 0.000773 0.038876 0.598414
0.026782 0.005043 0.038088 0.605849
0.028904 0.002557 0.036611 0.606239
0.026752 -0.001756 0.035829 0.601552
0.028917 -0.001298 0.035662 0.603796
0.028945 -0.005000 0.033518 0.606950
0.028920 0.005754 0.035422 0.612933
0.028937 0.010295 0.034120 0.622069
0.026751 0.033731 0.035728 0.645737
0.026736 0.037622 0.034597 0.650690
0.028937 0.037268 0.034159 0.653167
0.028932 0.032602 0.034507 0.649301
0.026732 0.030445 0.034317 0.645766
0.028923 0.021869 0.035172 0.635817
0.026740 0.021869 0.034892 0.634490
0.028926 0.028963 0.034951 0.644539
0.028922 0.025290 0.035246 0.639655
0.026738 0.025894 0.034787 0.639440
0.026734 0.007595 0.034451 0.615298
0.026693 0.010302 0.031347 0.624380
0.026709 0.013055 0.032577 0.626931
0.028974 0.013156 0.031287 0.631311
0.028965 0.019889 0.031989 0.639531
0.026698 0.016229 0.031729 0.633332
0.028970 0.016788 0.031611 0.636364
0.026694 0.020074 0.031385 0.638581
0.044833 0.026966 0.016682 0.686260
0.044834 0.032314 0.016613 0.693696
0.042162 0.027406 0.016317 0.685397
0.043501 0.032426 0.016687 0.638232
0.042169 0.032561 0.016863 0.691316
0.042153 0.037011 0.015625 0.697328
0.042169 0.040628 0.016851 0.698266
0.042198 0.045000 0.019078 0.697544
0.044864 0.037083 0.014347 0.701167
0.044833 0.040756 0.016711 0.700741
0.044802 0.045000 0.019078 0.699473
0.026722 0.045000 0.033518 0.658061
0.028945 0.045000 0.033518 0.659831
0.028972 0.041433 0.031432 0.661982
0.026692 0.041396 0.031293 0.660212
0.042198 -0.005000 0.019078 0.636009
0.026722 -0.005000 0.033518 0.604785
0.044829 0.022339 0.016971 0.679153
0.042167 0.022450 0.016728 0.677582
0.042196 0.003128 0.018868 0.641897
0.042163 -0.000972 0.016366 0.639585
0.044828 -0.001058 0.017095 0.640824
0.044868 -0.005000 0.014052 0.644111
0.044847 0.002844 0.015599 0.647999
0.042167 0.017576 0.016706 0.670653
0.044832 0.017150 0.016732 0.672178
0.044832 0.007368 0.016801 0.654697
0.044833 0.012330 0.016681 0.663959
0.042163 0.012676 0.016370 0.662879
0.042162 0.007421 0.016278 0.653353
0.026730 0.002749 0.034121 0.608238
0.028951 0.002349 0.033057 0.611335
0.026694 -0.001416 0.031375 0.607668
0.028978 -0.001071 0.031043 0.610377
0.029005 -0.005000 0.028929 0.612837
0.028971 0.006344 0.031574 0.619963
0.028987 0.010250 0.030291 0.627942
0.026682 0.030620 0.030525 0.653042
0.026696 0.033858 0.031559 0.654362
0.028988 0.033731 0.030231 0.658512
0.026666 0.037385 0.029245 0.660648
0.029006 0.037440 0.028882 0.663501
0.028976 0.029814 0.031138 0.653190
0.026692 0.027480 0.031296 0.647938
0.026693 0.023820 0.031349 0.643298
0.028966 0.023629 0.031929 0.644236
0.028957 0.026757 0.032598 0.646722
0.029017 0.030881 0.028024 0.659585
0.026681 0.006462 0.030393 0.619297
0.029009 0.002924 0.028683 0.617957
0.026655 0.028976 0.028433 0.654152
0.029000 0.021744 0.029331 0.645886
0.026654 0.009637 0.028380 0.626976
0.026658 0.013213 0.028652 0.632576
0.029026 0.012447 0.027394 0.635455
0.029005 0.015453 0.028991 0.638241
0.026645 0.025595 0.027708 0.650865
0.029011 0.018682 0.028471 0.643258
0.026653 0.018093 0.028293 0.640331
0.026647 0.021969 0.027852 0.645955
0.011167 0.014231 0.042000 0.600819
0.044891 0.033306 0.012253 0.700420
0.044887 0.024646 0.012557 0.688205
0.044887 0.029507 0.012588 0.695321
0.042111 0.024924 0.012411 0.686381
0.042108 0.029742 0.012243 0.693683
0.042103 0.034684 0.011820 0.699784
0.044939 0.037240 0.008645 0.708485
0.042100 0.040396 0.011627 0.705171
0.042132 0.045000 0.014052 0.706278
0.044949 0.041711 0.007840 0.713654
0.044898 0.041304 0.011740 0.708240
0.044868 0.045000 0.014052 0.708513
0.026661 0.045000 0.028929 0.666857
0.029005 0.045000 0.028929 0.669009
0.011167 0.041154 0.042000 0.627402
0.013167 0.041154 0.042000 0.628748
0.029035 0.041169 0.026640 0.670189
0.027833 0.041098 0.026524 0.634374
0.026628 0.041031 0.026419 0.668067
0.042132 -0.005000 0.014052 0.641754
0.026661 -0.005000 0.028929 0.610339
0.044934 -0.005000 0.009026 0.648562
0.013167 -0.001154 0.042000 0.581544
0.013167 -0.005000 0.042000 0.581544
0.044886 0.020000 0.012660 0.681255
0.044888 0.014925 0.012499 0.673571
0.042114 0.020000 0.012660 0.678853
0.042100 -0.001448 0.011583 0.643811
0.042133 0.002781 0.014080 0.646919
0.044899 -0.000424 0.011675 0.646216
0.044892 0.004964 0.012211 0.655097
0.043501 -0.001251 0.008473 0.648016
0.044957 -0.001236 0.007285 0.650105
0.042111 0.015104 0.012400 0.671582
0.044887 0.009969 0.012619 0.664126
0.042108 0.010351 0.012224 0.662795
0.042105 0.006407 0.011966 0.655591
0.044943 0.012500 0.008330 0.673273
0.013167 0.018077 0.042000 0.607489
0.011167 0.018077 0.042000 0.605784
0.011167 0.037308 0.042000 0.624937
0.013167 0.037308 0.042000 0.626341
0.011167 0.033462 0.042000 0.622472
0.011167 0.021923 0.042000 0.610170
0.013167 0.021923 0.042000 0.611814
0.011167 0.029615 0.042000 0.618943
0.011167 0.025769 0.042000 0.614556
0.013167 0.025769 0.042000 0.616138
0.012218 0.030404 0.040167 0.634371
0.013167 0.033462 0.042000 0.623933
0.013167 0.029615 0.042000 0.620463
0.026660 0.002574 0.028801 0.614746
0.029037 -0.000964 0.026493 0.615675
0.026630 -0.001210 0.026513 0.612974
0.029069 -0.005000 0.024090 0.618476
0.029034 0.007801 0.026780 0.628470
0.029064 0.003133 0.024443 0.623451
0.026639 0.032609 0.027206 0.660289
0.029042 0.033531 0.026172 0.665115
0.026598 0.036727 0.024119 0.668432
0.029070 0.037240 0.023981 0.671721
0.029016 0.026156 0.028136 0.653338
0.029066 0.029657 0.024304 0.664013
0.045000 0.025000 0.000000 0.703133
0.045000 0.025000 0.004000 0.698575
0.044943 0.022500 0.008330 0.689805
0.042057 0.022500 0.008330 0.687150
0.045000 0.020000 0.000000 0.695153
0.026621 0.006602 0.025828 0.624963
0.026600 0.028620 0.024274 0.659979
0.029054 0.021529 0.025200 0.651789
0.029060 0.016196 0.024759 0.645346
0.029073 0.011483 0.023806 0.638671
0.026600 0.011366 0.024300 0.635004
0.026601 0.016339 0.024311 0.643396
0.026599 0.023760 0.024176 0.653577
0.026615 0.020049 0.025433 0.646830
0.013167 0.002692 0.042000 0.585524
0.013167 0.014231 0.042000 0.602582
0.013167 0.010385 0.042000 0.596896
0.013167 0.006538 0.042000 0.591210
0.012157 0.010419 0.040548 0.639331
0.011167 0.010385 0.042000 0.595075
0.011120 0.016321 0.038491 0.608409
0.013212 0.016054 0.038557 0.610046
0.011121 0.012534 0.038493 0.602681
0.011167 0.045000 0.042000 0.629867
0.013167 0.045000 0.042000 0.631155
0.044941 0.031808 0.008487 0.703665
0.044945 0.027298 0.008207 0.697211
0.042057 0.027500 0.008330 0.694728
0.042055 0.032382 0.008185 0.701924
0.045000 0.035000 0.004000 0.712195
0.045000 0.030000 0.004000 0.706357
0.045000 0.035000 0.000000 0.717122
0.045000 0.030000 0.000000 0.711114
0.013203 0.042261 0.039208 0.634524
0.012167 0.042382 0.039300 0.631686
0.011129 0.042256 0.039173 0.632993
0.045000 0.040000 0.004000 0.716990
0.042047 0.037297 0.007547 0.707258
0.042042 0.041434 0.007196 0.711558
0.042066 0.045000 0.009026 0.712601
0.045000 0.045000 0.004000 0.721785
0.043499 0.042893 0.006136 0.638459
0.044934 0.045000 0.009026 0.715144
0.045000 0.040000 0.000000 0.722073
0.045000 0.042500 0.002000 0.721968
0.026598 0.045000 0.024090 0.675134
0.029069 0.045000 0.024090 0.677710
0.045000 0.045000 0.000000 0.727024
0.011125 0.039201 0.038837 0.631476
0.011122 0.035686 0.038569 0.629501
0.013208 0.039165 0.038861 0.633079
0.011167 -0.005000 0.042000 0.579568
0.029099 0.040804 0.021793 0.678393
0.026564 0.040747 0.021495 0.676016
0.043500 -0.002505 0.006238 0.649717
0.042043 -0.001900 0.007260 0.647408
0.042066 -0.005000 0.009026 0.645939
0.026598 -0.005000 0.024090 0.615613
0.045000 -0.005000 0.004000 0.653019
0.045000 -0.002500 0.002000 0.654769
0.011167 -0.001154 0.042000 0.579568
0.011167 0.006538 0.042000 0.589332
0.011167 0.002692 0.042000 0.583589
0.013200 -0.002292 0.039500 0.584343
0.013203 0.000814 0.039208 0.585913
0.011131 -0.002314 0.039322 0.582346
0.013221 -0.005000 0.037871 0.586169
0.045000 0.000000 0.004000 0.653019
0.045000 0.000000 0.000000 0.656518
0.044943 0.017500 0.008330 0.682237
0.045000 0.020000 0.004000 0.690793
0.042057 0.017500 0.008330 0.679571
0.045000 0.015000 0.000000 0.686803
0.042059 0.002467 0.008453 0.651167
0.044944 0.007463 0.008268 0.663623
0.044951 0.002534 0.007687 0.654650
0.043501 -0.000001 0.006495 0.650393
0.045000 0.015000 0.004000 0.682645
0.042055 0.012664 0.008197 0.671050
0.042055 0.007817 0.008195 0.661705
0.045000 0.010000 0.004000 0.672770
0.045000 0.005000 0.004000 0.662894
0.045000 0.010000 0.000000 0.676708
0.045000 0.005000 0.000000 0.666613
0.013211 0.019974 0.038628 0.614579
0.011120 0.019998 0.038473 0.612843
0.013213 0.034905 0.038475 0.630882
0.011120 0.031490 0.038443 0.626674
0.011119 0.023668 0.038343 0.617432
0.013211 0.023509 0.038633 0.618749
0.011115 0.027643 0.038051 0.622648
0.013211 0.027284 0.038598 0.623264
0.013212 0.031006 0.038546 0.627751
0.026593 0.002912 0.023721 0.621066
0.029099 -0.000963 0.021804 0.621145
0.026564 -0.000927 0.021510 0.618420
0.029135 -0.005000 0.019078 0.624330
0.029129 0.003096 0.019532 0.629363
0.029095 0.007048 0.022134 0.633134
0.029135 0.036677 0.019067 0.679645
0.029104 0.033255 0.021403 0.672832
0.026566 0.032586 0.021696 0.668890
0.026535 0.036818 0.019304 0.676266
0.029120 0.029429 0.020230 0.670275
0.026543 0.029145 0.019946 0.667247
0.029096 0.024881 0.022036 0.661125
0.042500 0.027500 0.000000 0.702394
0.042000 0.025000 0.004000 0.695650
0.042500 0.022500 0.000000 0.694553
0.042000 0.020000 0.004000 0.687861
0.042500 0.017500 0.000000 0.686501
0.029122 0.010828 0.020069 0.642535
0.026564 0.007164 0.021554 0.631036
0.026552 0.025085 0.020587 0.660599
0.026543 0.010852 0.019953 0.639559
0.029115 0.014705 0.020597 0.648729
0.029109 0.019757 0.021033 0.655575
0.026553 0.014972 0.020677 0.645991
0.026560 0.020042 0.021211 0.652680
0.013207 0.004408 0.038932 0.591736
0.013214 0.012307 0.038373 0.604590
0.013259 0.018080 0.034959 0.617630
0.013214 0.008334 0.038424 0.598398
0.011118 0.008869 0.038271 0.597250
0.012166 0.018158 0.035060 0.638865
0.011075 0.018158 0.035013 0.615296
0.011075 0.014581 0.035034 0.610310
0.013263 0.014495 0.034713 0.613014
0.011074 0.010938 0.034972 0.604509
0.011112 0.045000 0.037871 0.637162
0.013221 0.045000 0.037871 0.638837
0.042500 0.037500 0.000000 0.714740
0.042000 0.030000 0.004000 0.703438
0.042000 0.035000 0.004000 0.709290
0.042500 0.032500 0.000000 0.709530
0.013247 0.041690 0.035875 0.640193
0.011086 0.041703 0.035906 0.638226
0.042000 0.040000 0.004000 0.714103
0.042000 0.045000 0.004000 0.718915
0.042500 0.042500 0.000000 0.719687
0.026532 0.045000 0.019078 0.683690
0.029135 0.045000 0.019078 0.686740
0.040000 0.045000 0.000000 0.721963
0.037778 0.045000 0.004000 0.714876
0.011084 0.033719 0.035701 0.632738
0.011069 0.037480 0.034580 0.637344
0.012175 0.039371 0.032862 0.634102
0.013270 0.037269 0.034159 0.640046
0.011112 -0.005000 0.037871 0.583849
0.045000 -0.005000 0.000000 0.656518
0.029166 0.040742 0.016695 0.687280
0.026502 0.040628 0.016851 0.683600
0.042000 0.000000 0.004000 0.650118
0.042000 -0.005000 0.004000 0.650118
0.026532 -0.005000 0.019078 0.621064
0.041725 -0.001112 0.002333 0.651618
0.042500 -0.002500 0.000000 0.652933
0.039375 -0.001657 0.004000 0.647580
0.011126 0.000772 0.038876 0.584002
0.011115 0.005047 0.038072 0.591520
0.013238 0.002557 0.036611 0.591607
0.011085 -0.001761 0.035827 0.585963
0.013250 -0.001298 0.035662 0.588648
0.013278 -0.005000 0.033518 0.591058
0.042500 0.002500 0.000000 0.657859
0.042000 0.015000 0.004000 0.679710
0.042500 0.012500 0.000000 0.677296
0.042000 0.005000 0.004000 0.659982
0.042000 0.010000 0.004000 0.669846
0.042500 0.007500 0.000000 0.667403
0.040000 0.002500 -0.002000 0.655808
0.040000 0.035000 0.000000 0.712006
0.040000 0.030000 0.000000 0.705978
0.040000 0.025000 0.000000 0.697995
0.040000 0.025000 -0.004000 0.694818
0.040000 0.030000 -0.004000 0.702297
0.040000 0.035000 -0.004000 0.708214
0.029197 0.037078 0.014345 0.687020
0.026486 0.037011 0.015625 0.682191
0.011074 0.021860 0.034962 0.620021
0.013257 0.021869 0.035172 0.622020
0.013265 0.032602 0.034507 0.636011
0.011066 0.030425 0.034332 0.631771
0.011073 0.025814 0.034883 0.625111
0.013256 0.025290 0.035246 0.626147
0.013259 0.028963 0.034951 0.631178
0.026529 0.003101 0.018900 0.626863
0.029161 -0.001057 0.017094 0.626650
0.026496 -0.001003 0.016375 0.623998
0.029201 -0.005000 0.014052 0.629373
0.029181 0.002845 0.015599 0.633556
0.040000 0.020000 0.000000 0.690011
0.040000 0.015000 0.000000 0.681665
0.040000 0.020000 -0.004000 0.686809
0.040000 0.015000 -0.004000 0.678096
0.029165 0.007370 0.016801 0.640550
0.029168 0.032315 0.016596 0.680008
0.027834 0.032404 0.016691 0.639251
0.026503 0.032560 0.016863 0.676411
0.029166 0.026938 0.016702 0.672363
0.026495 0.027421 0.016324 0.670215
0.029163 0.022324 0.016957 0.665294
0.037769 0.026675 0.004000 0.694138
0.037781 0.021681 0.004000 0.686359
0.037795 0.016711 0.004000 0.678623
0.029166 0.012331 0.016681 0.649841
0.026494 0.007390 0.016234 0.637809
0.026501 0.022453 0.016717 0.662410
0.026496 0.012693 0.016348 0.647465
0.029166 0.017162 0.016700 0.658204
0.026501 0.017619 0.016714 0.655390
0.013253 0.005754 0.035422 0.598094
0.013270 0.010295 0.034121 0.607036
0.013298 0.019889 0.031989 0.624259
0.011029 0.019934 0.031501 0.622257
0.013303 0.016788 0.031611 0.620733
0.011066 0.007668 0.034364 0.599936
0.011032 0.016213 0.031740 0.617140
0.011043 0.013060 0.032582 0.610939
0.013308 0.013155 0.031287 0.615355
0.011026 0.010411 0.031347 0.607916
0.011055 0.045000 0.033518 0.644836
0.013278 0.045000 0.033518 0.646954
0.040000 0.040000 0.000000 0.716984
0.037500 0.040000 -0.002000 0.711091
0.040000 0.040000 -0.004000 0.710939
0.037929 0.036615 0.004000 0.706910
0.037898 0.031775 0.004000 0.702199
0.013306 0.041433 0.031432 0.647924
0.011026 0.041317 0.031308 0.645589
0.037500 0.042500 0.000000 0.714616
0.037821 0.041435 0.004000 0.711470
0.034892 0.042125 0.002000 0.640338
0.026466 0.045000 0.014052 0.690949
0.029232 0.041330 0.011708 0.693650
0.029201 0.045000 0.014052 0.694495
0.035000 0.045000 0.000000 0.716902
0.033556 0.045000 0.004000 0.710837
0.036892 0.036708 0.000000 0.710532
0.036678 0.036176 -0.004000 0.707968
0.011016 0.030602 0.030529 0.637357
0.011030 0.033830 0.031576 0.639345
0.011000 0.037334 0.029320 0.644782
0.013339 0.037440 0.028882 0.648115
0.013322 0.033731 0.030231 0.643443
0.011055 -0.005000 0.033518 0.588348
0.040000 -0.005000 0.000000 0.651475
0.035670 0.022500 -0.004000 0.688768
0.029283 0.041711 0.007840 0.698108
0.026434 0.040396 0.011627 0.689052
0.038773 0.002223 0.004000 0.651377
0.040000 0.000000 0.000000 0.651475
0.036634 -0.000584 0.004000 0.644930
0.037778 -0.005000 0.004000 0.646036
0.037500 0.000000 -0.002000 0.652956
0.040000 0.000000 -0.004000 0.654429
0.026466 -0.005000 0.014052 0.625689
0.037500 -0.002500 0.000000 0.647846
0.011063 0.002753 0.034103 0.592232
0.013284 0.002349 0.033058 0.595422
0.011027 -0.001382 0.031378 0.590456
0.013311 -0.001072 0.031043 0.593650
0.013339 -0.005000 0.028929 0.595449
0.029267 -0.005000 0.009026 0.632953
0.040000 0.010000 0.000000 0.671601
0.040000 0.005000 0.000000 0.661538
0.037906 0.011786 0.004000 0.669376
0.037871 0.006468 0.004000 0.658865
0.036325 0.003314 0.000000 0.654422
0.040000 0.005000 -0.004000 0.659389
0.040000 0.010000 -0.004000 0.668642
0.036441 0.003171 -0.004000 0.655141
0.035670 0.022500 0.000000 0.689552
0.036407 0.032541 0.000000 0.705871
0.035996 0.027723 0.000000 0.698228
0.035835 0.027378 -0.004000 0.696609
0.036266 0.032276 -0.004000 0.703737
0.029225 0.033300 0.012270 0.685677
0.029272 0.037239 0.008645 0.693024
0.026436 0.034684 0.011820 0.683558
0.011028 0.023713 0.031430 0.627298
0.013299 0.023629 0.031929 0.629191
0.013310 0.029814 0.031139 0.638236
0.011028 0.027199 0.031450 0.631859
0.013290 0.026757 0.032598 0.632178
0.013351 0.030881 0.028024 0.643431
0.010988 0.028957 0.028428 0.637468
0.026433 -0.001443 0.011588 0.627239
0.026466 0.002789 0.014072 0.630888
0.029232 -0.000424 0.011675 0.631065
0.027834 -0.001251 0.008473 0.631561
0.029290 -0.001236 0.007285 0.634196
0.029225 0.004965 0.012211 0.640048
0.036100 0.017771 0.000000 0.682441
0.036094 0.013220 0.000000 0.674076
0.035693 0.017536 -0.004000 0.680583
0.035614 0.012788 -0.004000 0.671897
0.029220 0.009969 0.012620 0.649162
0.026438 0.006419 0.011967 0.639105
0.029220 0.029501 0.012610 0.680571
0.026442 0.029745 0.012248 0.677455
0.033676 0.028399 0.004000 0.692841
0.029221 0.024650 0.012567 0.673391
0.026444 0.024938 0.012391 0.670150
0.031630 0.020184 -0.004000 0.680575
0.029219 0.020000 0.012660 0.666385
0.033625 0.013343 0.004000 0.668258
0.032035 0.020358 0.000000 0.682393
0.033594 0.023341 0.004000 0.684863
0.033600 0.018355 0.004000 0.677085
0.029222 0.014942 0.012487 0.658637
0.026442 0.010349 0.012239 0.646324
0.029276 0.012500 0.008330 0.657457
0.026447 0.020000 0.012660 0.662563
0.026444 0.015119 0.012430 0.655164
0.010978 0.025623 0.027695 0.633737
0.013333 0.021744 0.029331 0.629708
0.010982 0.021720 0.027976 0.628152
0.013304 0.006341 0.031575 0.603737
0.013321 0.010249 0.030291 0.611483
0.013345 0.018681 0.028471 0.626569
0.013338 0.015453 0.028990 0.621561
0.010986 0.017775 0.028261 0.622533
0.011014 0.006482 0.030430 0.602098
0.013342 0.002923 0.028683 0.600619
0.010990 0.013316 0.028560 0.615315
0.013359 0.012446 0.027394 0.618069
0.010987 0.009671 0.028352 0.609277
0.010995 0.045000 0.028929 0.651519
0.013339 0.045000 0.028929 0.654130
0.033607 0.038084 0.004000 0.704162
0.035000 0.040000 0.000000 0.711896
0.035000 0.040000 -0.004000 0.708063
0.033686 0.033391 0.004000 0.699675
0.013369 0.041169 0.026640 0.654105
0.012167 0.041091 0.026534 0.635388
0.010963 0.041105 0.026494 0.651304
0.032500 0.042500 0.000000 0.709340
0.032283 0.041750 0.004000 0.706455
0.026399 0.045000 0.009026 0.695898
0.029267 0.045000 0.009026 0.699949
0.030000 0.045000 0.000000 0.710778
0.030000 0.040000 -0.004000 0.702188
0.029333 0.045000 0.004000 0.705418
0.026375 0.041434 0.007196 0.694261
0.027832 0.042893 0.006136 0.639473
0.032513 0.035513 0.000000 0.704860
0.032215 0.035409 -0.004000 0.702818
0.010972 0.032630 0.027233 0.643313
0.010932 0.036771 0.024178 0.650360
0.013404 0.037240 0.023981 0.654291
0.013375 0.033531 0.026173 0.648364
0.010995 -0.005000 0.028929 0.592312
0.035000 -0.005000 0.000000 0.646432
0.033556 -0.005000 0.004000 0.641954
0.031535 0.024813 -0.004000 0.687878
0.029333 0.040000 0.004000 0.700518
0.026380 0.037297 0.007547 0.689950
0.034181 0.002620 0.004000 0.647712
0.035000 0.000000 0.000000 0.646432
0.033561 -0.001760 0.004000 0.641959
0.035000 0.000000 -0.004000 0.651993
0.026399 -0.005000 0.009026 0.628847
0.029333 -0.005000 0.004000 0.636545
0.032500 -0.002500 0.000000 0.642628
0.010993 0.002631 0.028800 0.596892
0.010963 -0.001158 0.026489 0.594157
0.013371 -0.000964 0.026491 0.597528
0.013402 -0.005000 0.024090 0.599578
0.027833 -0.002505 0.006238 0.632840
0.026376 -0.001900 0.007260 0.629954
0.035495 0.007696 0.000000 0.662377
0.033775 0.008214 0.004000 0.658318
0.029333 0.000000 0.004000 0.636545
0.032501 0.003729 0.000000 0.651382
0.035376 0.007534 -0.004000 0.661564
0.032222 0.003492 -0.004000 0.651404
0.030000 0.000000 -0.004000 0.645932
0.031722 0.025100 0.000000 0.689633
0.032092 0.029997 0.000000 0.697851
0.032083 0.029792 -0.004000 0.696086
0.029333 0.035000 0.004000 0.695618
0.029275 0.031734 0.008413 0.688040
0.026388 0.032382 0.008187 0.684657
0.013349 0.026156 0.028136 0.636957
0.013400 0.029657 0.024303 0.646288
0.010934 0.028670 0.024295 0.641563
0.029333 0.005000 0.004000 0.646338
0.026392 0.002468 0.008453 0.633931
0.027834 -0.000000 0.006496 0.633558
0.029285 0.002533 0.007687 0.638789
0.029277 0.007463 0.008269 0.647831
0.031794 0.015623 0.000000 0.674479
0.032172 0.011647 0.000000 0.666905
0.031756 0.015360 -0.004000 0.672456
0.031951 0.011550 -0.004000 0.665529
0.029333 0.010000 0.004000 0.656132
0.026389 0.007823 0.008196 0.644361
0.029333 0.030000 0.004000 0.689702
0.029278 0.027219 0.008193 0.681368
0.026390 0.027500 0.008330 0.677440
0.029333 0.025000 0.004000 0.681892
0.029276 0.022500 0.008330 0.674041
0.026390 0.022500 0.008330 0.669807
0.027881 0.022644 0.000000 0.679400
0.027800 0.022389 -0.004000 0.678636
0.029629 0.014020 -0.002000 0.667277
0.027673 0.017611 -0.004000 0.670559
0.028160 0.017903 0.000000 0.672296
0.029276 0.017500 0.008330 0.666416
0.029333 0.015000 0.004000 0.665926
0.029333 0.020000 0.004000 0.674083
0.026388 0.012660 0.008190 0.653637
0.026390 0.017500 0.008330 0.662174
0.010934 0.023535 0.024325 0.634353
0.013388 0.021528 0.025200 0.634013
0.010948 0.019844 0.025349 0.628190
0.013367 0.007800 0.026780 0.610694
0.013398 0.003134 0.024441 0.604757
0.013394 0.016195 0.024758 0.627135
0.010932 0.016226 0.024161 0.624293
0.010954 0.006613 0.025801 0.606171
0.013406 0.011499 0.023820 0.619993
0.010932 0.011344 0.024139 0.615862
0.010931 0.045000 0.024090 0.657623
0.013402 0.045000 0.024090 0.660788
0.030000 0.040000 0.000000 0.705736
0.028574 0.032111 0.000000 0.695431
0.028328 0.031912 -0.004000 0.693642
0.013433 0.040804 0.021794 0.660262
0.010896 0.040666 0.021416 0.657093
0.025000 0.040000 -0.004000 0.694438
0.027500 0.042500 0.000000 0.702351
0.026333 0.045000 0.004000 0.700832
0.025000 0.045000 0.000000 0.702671
0.026830 0.035683 -0.004000 0.695357
0.026333 0.040000 0.004000 0.695898
0.027250 0.035856 0.000000 0.697048
0.010869 0.036863 0.019377 0.656060
0.010900 0.032613 0.021754 0.649477
0.013468 0.036677 0.019067 0.660153
0.013438 0.033255 0.021403 0.654108
0.010931 -0.005000 0.024090 0.595967
0.030000 -0.005000 0.000000 0.640384
0.027243 0.027428 -0.004000 0.685687
0.026333 0.035000 0.004000 0.690964
0.010878 0.029165 0.020046 0.646871
0.013453 0.029429 0.020230 0.650898
0.030000 0.000000 0.000000 0.640384
0.026333 -0.005000 0.004000 0.631994
0.027500 -0.002500 0.000000 0.635498
0.010926 0.002911 0.023707 0.601386
0.010896 -0.000984 0.021446 0.597958
0.013432 -0.000963 0.021802 0.601536
0.013468 -0.005000 0.019078 0.603872
0.026333 0.000000 0.004000 0.631994
0.023708 -0.001657 0.004000 0.628012
0.030186 0.008293 0.000000 0.657239
0.027611 0.004264 0.000000 0.645076
0.029611 0.007690 -0.004000 0.654989
0.027414 0.003980 -0.004000 0.645283
0.025000 0.000000 -0.004000 0.638390
0.027326 0.027746 0.000000 0.686626
0.026333 0.030000 0.004000 0.685026
0.013429 0.024881 0.022036 0.642279
0.010887 0.024963 0.020745 0.640066
0.026333 0.005000 0.004000 0.641749
0.027502 0.012680 0.000000 0.661632
0.027418 0.012820 -0.004000 0.661497
0.026333 0.010000 0.004000 0.651505
0.024149 0.023826 -0.004000 0.675085
0.023872 0.020014 -0.004000 0.668507
0.024221 0.016096 -0.004000 0.662433
0.024209 0.024019 0.000000 0.675560
0.026333 0.025000 0.004000 0.677218
0.026333 0.020000 0.004000 0.669409
0.023966 0.020048 0.000000 0.668836
0.024358 0.016249 0.000000 0.663429
0.026333 0.015000 0.004000 0.661260
0.010894 0.019960 0.021285 0.632339
0.013443 0.019757 0.021032 0.636130
0.013462 0.003097 0.019527 0.609083
0.013428 0.007049 0.022132 0.613771
0.013448 0.014704 0.020590 0.628957
0.013455 0.010827 0.020069 0.622516
0.010884 0.014945 0.020499 0.625546
0.010897 0.007171 0.021543 0.610696
0.010875 0.010784 0.019847 0.618632
0.010865 0.045000 0.019078 0.663923
0.013468 0.045000 0.019078 0.667708
0.025000 0.040000 0.000000 0.697579
0.024514 0.031970 0.000000 0.688600
0.024370 0.031578 -0.004000 0.686923
0.022500 0.042500 0.000000 0.694377
0.022111 0.045000 0.004000 0.694378
0.020000 0.040000 -0.004000 0.686107
0.013500 0.040742 0.016695 0.667024
0.010834 0.040608 0.016749 0.662678
0.022207 0.035828 -0.004000 0.687985
0.023032 0.041372 0.004000 0.692178
0.013531 0.037078 0.014345 0.665669
0.010818 0.037021 0.015533 0.660481
0.020000 0.045000 0.000000 0.694565
0.022423 0.035913 0.000000 0.689191
0.022827 0.036777 0.004000 0.687292
0.010835 0.032585 0.016806 0.655007
0.013501 0.032316 0.016594 0.659272
0.010865 -0.005000 0.019078 0.599737
0.025000 -0.005000 0.000000 0.632461
0.022191 0.027544 0.000000 0.677856
0.021968 0.027409 -0.004000 0.677081
0.022542 0.031852 0.004000 0.681949
0.010831 0.027433 0.016476 0.648162
0.013500 0.026938 0.016702 0.651496
0.025000 0.000000 0.000000 0.632461
0.022111 -0.005000 0.004000 0.625590
0.022500 -0.002500 0.000000 0.627821
0.010862 0.003066 0.018813 0.605508
0.010829 -0.000996 0.016343 0.601787
0.013494 -0.001057 0.017095 0.605575
0.013534 -0.005000 0.014052 0.607422
0.013514 0.002845 0.015599 0.612017
0.023106 0.002223 0.004000 0.631417
0.020967 -0.000584 0.004000 0.623854
0.025131 0.008580 0.000000 0.649655
0.022500 0.004330 0.000000 0.637035
0.021979 0.002318 -0.002222 0.634252
0.020000 0.000000 -0.004000 0.630272
0.024652 0.008062 -0.004000 0.648068
0.022500 0.004330 -0.004000 0.638270
0.019934 0.022834 -0.004000 0.666528
0.022205 0.026697 0.004000 0.673434
0.013496 0.022324 0.016957 0.644387
0.010836 0.022404 0.016838 0.640314
0.022283 0.012528 -0.004000 0.652725
0.022205 0.006453 0.004000 0.638254
0.019996 0.016982 -0.004000 0.656996
0.022507 0.012916 0.000000 0.653968
0.022147 0.011681 0.004000 0.648308
0.020029 0.023014 0.000000 0.667094
0.020046 0.017115 0.000000 0.657740
0.022201 0.021711 0.004000 0.665641
0.022118 0.016743 0.004000 0.657757
0.010835 0.017510 0.016815 0.633073
0.013500 0.017159 0.016698 0.637043
0.013498 0.007369 0.016801 0.619386
0.013500 0.012331 0.016681 0.628638
0.010828 0.012562 0.016287 0.625020
0.010829 0.007428 0.016331 0.615505
0.010799 0.045000 0.014052 0.668994
0.013565 0.041330 0.011708 0.671527
0.013534 0.045000 0.014052 0.673429
0.020000 0.040000 0.000000 0.689422
0.017889 0.045000 0.004000 0.687923
0.017500 0.042500 0.000000 0.686326
0.019936 0.031816 0.000000 0.680899
0.019594 0.031538 -0.004000 0.678940
0.015000 0.040000 -0.004000 0.677327
0.017889 0.042385 0.004000 0.685292
0.013616 0.041711 0.007840 0.674561
0.017500 0.035670 -0.004000 0.679745
0.017478 0.037465 -0.002000 0.681512
0.010767 0.040396 0.011605 0.665877
0.017500 0.035670 0.000000 0.680867
0.018452 0.038430 0.004000 0.682183
0.013558 0.033300 0.012270 0.663381
0.013606 0.037239 0.008645 0.669581
0.010770 0.034683 0.011835 0.660139
0.015000 0.045000 0.000000 0.686076
0.017487 0.027090 -0.004000 0.668909
0.018350 0.033518 0.004000 0.677091
0.013553 0.029501 0.012610 0.658279
0.010776 0.029809 0.012282 0.654096
0.010799 -0.005000 0.014052 0.602742
0.020000 -0.005000 0.000000 0.624539
0.017889 -0.005000 0.004000 0.619185
0.017743 0.027585 0.000000 0.670602
0.018308 0.028548 0.004000 0.670251
0.013554 0.024650 0.012567 0.650987
0.010778 0.024916 0.012464 0.646597
0.015590 0.023688 -0.004000 0.660143
0.020000 0.000000 0.000000 0.624539
0.017894 -0.001760 0.004000 0.619193
0.013601 -0.005000 0.009026 0.609629
0.017500 -0.002500 0.000000 0.619930
0.015000 0.000000 -0.004000 0.621724
0.010799 0.002785 0.014076 0.607913
0.010767 -0.001445 0.011588 0.603555
0.013566 -0.000424 0.011675 0.608464
0.013559 0.004964 0.012211 0.617518
0.013623 -0.001236 0.007285 0.610397
0.018514 0.002620 0.004000 0.625194
0.020403 0.008472 0.000000 0.641815
0.017789 0.004186 0.000000 0.629220
0.017605 0.004038 -0.004000 0.629526
0.019983 0.008151 -0.004000 0.640675
0.016040 0.019909 -0.004000 0.654912
0.016130 0.019988 0.000000 0.655885
0.015764 0.023894 0.000000 0.661436
0.018018 0.023362 0.004000 0.661703
0.013553 0.020000 0.012660 0.643920
0.010781 0.020000 0.012660 0.639067
0.017810 0.012454 -0.004000 0.645031
0.015793 0.015981 -0.004000 0.647836
0.018032 0.012590 0.000000 0.646046
0.018078 0.008211 0.004000 0.635318
0.015894 0.016161 0.000000 0.649422
0.018048 0.013341 0.004000 0.645172
0.018012 0.018437 0.004000 0.654004
0.010777 0.015122 0.012407 0.631520
0.013555 0.014942 0.012486 0.636047
0.013553 0.009969 0.012620 0.626680
0.013610 0.012500 0.008330 0.633594
0.010775 0.010450 0.012215 0.622870
0.010772 0.006423 0.011969 0.615435
0.010733 0.045000 0.009026 0.671891
0.013601 0.045000 0.009026 0.676990
0.015000 0.040000 0.000000 0.680876
0.013667 0.045000 0.004000 0.680572
0.012500 0.042500 0.000000 0.677149
0.010709 0.041434 0.007196 0.669335
0.012166 0.042893 0.006136 0.640488
0.015220 0.031662 0.000000 0.672621
0.015002 0.031456 -0.004000 0.670556
0.012503 0.035769 -0.004000 0.670451
0.010000 0.040000 -0.004000 0.667378
0.013667 0.040000 0.004000 0.675477
0.012644 0.035802 0.000000 0.671579
0.010713 0.037297 0.007544 0.664969
0.013667 0.035000 0.004000 0.670381
0.013609 0.031734 0.008413 0.664271
0.010722 0.032377 0.008191 0.659684
0.010000 0.045000 0.000000 0.675776
0.012469 0.027143 -0.004000 0.659429
0.012514 0.027128 0.000000 0.659730
0.013667 0.030000 0.004000 0.664338
0.013611 0.027219 0.008193 0.657476
0.010724 0.027500 0.008330 0.652451
0.010733 -0.005000 0.009026 0.604396
0.013667 -0.005000 0.004000 0.611850
0.015000 -0.005000 0.000000 0.616228
0.013667 0.025000 0.004000 0.656529
0.013610 0.022500 0.008330 0.650150
0.010724 0.022500 0.008330 0.644760
0.012362 0.022375 0.000000 0.651870
0.011898 0.022031 -0.004000 0.650278
0.015000 0.000000 0.000000 0.616228
0.013667 0.000000 0.004000 0.611850
0.010710 -0.001900 0.007260 0.604973
0.012167 -0.002571 0.006121 0.608194
0.012500 -0.002500 0.000000 0.610759
0.012747 0.004147 -0.004000 0.620665
0.010000 0.000000 -0.004000 0.611958
0.010725 0.002467 0.008452 0.609236
0.012167 -0.000000 0.006496 0.608953
0.013610 0.007464 0.008270 0.624091
0.013618 0.002534 0.007687 0.615024
0.013148 0.004327 0.000000 0.620851
0.013667 0.005000 0.004000 0.621434
0.015623 0.008426 0.000000 0.633903
0.015482 0.008026 -0.004000 0.632556
0.011426 0.007887 -0.004000 0.624457
0.012677 0.012254 -0.004000 0.635050
0.012124 0.017352 -0.004000 0.643057
0.012202 0.017619 0.000000 0.643990
0.013667 0.020000 0.004000 0.648720
0.013610 0.017500 0.008330 0.642476
0.010724 0.017500 0.008330 0.637069
0.012751 0.012570 0.000000 0.635984
0.013667 0.010000 0.004000 0.631018
0.013667 0.015000 0.004000 0.640601
0.010722 0.012718 0.008220 0.628657
0.010722 0.007825 0.008193 0.619435
0.010667 0.045000 0.004000 0.674767
0.007500 0.042500 0.000000 0.667083
0.005000 0.045000 0.000000 0.665477
0.010000 0.040000 0.000000 0.670488
0.010667 0.040000 0.004000 0.669613
0.005000 0.040000 -0.004000 0.657739
0.010052 0.031794 -0.004000 0.661120
0.007570 0.036317 -0.004000 0.660972
0.010363 0.032193 0.000000 0.662995
0.007680 0.036544 0.000000 0.661984
0.010667 0.035000 0.004000 0.664458
0.007951 0.028265 -0.004000 0.652017
0.010667 0.030000 0.004000 0.658375
0.007939 0.028454 0.000000 0.652201
0.006444 0.045000 0.004000 0.666597
0.002222 0.045000 0.004000 0.658427
0.000000 0.045000 0.000000 0.655177
-0.005000 0.045000 0.000000 0.655177
0.008263 0.024234 -0.004000 0.646444
0.008136 0.024640 0.000000 0.646573
0.010667 0.025000 0.004000 0.650562
0.010667 -0.005000 0.004000 0.606035
0.010271 -0.002078 0.002000 0.606140
0.010000 -0.005000 0.000000 0.606082
0.008042 0.019690 -0.004000 0.638719
0.010667 0.020000 0.004000 0.642748
0.008321 0.019872 0.000000 0.639407
0.010000 0.000000 0.000000 0.606082
0.010667 0.000000 0.004000 0.606035
0.007500 -0.002500 0.000000 0.600887
0.008041 -0.001657 0.004000 0.600946
0.005000 0.000000 -0.004000 0.602685
0.003108 0.003292 -0.004000 0.601948
0.008290 0.014885 -0.004000 0.631073
0.007487 0.004487 -0.004000 0.610955
0.007912 0.010004 -0.004000 0.621391
0.007785 0.004591 0.000000 0.610369
0.010667 0.005000 0.004000 0.615568
0.011657 0.008079 0.000000 0.625036
0.007890 0.010228 0.000000 0.621367
0.008491 0.015154 0.000000 0.632052
0.010667 0.015000 0.004000 0.634634
0.010667 0.010000 0.004000 0.625101
0.005000 0.040000 0.000000 0.660100
0.007365 0.041372 0.004000 0.664592
0.002500 0.042500 0.000000 0.657445
0.004861 0.042442 0.002000 0.642202
0.003769 0.036725 -0.004000 0.654447
0.000000 0.040000 -0.004000 0.652927
0.004611 0.032145 -0.004000 0.651055
0.000000 0.035000 -0.004000 0.650108
0.007160 0.036777 0.004000 0.659392
0.003592 0.036860 0.000000 0.653782
0.004090 0.026705 -0.004000 0.642612
0.000000 0.030000 -0.004000 0.643964
0.004721 0.032399 0.000000 0.651339
0.006875 0.031852 0.004000 0.653681
0.003918 0.022258 -0.004000 0.635307
0.000000 0.025000 -0.004000 0.636363
0.004291 0.027182 0.000000 0.642506
0.006538 0.026697 0.004000 0.645004
0.002222 0.042385 0.004000 0.655644
0.000000 0.040000 0.000000 0.649712
-0.002500 0.042500 0.000000 0.652412
-0.005000 0.042500 0.002000 0.651945
-0.005000 0.040000 0.000000 0.649712
-0.002000 0.045000 0.004000 0.654127
-0.003501 0.042893 0.006136 0.651329
-0.005000 0.045000 0.004000 0.654127
0.004330 0.017500 -0.004000 0.628142
0.000000 0.020000 -0.004000 0.628470
0.004259 0.022455 0.000000 0.634960
0.006534 0.021711 0.004000 0.637196
0.000000 0.000000 -0.004000 0.597479
0.006444 -0.005000 0.004000 0.597850
0.005000 -0.005000 0.000000 0.595936
0.004012 0.012276 -0.004000 0.618564
0.000000 0.015000 -0.004000 0.620158
0.000000 0.010000 -0.004000 0.610962
0.004330 0.017500 0.000000 0.627267
0.006452 0.016743 0.004000 0.629264
0.005000 0.000000 0.000000 0.595936
0.007439 0.002223 0.004000 0.603992
0.002500 -0.002500 0.000000 0.591424
0.005300 -0.000584 0.004000 0.595631
0.003593 0.007459 -0.004000 0.609016
0.000000 0.005000 -0.004000 0.602337
0.000000 0.002500 -0.002000 0.597029
0.003322 0.003824 0.000000 0.599769
0.004186 0.012639 0.000000 0.618255
0.003733 0.007704 0.000000 0.607960
0.006538 0.006453 0.004000 0.610246
0.006480 0.011681 0.004000 0.620025
0.000000 -0.005000 0.000000 0.585790
-0.005000 -0.005000 0.000000 0.585790
0.002222 -0.005000 0.004000 0.589665
0.002785 0.038430 0.004000 0.652540
0.000000 0.035000 0.000000 0.644247
-0.002500 0.037500 0.000000 0.646876
0.000000 0.030000 0.000000 0.637930
0.002684 0.033518 0.004000 0.647123
-0.002500 0.032500 0.000000 0.641178
-0.005000 0.035000 0.000000 0.644247
-0.005000 0.030000 0.000000 0.637930
0.000000 0.025000 0.000000 0.630027
-0.002500 0.027500 0.000000 0.633913
0.002641 0.028548 0.004000 0.640151
-0.005000 0.025000 0.000000 0.630027
0.000000 0.020000 0.000000 0.622123
-0.002500 0.022500 0.000000 0.626084
0.002352 0.023362 0.004000 0.631458
-0.005000 0.040000 0.004000 0.648763
-0.004934 0.045000 0.009026 0.652807
-0.002066 0.045000 0.009026 0.652807
-0.002000 0.040000 0.004000 0.648763
-0.002051 0.041711 0.007840 0.649654
-0.004958 0.041434 0.007196 0.649520
-0.005000 0.020000 0.000000 0.622123
0.000000 0.015000 0.000000 0.613960
0.002345 0.018437 0.004000 0.623736
-0.002500 0.017500 0.000000 0.618097
-0.005000 0.015000 0.000000 0.613960
0.000000 0.000000 0.000000 0.585790
0.002227 -0.001760 0.004000 0.589674
-0.002500 -0.002500 0.000000 0.586493
-0.005000 -0.002500 0.002000 0.585573
-0.005000 0.000000 0.000000 0.585790
0.000000 0.010000 0.000000 0.604570
0.002382 0.013341 0.004000 0.615038
-0.002500 0.012500 0.000000 0.609287
-0.005000 0.010000 0.000000 0.604570
0.002848 0.002620 0.004000 0.595804
0.000000 0.005000 0.000000 0.595180
0.002411 0.008211 0.004000 0.605459
-0.002500 0.002500 0.000000 0.591056
-0.002500 0.007500 0.000000 0.599980
-0.005000 0.005000 0.000000 0.595180
-0.005000 -0.005000 0.004000 0.585357
-0.002000 -0.005000 0.004000 0.585357
-0.003500 -0.002505 0.006238 0.585183
-0.005000 0.035000 0.004000 0.643399
-0.002000 0.035000 0.004000 0.643399
-0.002000 0.030000 0.004000 0.637174
-0.005000 0.030000 0.004000 0.637174
-0.005000 0.025000 0.004000 0.629344
-0.002000 0.025000 0.004000 0.629344
-0.005000 0.020000 0.004000 0.621514
-0.002000 0.020000 0.004000 0.621514
-0.002132 0.045000 0.014052 0.651487
-0.004868 0.045000 0.014052 0.651487
-0.004953 0.037297 0.007547 0.645071
-0.004900 0.040396 0.011627 0.647363
-0.002102 0.041304 0.011740 0.648275
-0.002061 0.037240 0.008645 0.644765
-0.002198 0.045000 0.019078 0.648127
-0.004802 0.045000 0.019078 0.648127
-0.002264 0.045000 0.024090 0.643620
-0.005000 0.015000 0.004000 0.613417
-0.005000 0.010000 0.004000 0.604064
-0.002000 0.015000 0.004000 0.613417
-0.005000 0.000000 0.004000 0.585357
-0.004957 -0.001900 0.007260 0.585003
-0.002000 0.000000 0.004000 0.585357
-0.003499 -0.000000 0.006496 0.586012
-0.005000 0.005000 0.004000 0.594710
-0.002000 0.010000 0.004000 0.604064
-0.002000 0.005000 0.004000 0.594710
-0.003499 -0.001251 0.008473 0.585153
-0.002043 -0.001236 0.007285 0.585001
-0.004934 -0.005000 0.009026 0.584812
-0.002066 -0.005000 0.009026 0.584812
-0.004945 0.032382 0.008188 0.639760
-0.004943 0.022500 0.008330 0.624730
-0.004943 0.017500 0.008330 0.616978
-0.002059 0.031808 0.008487 0.639098
-0.004943 0.027500 0.008330 0.632481
-0.002057 0.017500 0.008330 0.616978
-0.002055 0.027274 0.008205 0.632152
-0.002057 0.022500 0.008330 0.624730
-0.002167 0.040758 0.016711 0.645995
-0.004831 0.040627 0.016843 0.645750
-0.004897 0.034686 0.011820 0.641419
-0.004847 0.037012 0.015628 0.642976
-0.002136 0.037083 0.014347 0.643332
-0.002109 0.033306 0.012253 0.639905
-0.002233 0.040946 0.021710 0.641882
-0.003488 0.043366 0.024016 0.642160
-0.004736 0.045000 0.024090 0.643620
-0.004770 0.040741 0.021502 0.641864
-0.002297 0.041212 0.026597 0.637920
-0.004672 0.045000 0.028929 0.639269
-0.002328 0.045000 0.028929 0.639269
-0.002388 0.045000 0.033518 0.634306
-0.002446 0.045000 0.037871 0.628336
-0.004612 0.045000 0.033518 0.634306
-0.004554 0.045000 0.037871 0.628336
-0.002500 0.045000 0.042000 0.622673
-0.004945 0.012657 0.008190 0.608483
-0.004900 -0.001443 0.011588 0.584534
-0.004945 0.007823 0.008197 0.599476
-0.002057 0.012500 0.008330 0.608173
-0.004941 0.002468 0.008453 0.589470
-0.002049 0.002533 0.007687 0.589679
-0.002056 0.007463 0.008269 0.598797
-0.002101 -0.000424 0.011675 0.584525
-0.004868 -0.005000 0.014052 0.584267
-0.002132 -0.005000 0.014052 0.584267
-0.004891 0.029751 0.012247 0.635235
-0.004889 0.024954 0.012419 0.627837
-0.002112 0.014927 0.012499 0.612129
-0.004890 0.015112 0.012395 0.612485
-0.004886 0.020000 0.012660 0.620194
-0.002113 0.029507 0.012588 0.634795
-0.002114 0.020000 0.012660 0.620194
-0.002113 0.024660 0.012575 0.627360
-0.004831 0.032574 0.016860 0.637658
-0.002198 0.036701 0.019070 0.639985
-0.004798 0.036831 0.019322 0.639906
-0.003499 0.032422 0.016694 0.637364
-0.002166 0.032314 0.016613 0.637590
-0.002262 0.037302 0.023947 0.636549
-0.004705 0.041038 0.026423 0.637910
-0.003500 0.039263 0.027801 0.635127
-0.004735 0.036724 0.024124 0.635864
-0.002361 0.041399 0.031435 0.633906
-0.002328 0.037413 0.028947 0.632521
-0.004500 0.045000 0.042000 0.622673
-0.002420 0.041670 0.035894 0.628364
-0.002463 0.042261 0.039208 0.624416
-0.004641 0.041397 0.031294 0.634026
-0.003505 0.042311 0.039022 0.624703
-0.003548 0.041473 0.035637 0.628553
-0.004580 0.041703 0.035906 0.628375
-0.004537 0.042256 0.039173 0.624459
-0.002500 0.041154 0.042000 0.619886
-0.004892 0.010346 0.012239 0.603663
-0.004895 0.006418 0.011968 0.596407
-0.004867 0.002789 0.014071 0.589431
-0.004836 -0.000857 0.016435 0.583791
-0.002113 0.009969 0.012619 0.602916
-0.002108 0.004965 0.012211 0.593680
-0.002153 0.002845 0.015599 0.589362
-0.002172 -0.001057 0.017094 0.583465
-0.004802 -0.005000 0.019078 0.582481
-0.002198 -0.005000 0.019078 0.582481
-0.004838 0.027415 0.016309 0.630676
-0.004833 0.022468 0.016723 0.622878
-0.004838 0.012690 0.016348 0.607250
-0.002167 0.012331 0.016682 0.606387
-0.002168 0.017150 0.016730 0.614818
-0.004833 0.017571 0.016700 0.615476
-0.002167 0.026966 0.016682 0.629722
-0.002170 0.022328 0.016952 0.622509
-0.004790 0.029147 0.019964 0.630571
-0.004767 0.032626 0.021730 0.633908
-0.002230 0.033351 0.021448 0.634824
-0.002213 0.029477 0.020217 0.630871
-0.002292 0.033536 0.026186 0.631260
-0.004668 0.037397 0.029250 0.632256
-0.004695 0.032629 0.027196 0.629643
-0.002346 0.033788 0.030300 0.628232
-0.002397 0.037295 0.034163 0.627038
-0.004500 0.041154 0.042000 0.619886
-0.002459 0.039165 0.038861 0.622507
-0.004597 0.037622 0.034603 0.626748
-0.004542 0.039197 0.038837 0.622563
-0.002500 0.037308 0.042000 0.617099
-0.004839 0.007395 0.016245 0.597537
-0.004804 0.003101 0.018879 0.588238
-0.004770 -0.000874 0.021490 0.581285
-0.004736 -0.005000 0.024090 0.579996
-0.002168 0.007370 0.016801 0.597181
-0.002204 0.003096 0.019531 0.587889
-0.002234 -0.000982 0.021805 0.581129
-0.002264 -0.005000 0.024090 0.579996
-0.002211 0.010828 0.020069 0.601639
-0.004781 0.025060 0.020616 0.624040
-0.004790 0.010862 0.019948 0.601772
-0.004781 0.014975 0.020666 0.608797
-0.004774 0.020098 0.021199 0.616313
-0.002218 0.014707 0.020596 0.608354
-0.002224 0.019756 0.021034 0.615919
-0.004733 0.028610 0.024264 0.626576
-0.002238 0.024883 0.022074 0.622743
-0.002267 0.029644 0.024282 0.628057
-0.002316 0.030871 0.028021 0.626973
-0.004679 0.028975 0.028426 0.623996
-0.002357 0.029840 0.031147 0.623159
-0.004637 0.033857 0.031556 0.627297
-0.004651 0.030625 0.030524 0.624719
-0.002402 0.032671 0.034516 0.622780
-0.004583 0.033736 0.035718 0.622189
-0.002453 0.034918 0.038419 0.619800
-0.004500 0.037308 0.042000 0.617099
-0.004546 0.035688 0.038540 0.620243
-0.002500 0.033462 0.042000 0.614312
-0.004769 0.007164 0.021545 0.594172
-0.004740 0.002979 0.023765 0.585473
-0.004672 -0.005000 0.028929 0.577597
-0.004703 -0.001193 0.026541 0.578781
-0.002328 -0.005000 0.028929 0.577597
-0.002239 0.007048 0.022133 0.593638
-0.002269 0.003071 0.024440 0.585286
-0.002296 -0.000978 0.026503 0.578799
-0.004612 -0.005000 0.033518 0.574876
-0.002388 -0.005000 0.033518 0.574876
-0.004554 -0.005000 0.037871 0.571623
-0.002446 -0.005000 0.037871 0.571623
-0.002261 0.011486 0.023813 0.600626
-0.004734 0.023770 0.024210 0.619620
-0.004733 0.011343 0.024269 0.600103
-0.004733 0.016333 0.024308 0.608807
-0.004718 0.020081 0.025451 0.613464
-0.002273 0.016198 0.024747 0.608337
-0.002279 0.021542 0.025204 0.615725
-0.004688 0.025616 0.027709 0.619785
-0.002318 0.026084 0.028154 0.620125
-0.004639 0.027268 0.031429 0.619401
-0.002376 0.026714 0.032572 0.617478
-0.002408 0.028940 0.034981 0.617732
-0.004601 0.030448 0.034307 0.620529
-0.002455 0.031067 0.038576 0.616295
-0.004547 0.031497 0.038454 0.616990
-0.004500 0.033462 0.042000 0.614312
-0.002500 0.029615 0.042000 0.610450
-0.004712 0.006686 0.025924 0.590901
-0.004674 0.002551 0.028791 0.582113
-0.004640 -0.001440 0.031331 0.576406
-0.002356 -0.001079 0.031036 0.576552
-0.002299 0.007780 0.026744 0.592375
-0.002325 0.002899 0.028674 0.582780
-0.004581 -0.001727 0.035821 0.573155
-0.004535 -0.002307 0.039325 0.570537
-0.002417 -0.001298 0.035662 0.573274
-0.002467 -0.002292 0.039500 0.570407
-0.004500 -0.005000 0.042000 0.568538
-0.002500 -0.005000 0.042000 0.568538
-0.002308 0.012447 0.027394 0.600200
-0.004679 0.009630 0.028393 0.594683
-0.004686 0.021977 0.027848 0.614547
-0.004675 0.013263 0.028669 0.600863
-0.004679 0.018098 0.028377 0.608728
-0.002329 0.015453 0.028990 0.604483
-0.002322 0.018680 0.028475 0.609484
-0.002333 0.021818 0.029298 0.613335
-0.004640 0.023750 0.031387 0.614579
-0.002367 0.023625 0.031905 0.613984
-0.004594 0.025843 0.034894 0.613710
-0.002412 0.025222 0.035286 0.612451
-0.002455 0.027294 0.038583 0.611464
-0.004552 0.027643 0.038040 0.612528
-0.004500 0.029615 0.042000 0.610450
-0.002500 0.025769 0.042000 0.605723
-0.004500 -0.001154 0.042000 0.568538
-0.002346 0.010253 0.030296 0.594669
-0.004652 0.006453 0.030417 0.588024
-0.004603 0.002748 0.034154 0.579032
-0.002382 0.002349 0.033057 0.579217
-0.002363 0.006333 0.031580 0.587180
-0.004541 0.000772 0.038887 0.572115
-0.002429 0.002557 0.036611 0.576788
-0.002463 0.000814 0.039208 0.571939
-0.002500 -0.001154 0.042000 0.568538
-0.002359 0.013158 0.031288 0.599099
-0.004639 0.010327 0.031402 0.594153
-0.004623 0.013008 0.032658 0.597718
-0.002364 0.016755 0.031647 0.604766
-0.004641 0.020066 0.031303 0.609553
-0.004634 0.016148 0.031832 0.603785
-0.002368 0.019965 0.031944 0.608917
-0.003500 0.017303 0.033348 0.603835
-0.004593 0.021866 0.034932 0.608378
-0.002411 0.021820 0.035214 0.608020
-0.004549 0.023681 0.038307 0.607147
-0.002455 0.023472 0.038602 0.606561
-0.004500 0.025769 0.042000 0.605723
-0.002500 0.021923 0.042000 0.600996
-0.004500 0.002692 0.042000 0.572783
-0.002396 0.010297 0.034118 0.591791
-0.004600 0.007651 0.034432 0.587060
-0.004551 0.005033 0.038093 0.579665
-0.002413 0.005754 0.035422 0.583051
-0.002460 0.004408 0.038932 0.577969
-0.002500 0.002692 0.042000 0.572783
-0.002404 0.014495 0.034713 0.598305
-0.004592 0.010912 0.035016 0.592020
-0.004591 0.014495 0.035076 0.597961
-0.002408 0.018130 0.034997 0.603342
-0.004593 0.018179 0.034916 0.603488
-0.004547 0.019965 0.038425 0.602261
-0.002456 0.019930 0.038652 0.601984
-0.004500 0.021923 0.042000 0.600996
-0.002500 0.018077 0.042000 0.596270
-0.004549 0.008855 0.038299 0.585719
-0.004500 0.006538 0.042000 0.578846
-0.002452 0.012307 0.038372 0.591272
-0.002453 0.008332 0.038424 0.584761
-0.002500 0.006538 0.042000 0.578846
-0.002455 0.016061 0.038577 0.597115
-0.004546 0.012499 0.038501 0.591466
-0.003512 0.010399 0.040536 0.586238
-0.004547 0.016274 0.038433 0.597529
-0.004500 0.018077 0.042000 0.596270
-0.002500 0.014231 0.042000 0.590972
-0.004500 0.010385 0.042000 0.584909
-0.002500 0.010385 0.042000 0.584909
-0.004500 0.014231 0.042000 0.590972
