0.128841 0.880000 0.068561 -4.993949
0.149282 0.880000 0.040000 -5.391480
0.160000 0.880000 0.080000 -5.833990
0.111941 0.880000 0.087971 -4.742018
0.117300 0.880000 0.045149 -4.836293
0.099451 0.880000 0.066903 -4.545255
0.094818 0.880000 0.034497 -4.717183
0.120000 0.880000 0.010718 -5.145642
0.122625 0.864632 0.074577 -4.880570
0.080000 0.880000 0.000000 -5.272532
0.113282 0.880000 0.114845 -4.960707
0.129494 0.880000 0.093980 -5.129374
0.149282 0.880000 0.120000 -5.980793
0.120000 0.880000 0.149282 -5.605453
0.067522 0.880000 0.031403 -4.733315
0.155820 0.852604 0.105520 -5.985451
0.105520 0.852604 0.004180 -5.131706
0.044420 0.880000 0.048264 -4.826182
0.010718 0.880000 0.040000 -6.206937
0.040000 0.880000 0.010718 -5.640624
0.135913 0.843702 0.022784 -5.178850
0.155325 0.852636 0.053053 -5.523778
0.139053 0.846731 0.088280 -5.306515
0.160000 0.840000 0.080000 -5.819426
0.109628 0.863141 0.131754 -5.089524
0.084076 0.880000 0.095865 -4.384944
0.092729 0.880000 0.128358 -4.729506
0.074320 0.880000 0.063133 -4.379497
0.093214 0.858060 0.084898 -4.454615
0.113571 0.850037 0.101739 -4.845594
0.066907 0.880000 0.126067 -4.408295
0.080000 0.880000 0.160000 -4.960486
0.053053 0.852636 0.004675 -5.409712
0.096770 0.853001 0.039875 -4.647147
0.120264 0.824279 0.041718 -4.844068
0.117867 0.836639 0.074325 -4.781423
0.080000 0.840000 0.000000 -5.210633
0.097935 0.850131 0.117951 -4.709760
0.131568 0.846055 0.114029 -5.376905
0.137216 0.843702 0.135913 -5.866828
0.105890 0.841972 0.132170 -5.024279
0.106947 0.852636 0.155325 -5.416792
0.047630 0.853785 0.035235 -4.917819
0.109188 0.825405 0.116586 -4.899629
0.072009 0.841403 0.059263 -4.374190
0.055564 0.880000 0.077991 -4.374400
0.054712 0.880000 0.102679 -4.333880
0.042208 0.854935 0.065795 -4.660892
0.030356 0.880000 0.069529 -4.962782
0.031255 0.880000 0.094631 -4.764673
0.129418 0.818627 0.099071 -5.158854
0.154504 0.819476 0.109141 -5.992980
0.153770 0.819477 0.049048 -5.454222
0.109141 0.819476 0.005496 -5.079865
0.160000 0.800000 0.080000 -5.808639
0.000000 0.880000 0.080000 -6.104442
0.004180 0.852604 0.054480 -6.243536
0.023852 0.837205 0.058327 -5.280297
0.022784 0.843702 0.024087 -5.931828
0.135151 0.800524 0.022049 -5.134467
0.138440 0.820066 0.073925 -5.188842
0.124088 0.804868 0.045866 -4.871510
0.104332 0.817779 0.089001 -4.604634
0.088030 0.830069 0.075124 -4.385464
0.075045 0.850066 0.129078 -4.500485
0.070538 0.860131 0.103429 -4.301608
0.064286 0.847598 0.084987 -4.278800
0.086365 0.840262 0.104179 -4.437339
0.042609 0.880000 0.115900 -4.499514
0.040000 0.880000 0.149282 -4.709882
0.010718 0.880000 0.120000 -5.358112
0.049566 0.846884 0.133147 -4.493281
0.054480 0.852604 0.155820 -4.686288
0.080000 0.840000 0.160000 -4.988007
0.117316 0.790259 0.094406 -4.856581
0.101774 0.804868 0.024090 -4.792414
0.049048 0.819477 0.006230 -5.418562
0.078199 0.820708 0.031834 -4.632699
0.096730 0.815388 0.058275 -4.501546
0.080000 0.800000 0.000000 -5.159225
0.083182 0.820131 0.132090 -4.641651
0.137951 0.800524 0.135151 -5.889678
0.096956 0.801454 0.111984 -4.642676
0.110952 0.819477 0.153770 -5.497629
0.047905 0.820393 0.040275 -4.804391
0.075979 0.815261 0.110747 -4.368306
0.062803 0.821496 0.072463 -4.311890
0.039996 0.829870 0.083327 -4.576982
0.038341 0.852336 0.106773 -4.563291
0.019171 0.846168 0.093387 -5.132027
0.004675 0.852636 0.106947 -5.632957
0.094406 0.790259 0.042684 -4.557797
0.154631 0.779995 0.108812 -5.995026
0.135972 0.765130 0.101612 -5.347218
0.134966 0.785130 0.070419 -5.083277
0.118289 0.775130 0.047223 -4.767314
0.152616 0.780000 0.046431 -5.400062
0.108812 0.779995 0.005369 -5.040084
0.160000 0.760000 0.080000 -5.801346
0.000000 0.840000 0.080000 -6.075013
0.033268 0.813732 0.061961 -4.904324
0.005496 0.819476 0.050859 -6.208935
0.022049 0.800524 0.024849 -5.903090
0.134315 0.760086 0.021265 -5.098366
0.105861 0.790259 0.068545 -4.574150
0.080000 0.800524 0.080000 -4.306929
0.107986 0.762700 0.090806 -4.664866
0.088478 0.780862 0.095992 -4.417852
0.045427 0.824673 0.118915 -4.464369
0.024087 0.843702 0.137216 -4.958196
0.046431 0.780000 0.007384 -5.414927
0.101612 0.765130 0.024028 -4.760929
0.116308 0.750007 0.063216 -4.709850
0.112563 0.745004 0.034293 -4.744352
0.065594 0.790259 0.117316 -4.354697
0.058226 0.804868 0.135910 -4.491090
0.050859 0.819476 0.154504 -4.695836
0.080000 0.800000 0.160000 -5.016686
0.112777 0.775130 0.118289 -4.999203
0.113569 0.780000 0.152616 -5.559695
0.125707 0.745004 0.112563 -5.222375
0.138735 0.760086 0.134315 -5.912899
0.070419 0.785130 0.025034 -4.717468
0.068545 0.790259 0.054139 -4.387053
0.080000 0.760000 0.000000 -5.117776
0.047223 0.775130 0.041711 -4.766358
0.089581 0.785130 0.134966 -4.789029
0.096784 0.750007 0.116308 -4.691815
0.042684 0.790259 0.065594 -4.614549
0.051845 0.802730 0.089224 -4.349005
0.065922 0.781499 0.084612 -4.257951
0.023690 0.804935 0.098448 -4.943696
0.006230 0.819477 0.110952 -5.538774
0.090806 0.762700 0.052014 -4.455569
0.154629 0.740000 0.108818 -5.999907
0.135469 0.745004 0.086017 -5.183762
0.152616 0.740000 0.046431 -5.382665
0.108818 0.740000 0.005371 -5.007280
0.160000 0.720000 0.080000 -5.797228
0.000000 0.800000 0.080000 -6.050823
0.005369 0.779995 0.051188 -6.180253
0.021265 0.760086 0.025685 -5.886806
0.134176 0.720014 0.021136 -5.074710
0.123764 0.725004 0.052357 -4.821473
0.112650 0.736353 0.092608 -4.755944
0.080000 0.760269 0.080000 -4.299095
0.098154 0.735011 0.071608 -4.466612
0.088392 0.735011 0.098154 -4.430190
0.069194 0.762700 0.107986 -4.315403
0.036489 0.785130 0.115442 -4.604048
0.024849 0.800524 0.137951 -4.947702
0.046431 0.740000 0.007384 -5.381609
0.086017 0.745004 0.024531 -4.681751
0.092608 0.736353 0.047350 -4.486111
0.101614 0.725004 0.024028 -4.736986
0.094409 0.710007 0.042685 -4.521154
0.080000 0.720000 0.000000 -5.085667
0.058388 0.765130 0.135972 -4.506456
0.051188 0.779995 0.154631 -4.718007
0.080000 0.760000 0.160000 -5.045832
0.135972 0.725004 0.101614 -5.350260
0.117315 0.710007 0.094409 -4.857913
0.107643 0.725004 0.123764 -4.980658
0.113569 0.740000 0.152616 -5.582922
0.138864 0.720014 0.134176 -5.929338
0.024028 0.765130 0.058388 -5.227301
0.052014 0.762700 0.069194 -4.410944
0.063216 0.750007 0.043692 -4.495557
0.034293 0.745004 0.047437 -5.009880
0.052357 0.725004 0.036236 -4.715707
0.073983 0.745004 0.135469 -4.597883
0.067392 0.736353 0.112650 -4.340600
0.043692 0.750007 0.096784 -4.452380
0.030258 0.775130 0.086915 -4.785856
0.007384 0.780000 0.113569 -5.475259
0.071608 0.735011 0.061846 -4.311171
0.061846 0.735011 0.088392 -4.263215
0.154629 0.700000 0.108818 -6.006656
0.135972 0.685004 0.101614 -5.355568
0.134966 0.705004 0.070420 -5.067853
0.118290 0.695004 0.047224 -4.739619
0.152616 0.700000 0.046431 -5.369711
0.108818 0.700000 0.005371 -4.982282
0.160000 0.680000 0.080000 -5.795922
0.000000 0.760000 0.080000 -6.031443
0.005371 0.740000 0.051182 -6.156328
0.021136 0.720014 0.025824 -5.864156
0.134152 0.680002 0.021114 -5.057778
0.068547 0.710007 0.054138 -4.357928
0.105862 0.710007 0.068547 -4.557135
0.080000 0.720014 0.080000 -4.296127
0.091453 0.710007 0.105862 -4.525764
0.047437 0.745004 0.125707 -4.486720
0.025685 0.760086 0.138735 -4.938752
0.047224 0.695004 0.041710 -4.730412
0.046431 0.700000 0.007384 -5.356483
0.070420 0.705004 0.025034 -4.668911
0.101614 0.685004 0.024028 -4.720168
0.090807 0.682505 0.052014 -4.434176
0.112563 0.665000 0.034293 -4.717027
0.116308 0.670000 0.063216 -4.698273
0.107986 0.682505 0.090807 -4.668988
0.080000 0.680000 0.000000 -5.062221
0.051182 0.740000 0.154629 -4.740345
0.080000 0.720000 0.160000 -5.074738
0.089580 0.705004 0.134966 -4.825399
0.112776 0.695004 0.118290 -5.020306
0.113569 0.700000 0.152616 -5.606199
0.138886 0.680002 0.134152 -5.945240
0.096784 0.670000 0.116308 -4.715861
0.125707 0.665000 0.112563 -5.240562
0.024531 0.745004 0.073983 -5.039286
0.047350 0.736353 0.067392 -4.489411
0.024028 0.725004 0.058386 -5.209923
0.042685 0.710007 0.065591 -4.588242
0.058386 0.725004 0.135972 -4.522660
0.065591 0.710007 0.117315 -4.373711
0.036236 0.725004 0.107643 -4.597444
0.007384 0.740000 0.113569 -5.469262
0.054138 0.710007 0.091453 -4.314671
0.154629 0.660000 0.108818 -6.014886
0.135469 0.665000 0.086017 -5.184829
0.135972 0.645000 0.101614 -5.362653
0.152616 0.660000 0.046431 -5.360782
0.123764 0.645000 0.052357 -4.808622
0.108818 0.660000 0.005371 -4.964456
0.160000 0.640000 0.080000 -5.797057
0.098154 0.655000 0.071608 -4.464343
0.063216 0.670000 0.043692 -4.470960
0.052014 0.682505 0.069193 -4.396262
0.000000 0.720000 0.080000 -6.016402
0.024028 0.685004 0.058386 -5.197622
0.005371 0.700000 0.051182 -6.137980
0.034293 0.665000 0.047437 -4.982975
0.021114 0.680002 0.025848 -5.845884
0.134149 0.640000 0.021111 -5.046166
0.080000 0.680007 0.080000 -4.297234
0.069193 0.682505 0.107986 -4.331259
0.025824 0.720014 0.138864 -4.944663
0.046431 0.660000 0.007384 -5.338906
0.086017 0.665000 0.024531 -4.647950
0.092608 0.656253 0.047350 -4.469142
0.101614 0.645000 0.024028 -4.709682
0.112650 0.656253 0.092608 -4.764497
0.080000 0.640000 0.000000 -5.046705
0.094409 0.630000 0.042685 -4.508576
0.105862 0.630000 0.068547 -4.557293
0.058386 0.685004 0.135972 -4.539330
0.051182 0.700000 0.154629 -4.762301
0.073983 0.665000 0.135469 -4.635325
0.080000 0.680000 0.160000 -5.102654
0.113569 0.660000 0.152616 -5.628959
0.138889 0.640000 0.134149 -5.961177
0.074016 0.656562 0.105664 -4.350729
0.107311 0.647500 0.120768 -4.961143
0.118615 0.623998 0.101307 -4.961531
0.117837 0.625000 0.125228 -5.251127
0.080000 0.640000 0.080000 -4.301627
0.025034 0.705004 0.089580 -4.915537
0.041710 0.695004 0.112776 -4.510134
0.007384 0.700000 0.113569 -5.465429
0.043692 0.670000 0.096784 -4.453544
0.154629 0.620000 0.108818 -6.024192
0.134966 0.625000 0.070420 -5.066253
0.152616 0.620000 0.046431 -5.355427
0.118290 0.615000 0.047224 -4.731088
0.101614 0.605000 0.024028 -4.704788
0.108818 0.620000 0.005371 -4.953117
0.160000 0.600000 0.080000 -5.800197
0.052357 0.645000 0.036236 -4.692785
0.066178 0.642500 0.058118 -4.332686
0.047350 0.656253 0.067392 -4.477989
0.024531 0.665000 0.073983 -5.021583
0.000000 0.680000 0.080000 -6.005223
0.024028 0.645000 0.058386 -5.189760
0.005371 0.660000 0.051182 -6.124691
0.021111 0.640000 0.025851 -5.833301
0.046431 0.620000 0.007384 -5.328214
0.134148 0.600000 0.021110 -5.039143
0.051247 0.643125 0.095019 -4.351516
0.047437 0.665000 0.125707 -4.507956
0.025848 0.680002 0.138886 -4.953014
0.070420 0.625000 0.025034 -4.648442
0.042685 0.630000 0.065591 -4.579684
0.096091 0.622500 0.089942 -4.500980
0.073212 0.616250 0.055939 -4.334419
0.080000 0.600000 0.000000 -5.038330
0.092086 0.601250 0.048070 -4.461285
0.088076 0.583125 0.030310 -4.579791
0.112083 0.605263 0.095144 -4.784501
0.116308 0.590000 0.063216 -4.701254
0.135469 0.585000 0.086017 -5.194758
0.085384 0.637500 0.125888 -4.669878
0.058386 0.645000 0.135972 -4.555756
0.051182 0.660000 0.154629 -4.783126
0.080000 0.640000 0.160000 -5.128825
0.113569 0.620000 0.152616 -5.650612
0.116489 0.604042 0.121328 -5.170264
0.134139 0.597986 0.103558 -5.349706
0.138890 0.600000 0.134148 -5.976844
0.065591 0.630000 0.117315 -4.398418
0.095357 0.609427 0.117708 -4.730489
0.058802 0.616250 0.093254 -4.293001
0.007384 0.660000 0.113569 -5.463234
0.029315 0.651562 0.104294 -4.760008
0.154629 0.580000 0.108818 -6.034130
0.152616 0.580000 0.046431 -5.353158
0.125228 0.575000 0.042163 -4.839828
0.108818 0.580000 0.005371 -4.947528
0.160000 0.560000 0.080000 -5.804895
0.047224 0.615000 0.041710 -4.716869
0.025034 0.625000 0.089580 -4.910628
0.000000 0.640000 0.080000 -5.997390
0.046431 0.580000 0.007384 -5.323695
0.024028 0.605000 0.058386 -5.185741
0.005371 0.620000 0.051182 -6.115924
0.021110 0.600000 0.025852 -5.826125
0.134148 0.560000 0.021110 -5.036056
0.036487 0.625000 0.115442 -4.621228
0.025851 0.640000 0.138889 -4.961334
0.063216 0.590000 0.043692 -4.467052
0.052014 0.602500 0.069193 -4.396791
0.082592 0.591869 0.082393 -4.333777
0.103205 0.576517 0.075604 -4.544870
0.099290 0.556250 0.029412 -4.642724
0.080000 0.560000 0.000000 -5.036256
0.074539 0.561250 0.036591 -4.494275
0.089762 0.572500 0.053454 -4.422441
0.112665 0.580145 0.107559 -4.922269
0.131088 0.563834 0.097314 -5.208202
0.138758 0.538498 0.081444 -5.240202
0.116548 0.553712 0.066980 -4.717523
0.072795 0.615000 0.138657 -4.688372
0.051182 0.620000 0.154629 -4.802058
0.107402 0.549755 0.094174 -4.710633
0.087630 0.575172 0.118611 -4.638505
0.080000 0.600000 0.160000 -5.152458
0.113569 0.580000 0.152616 -5.670556
0.138890 0.560000 0.134148 -5.991768
0.061357 0.598750 0.122918 -4.446227
0.066042 0.582500 0.107469 -4.344794
0.043692 0.590000 0.096784 -4.462283
0.007384 0.620000 0.113569 -5.462130
0.154629 0.540000 0.108818 -6.044244
0.152616 0.540000 0.046431 -5.353439
0.112563 0.530000 0.034293 -4.713924
0.108818 0.540000 0.005371 -4.946894
0.160000 0.520000 0.080000 -5.810674
0.036359 0.582500 0.043849 -4.960424
0.049787 0.566250 0.043770 -4.642479
0.051608 0.565000 0.061846 -4.448413
0.024531 0.585000 0.073983 -5.016875
0.000000 0.600000 0.080000 -5.992372
0.046431 0.540000 0.007384 -5.324619
0.021110 0.560000 0.025852 -5.823791
0.005371 0.580000 0.051182 -6.111126
0.134148 0.520000 0.021110 -5.036238
0.080000 0.520000 0.000000 -5.039617
0.121204 0.505000 0.041393 -4.790934
0.025852 0.600000 0.138890 -4.968697
0.058825 0.573750 0.084658 -4.294476
0.074196 0.557500 0.109077 -4.404291
0.080854 0.556320 0.080177 -4.324144
0.080000 0.540000 0.040000 -4.467828
0.036359 0.542500 0.043849 -4.962135
0.083446 0.497500 0.025246 -4.637168
0.065278 0.515000 0.026463 -4.667606
0.065278 0.535000 0.066463 -4.307157
0.094409 0.500000 0.042685 -4.522780
0.090793 0.527500 0.064839 -4.409280
0.112313 0.546983 0.120445 -5.088635
0.123397 0.534518 0.096678 -5.034977
0.117451 0.517307 0.069203 -4.744565
0.132698 0.512520 0.093590 -5.217113
0.097617 0.527532 0.091766 -4.554644
0.057122 0.567500 0.128522 -4.506972
0.051182 0.580000 0.154629 -4.818327
0.080000 0.540000 0.120000 -4.566727
0.080000 0.560000 0.160000 -5.172751
0.113569 0.540000 0.152616 -5.688168
0.138890 0.520000 0.134148 -6.005440
0.132284 0.497500 0.071015 -5.028349
0.041540 0.562500 0.110476 -4.526521
0.007384 0.580000 0.113569 -5.461547
0.154629 0.500000 0.108818 -6.054042
0.152616 0.500000 0.046431 -5.355712
0.108818 0.500000 0.005371 -4.950392
0.160000 0.480000 0.080000 -5.817030
0.025804 0.562500 0.070923 -4.999179
0.040000 0.540000 0.080000 -4.563809
0.000000 0.560000 0.080000 -5.989634
0.046431 0.500000 0.007384 -5.330239
0.021110 0.520000 0.025852 -5.825666
0.005371 0.540000 0.051182 -6.109713
0.129845 0.480000 0.048493 -4.917860
0.134148 0.480000 0.021110 -5.038990
0.101614 0.480000 0.024028 -4.716392
0.080000 0.480000 0.000000 -5.047508
0.065553 0.482347 0.026313 -4.674460
0.095424 0.482500 0.062629 -4.464145
0.031115 0.522500 0.062221 -4.910237
0.098017 0.523750 0.128821 -4.951004
0.025852 0.560000 0.138890 -4.974393
0.060000 0.540000 0.100000 -4.321266
0.047392 0.538965 0.121272 -4.508905
0.070000 0.520000 0.090000 -4.295070
0.051669 0.510161 0.053202 -4.521813
0.072292 0.482867 0.045536 -4.427876
0.049806 0.483313 0.037153 -4.735843
0.035915 0.499317 0.045301 -4.960858
0.051483 0.511581 0.081360 -4.374520
0.080575 0.500328 0.079161 -4.333688
0.106120 0.508446 0.108741 -4.835879
0.112877 0.490000 0.085145 -4.750744
0.125883 0.485000 0.109646 -5.253396
0.081340 0.511727 0.108757 -4.481411
0.062685 0.520312 0.127757 -4.517191
0.051182 0.540000 0.154629 -4.831147
0.080000 0.520000 0.160000 -5.188878
0.113569 0.500000 0.152616 -5.702801
0.111507 0.480000 0.129845 -5.233955
0.138890 0.480000 0.134148 -6.017326
0.136438 0.465000 0.082572 -5.207704
0.032436 0.524814 0.099372 -4.693549
0.007384 0.540000 0.113569 -5.460911
0.154629 0.460000 0.108818 -6.063027
0.132405 0.447500 0.059457 -4.987938
0.152616 0.460000 0.046431 -5.359398
0.108818 0.460000 0.005371 -4.957156
0.160000 0.440000 0.080000 -5.823430
0.134148 0.440000 0.021110 -5.043591
0.000000 0.520000 0.080000 -5.988595
0.102802 0.442031 0.026773 -4.706499
0.046431 0.460000 0.007384 -5.339771
0.080000 0.440000 0.000000 -5.058996
0.064314 0.450787 0.026411 -4.691656
0.021110 0.480000 0.025852 -5.831087
0.005371 0.500000 0.051182 -6.111084
0.027173 0.478377 0.053739 -5.135642
0.050397 0.459826 0.052791 -4.554940
0.107074 0.460000 0.050555 -4.607397
0.086176 0.455000 0.038509 -4.518917
0.073497 0.462500 0.067749 -4.314664
0.109445 0.460000 0.107074 -4.886763
0.096438 0.465000 0.082572 -4.507498
0.025870 0.502500 0.080593 -4.932616
0.081009 0.497701 0.131688 -4.734685
0.025852 0.520000 0.138890 -4.977762
0.051448 0.501852 0.110301 -4.417704
0.051106 0.481076 0.075459 -4.399537
0.083438 0.479745 0.103939 -4.473486
0.082387 0.456614 0.106184 -4.483380
0.051182 0.500000 0.154629 -4.839708
0.080593 0.462500 0.134130 -4.769903
0.080000 0.480000 0.160000 -5.199995
0.102041 0.446250 0.132239 -5.093352
0.113569 0.460000 0.152616 -5.713797
0.138890 0.440000 0.134148 -6.026874
0.131047 0.437701 0.107192 -5.354739
0.134579 0.420350 0.080679 -5.155981
0.112194 0.435000 0.072482 -4.689038
0.098620 0.423575 0.053020 -4.526141
0.110921 0.421673 0.124407 -5.146406
0.125298 0.407551 0.106751 -5.215012
0.007384 0.500000 0.113569 -5.459642
0.154629 0.420000 0.108818 -6.070662
0.122092 0.418207 0.048464 -4.806948
0.152616 0.420000 0.046431 -5.363869
0.108818 0.420000 0.005371 -4.966300
0.160000 0.400000 0.080000 -5.829327
0.134148 0.400000 0.021110 -5.049291
0.000000 0.480000 0.080000 -5.988683
0.110604 0.400532 0.033547 -4.723867
0.085124 0.420625 0.023090 -4.686855
0.058416 0.425312 0.028468 -4.733422
0.021110 0.440000 0.025852 -5.839377
0.046431 0.420000 0.007384 -5.352441
0.080000 0.400000 0.000000 -5.073131
0.070401 0.430625 0.049553 -4.411497
0.037886 0.425312 0.050368 -4.856172
0.005371 0.460000 0.051182 -6.114624
0.062003 0.456103 0.086992 -4.302159
0.046160 0.442348 0.072936 -4.489112
0.025870 0.462500 0.080593 -4.935265
0.044217 0.457459 0.087676 -4.474113
0.078458 0.438295 0.078703 -4.331871
0.090514 0.432500 0.111862 -4.640683
0.030882 0.472823 0.105207 -4.733654
0.056426 0.473698 0.131687 -4.557909
0.025852 0.480000 0.138890 -4.978125
0.052926 0.460000 0.109445 -4.407678
0.067743 0.445000 0.100204 -4.339060
0.064655 0.442500 0.130950 -4.571023
0.051182 0.460000 0.154629 -4.843207
0.080000 0.440000 0.160000 -5.205239
0.085257 0.416250 0.135931 -4.868421
0.113569 0.420000 0.152616 -5.720477
0.138890 0.400000 0.134148 -6.033506
0.133687 0.390893 0.072060 -5.079344
0.138878 0.391477 0.096574 -5.425448
0.089985 0.400518 0.049555 -4.478526
0.113956 0.408916 0.093187 -4.841660
0.110862 0.402656 0.075521 -4.685073
0.115693 0.391323 0.061650 -4.722391
0.116895 0.390391 0.120722 -5.219193
0.116826 0.382631 0.094484 -4.907736
0.102920 0.382636 0.054398 -4.571276
0.086758 0.410312 0.080622 -4.405700
0.096356 0.402366 0.107301 -4.682324
0.007384 0.460000 0.113569 -5.457140
0.154629 0.380000 0.108818 -6.076412
0.152616 0.380000 0.046431 -5.368499
0.130957 0.379438 0.048229 -4.951065
0.112563 0.370000 0.034293 -4.743879
0.108818 0.380000 0.005371 -4.976925
0.160000 0.360000 0.080000 -5.834150
0.134148 0.360000 0.021110 -5.055326
0.120276 0.360904 0.065355 -4.803577
0.000000 0.440000 0.080000 -5.989307
0.088132 0.375625 0.035356 -4.575214
0.055679 0.400625 0.036016 -4.673312
0.069777 0.387500 0.060151 -4.354814
0.033728 0.401250 0.048551 -5.001433
0.005371 0.420000 0.051182 -6.119703
0.021110 0.400000 0.025852 -5.849850
0.046431 0.380000 0.007384 -5.367446
0.086017 0.350000 0.024531 -4.691794
0.080000 0.360000 0.000000 -5.088956
0.046347 0.402500 0.071251 -4.499156
0.023173 0.421250 0.075625 -5.059292
0.053795 0.428361 0.093594 -4.357372
0.028510 0.445625 0.101958 -4.792235
0.071583 0.405000 0.116649 -4.472407
0.025852 0.440000 0.138890 -4.974816
0.048718 0.422500 0.127770 -4.554091
0.084184 0.382500 0.116479 -4.603677
0.051182 0.420000 0.154629 -4.840833
0.075792 0.382500 0.138325 -4.765644
0.080000 0.400000 0.160000 -5.203749
0.113569 0.380000 0.152616 -5.722139
0.138890 0.360000 0.134148 -6.036634
0.135469 0.350000 0.086017 -5.229726
0.123219 0.361307 0.109014 -5.198831
0.093516 0.380625 0.081244 -4.481353
0.096784 0.360000 0.116308 -4.783643
0.106546 0.360000 0.089762 -4.696386
0.089762 0.360000 0.053454 -4.466564
0.112350 0.342500 0.080685 -4.735397
0.060445 0.389375 0.095385 -4.325273
0.007384 0.420000 0.113569 -5.452813
0.154629 0.340000 0.108819 -6.079704
0.134196 0.322500 0.089077 -5.229107
0.152616 0.340000 0.046431 -5.372636
0.125228 0.340000 0.042163 -4.870862
0.108819 0.340000 0.005371 -4.988101
0.160000 0.320000 0.080000 -5.837308
0.134148 0.320000 0.021111 -5.060933
0.129077 0.322500 0.065804 -4.961525
0.098154 0.325000 0.051608 -4.543669
0.070238 0.360000 0.106546 -4.384622
0.049306 0.373750 0.074121 -4.441700
0.023173 0.381250 0.075625 -5.061359
0.000000 0.400000 0.080000 -5.989865
0.063216 0.360000 0.043692 -4.512574
0.035208 0.366875 0.049987 -4.946163
0.005371 0.380000 0.051182 -6.125690
0.071608 0.325000 0.041846 -4.499604
0.021110 0.360000 0.025852 -5.861808
0.046431 0.340000 0.007384 -5.383982
0.089641 0.315137 0.026118 -4.690673
0.080000 0.320000 0.000000 -5.105500
0.036099 0.401250 0.105070 -4.619414
0.055946 0.391875 0.121698 -4.469029
0.025852 0.400000 0.138890 -4.967165
0.056514 0.357500 0.131511 -4.546674
0.051182 0.380000 0.154629 -4.831780
0.117837 0.340000 0.125228 -5.307596
0.080000 0.360000 0.160000 -5.194632
0.138889 0.320000 0.134148 -6.035645
0.113569 0.340000 0.152616 -5.718060
0.123639 0.302500 0.116153 -5.300648
0.068257 0.333750 0.125755 -4.522482
0.108392 0.325000 0.098154 -4.787438
0.093047 0.336875 0.125492 -4.833927
0.080000 0.340000 0.080000 -4.352287
0.091175 0.321250 0.075342 -4.445580
0.061846 0.335000 0.108392 -4.366447
0.043692 0.360000 0.096784 -4.477612
0.007384 0.380000 0.113569 -5.446061
0.154628 0.300000 0.108822 -6.079971
0.120000 0.290000 0.080000 -4.859644
0.152616 0.300000 0.046431 -5.375619
0.116153 0.302500 0.036361 -4.780123
0.108822 0.300000 0.005372 -4.998906
0.160000 0.280000 0.080000 -5.838200
0.134152 0.280000 0.021114 -5.065338
0.098076 0.301250 0.058180 -4.524320
0.052266 0.345000 0.076991 -4.393420
0.055804 0.317500 0.060923 -4.438095
0.024531 0.350000 0.073983 -5.030236
0.028729 0.332500 0.091714 -4.798893
0.000000 0.360000 0.080000 -5.989756
0.038489 0.332500 0.046514 -4.905756
0.005371 0.340000 0.051181 -6.131927
0.080602 0.292781 0.038886 -4.535855
0.047064 0.303218 0.034720 -4.870952
0.021111 0.320000 0.025852 -5.874533
0.046431 0.300000 0.007384 -5.401246
0.063485 0.287308 0.024233 -4.782146
0.080000 0.280000 0.000000 -5.121798
0.137310 0.274999 0.094421 -5.358764
0.025852 0.360000 0.138890 -4.954516
0.034615 0.337500 0.110980 -4.647128
0.138886 0.280000 0.134152 -6.029883
0.051181 0.340000 0.154629 -4.815245
0.116537 0.276249 0.111619 -5.073074
0.107562 0.301250 0.129232 -5.141112
0.056512 0.317500 0.131510 -4.531551
0.080000 0.320000 0.160000 -5.177004
0.113569 0.300000 0.152616 -5.707502
0.101555 0.302500 0.105848 -4.739472
0.080000 0.310000 0.120000 -4.571335
0.084196 0.317500 0.099077 -4.452992
0.060000 0.310000 0.100000 -4.328766
0.080000 0.300000 0.080000 -4.349094
0.032926 0.315000 0.109445 -4.672875
0.007384 0.340000 0.113569 -5.436292
0.154620 0.259998 0.108842 -6.076652
0.100763 0.276014 0.070389 -4.541675
0.115885 0.273799 0.045301 -4.746375
0.126771 0.267500 0.072641 -4.945294
0.152616 0.260000 0.046431 -5.376766
0.079818 0.267619 0.047599 -4.460117
0.094864 0.271041 0.025643 -4.721671
0.108842 0.259998 0.005380 -5.008366
0.160000 0.240000 0.080000 -5.836200
0.134170 0.239998 0.021131 -5.067868
0.153796 0.219935 0.049110 -5.413136
0.094717 0.280000 0.113543 -4.699799
0.076567 0.281292 0.067991 -4.341002
0.052790 0.284039 0.067773 -4.428271
0.033311 0.305379 0.075994 -4.754273
0.000000 0.320000 0.080000 -5.988379
0.005372 0.300000 0.051178 -6.137771
0.029622 0.274378 0.052126 -5.104483
0.049689 0.274012 0.040407 -4.742806
0.021114 0.280000 0.025848 -5.887286
0.080000 0.240000 0.000000 -5.136892
0.046431 0.260000 0.007384 -5.418445
0.064987 0.247570 0.030621 -4.681151
0.134717 0.245000 0.093543 -5.277868
0.025852 0.320000 0.138889 -4.936227
0.138869 0.239998 0.134170 -6.018574
0.113569 0.260000 0.152616 -5.689697
0.048818 0.290000 0.124672 -4.492481
0.051178 0.300000 0.154628 -4.790439
0.080000 0.280000 0.160000 -5.149968
0.108260 0.249999 0.078825 -4.653719
0.109435 0.249999 0.107085 -4.870333
0.080148 0.274999 0.135426 -4.740322
0.070587 0.280000 0.104130 -4.351984
0.087946 0.254999 0.110901 -4.562608
0.053483 0.252524 0.057356 -4.494664
0.080000 0.260000 0.080000 -4.340589
0.080138 0.248934 0.055308 -4.407918
0.047803 0.283212 0.096628 -4.405333
0.007384 0.300000 0.113569 -5.422921
0.154574 0.219990 0.108959 -6.069415
0.106002 0.249584 0.048279 -4.629254
0.133543 0.245000 0.065283 -5.042498
0.095628 0.240573 0.030815 -4.674287
0.108260 0.229999 0.078825 -4.647676
0.120628 0.224998 0.035848 -4.834508
0.108959 0.219990 0.005426 -5.015305
0.078825 0.229999 0.051740 -4.424451
0.079413 0.214999 0.025870 -4.697212
0.134130 0.214999 0.079413 -5.129843
0.160000 0.200000 0.080000 -5.830681
0.130972 0.194818 0.065333 -4.981218
0.134848 0.199866 0.021762 -5.073234
0.152929 0.179998 0.047116 -5.380385
0.094717 0.245000 0.133543 -4.932212
0.124152 0.224998 0.120628 -5.353691
0.080000 0.219999 0.080000 -4.325855
0.049841 0.259257 0.083458 -4.391074
0.025273 0.268097 0.078780 -4.962550
0.000000 0.280000 0.080000 -5.985126
0.028897 0.240199 0.062600 -4.998318
0.005380 0.259998 0.051158 -6.142550
0.021131 0.239998 0.025830 -5.899135
0.035848 0.224998 0.039372 -5.102957
0.109665 0.179940 0.005703 -5.017115
0.080000 0.200000 0.000000 -5.149846
0.049110 0.219935 0.006204 -5.395771
0.050565 0.209998 0.052915 -4.578094
0.109122 0.213051 0.105953 -4.834032
0.134131 0.198610 0.098385 -5.301312
0.039382 0.264999 0.124161 -4.577844
0.025848 0.280000 0.138886 -4.911701
0.138238 0.199866 0.134848 -5.994497
0.110890 0.219935 0.153796 -5.622032
0.066457 0.245000 0.134717 -4.552647
0.080000 0.240000 0.160000 -5.112625
0.051158 0.259998 0.154620 -4.756554
0.048841 0.194998 0.029993 -4.930004
0.081175 0.229999 0.108260 -4.440466
0.052915 0.249999 0.109435 -4.365204
0.051740 0.229999 0.081175 -4.366187
0.033659 0.248537 0.104650 -4.628715
0.007384 0.260000 0.113569 -5.405374
0.154297 0.179940 0.109665 -6.059047
0.107085 0.209998 0.050565 -4.626677
0.100893 0.201392 0.081687 -4.540767
0.108375 0.194969 0.028134 -4.768247
0.080000 0.204999 0.060000 -4.372575
0.080000 0.189999 0.040000 -4.524911
0.120965 0.188393 0.077240 -4.836462
0.160000 0.160000 0.080000 -5.820993
0.127814 0.174638 0.051253 -4.893947
0.135627 0.159276 0.022505 -5.075908
0.153887 0.140264 0.049328 -5.402899
0.105578 0.162289 0.031313 -4.718441
0.109569 0.140376 0.005665 -5.017428
0.059041 0.219984 0.133292 -4.479850
0.094321 0.208929 0.129250 -4.834095
0.076726 0.203659 0.100572 -4.333912
0.063937 0.202546 0.083662 -4.266211
0.024509 0.233418 0.090038 -4.902817
0.000000 0.240000 0.080000 -5.979401
0.025283 0.204999 0.066457 -5.069464
0.035129 0.187546 0.051300 -4.946509
0.005426 0.219990 0.051041 -6.145512
0.021762 0.199866 0.025152 -5.897620
0.080000 0.160000 0.000000 -5.159746
0.047116 0.179998 0.007071 -5.439255
0.061416 0.175093 0.052608 -4.442774
0.119064 0.182084 0.103848 -4.994194
0.085401 0.178611 0.087806 -4.356308
0.137495 0.159276 0.135627 -5.961089
0.125862 0.152592 0.107224 -5.169571
0.136569 0.115213 0.023431 -5.074804
0.149282 0.080000 0.040000 -5.254129
0.039372 0.224998 0.124152 -4.548857
0.025830 0.239998 0.138869 -4.880560
0.112884 0.179998 0.152929 -5.618099
0.080000 0.200000 0.160000 -5.064083
0.051041 0.219990 0.154574 -4.712511
0.136569 0.115213 0.136569 -5.913063
0.044974 0.170093 0.036143 -4.914802
0.052915 0.209998 0.109435 -4.338350
0.051625 0.194969 0.131866 -4.450376
0.026457 0.204999 0.094717 -4.809913
0.006204 0.219935 0.110890 -5.439026
0.154335 0.140376 0.109569 -6.040663
0.160000 0.080000 0.080000 -5.786489
0.160000 0.120000 0.080000 -5.806487
0.155486 0.107118 0.106492 -6.011085
0.092789 0.171144 0.055656 -4.464140
0.070160 0.154273 0.043983 -4.479375
0.112654 0.162277 0.086349 -4.717568
0.132366 0.137726 0.074891 -5.030077
0.155407 0.107095 0.053284 -5.447867
0.101492 0.144638 0.056922 -4.524379
0.119030 0.129925 0.040177 -4.776708
0.066079 0.135615 0.032315 -4.649171
0.090746 0.132319 0.028461 -4.672316
0.080000 0.120000 0.000000 -5.165695
0.110829 0.109718 0.033628 -4.722361
0.106492 0.107118 0.004514 -5.026845
0.120000 0.080000 0.010718 -4.986979
0.073452 0.187318 0.121145 -4.421503
0.091075 0.174397 0.111837 -4.553542
0.103911 0.159842 0.129221 -4.967773
0.092142 0.177569 0.132640 -4.808664
0.047874 0.185093 0.087325 -4.373685
0.042833 0.160187 0.065215 -4.586933
0.000000 0.200000 0.080000 -5.970617
0.030611 0.176182 0.072837 -4.827756
0.005703 0.179940 0.050335 -6.145368
0.022505 0.159276 0.024373 -5.892414
0.049328 0.140264 0.006113 -5.419713
0.080000 0.080000 0.000000 -5.166864
0.067111 0.153242 0.077999 -4.244329
0.091389 0.146296 0.090783 -4.405568
0.097779 0.155004 0.106318 -4.593366
0.071788 0.157967 0.099765 -4.256832
0.110672 0.140264 0.153887 -5.535911
0.102672 0.133862 0.124791 -4.851041
0.123707 0.125200 0.118512 -5.238841
0.110845 0.135188 0.100454 -4.757309
0.117300 0.080000 0.045149 -4.708584
0.128841 0.080000 0.068561 -4.889682
0.128637 0.107356 0.110449 -5.242657
0.149282 0.080000 0.120000 -6.000933
0.129494 0.080000 0.093980 -5.058309
0.038669 0.184751 0.123493 -4.519991
0.025152 0.199866 0.138238 -4.853237
0.080000 0.160000 0.160000 -5.003460
0.050335 0.179940 0.154297 -4.655992
0.110894 0.093797 0.131844 -5.077253
0.106716 0.107095 0.155407 -5.417990
0.120000 0.080000 0.149282 -5.612959
0.041413 0.138912 0.036170 -5.002972
0.050687 0.137593 0.073805 -4.371058
0.052186 0.169637 0.108747 -4.306963
0.051309 0.155007 0.131541 -4.400442
0.026093 0.164819 0.094374 -4.798654
0.007071 0.179998 0.112884 -5.370313
0.130930 0.108863 0.084436 -5.040113
0.077427 0.134337 0.066677 -4.293754
0.103278 0.129308 0.076763 -4.514850
0.115166 0.112319 0.062742 -4.664218
0.060320 0.118547 0.047966 -4.484263
0.053284 0.107095 0.004593 -5.375361
0.087743 0.115433 0.055354 -4.399481
0.079134 0.106159 0.029932 -4.628249
0.094818 0.080000 0.034497 -4.596313
0.067522 0.080000 0.031403 -4.637755
0.073678 0.145000 0.125670 -4.410881
0.046725 0.147409 0.092857 -4.347896
0.080000 0.120000 0.160000 -4.929896
0.028176 0.138985 0.062118 -5.009456
0.000000 0.160000 0.080000 -5.958204
0.005665 0.140376 0.050431 -6.143754
0.023431 0.115213 0.023431 -5.881909
0.040000 0.080000 0.010718 -5.577998
0.067356 0.129999 0.091340 -4.202737
0.085014 0.131931 0.108065 -4.391229
0.088063 0.116931 0.133912 -4.666641
0.101787 0.107594 0.114406 -4.680127
0.111941 0.080000 0.087971 -4.639296
0.099451 0.080000 0.066903 -4.425714
0.113282 0.080000 0.114845 -4.885338
0.092729 0.080000 0.128358 -4.618449
0.073454 0.100000 0.143034 -4.520702
0.024373 0.159276 0.137495 -4.820573
0.050431 0.140376 0.154335 -4.592379
0.080000 0.080000 0.160000 -4.842559
0.061155 0.114811 0.081705 -4.217004
0.032417 0.112833 0.050737 -5.024897
0.035870 0.122390 0.082650 -4.581734
0.036210 0.133312 0.115977 -4.488499
0.006113 0.140264 0.110672 -5.386453
0.083404 0.105000 0.079121 -4.268215
0.058217 0.099304 0.062658 -4.342872
0.044420 0.080000 0.048264 -4.723576
0.074320 0.080000 0.063133 -4.261662
0.060432 0.118558 0.123413 -4.277296
0.053508 0.107118 0.155486 -4.541590
0.004514 0.107118 0.053508 -6.139557
0.000000 0.120000 0.080000 -5.941601
0.010718 0.080000 0.040000 -6.095632
0.072254 0.099279 0.109639 -4.222740
0.084076 0.080000 0.095865 -4.254594
0.066907 0.080000 0.126067 -4.251173
0.055932 0.096913 0.084140 -4.225607
0.023431 0.115213 0.136569 -4.779466
0.004593 0.107095 0.106716 -5.443680
0.040000 0.080000 0.149282 -4.495669
0.041682 0.098997 0.099396 -4.364173
0.030356 0.080000 0.069529 -4.823144
0.018605 0.105481 0.095814 -4.982016
0.055564 0.080000 0.077991 -4.241870
0.042609 0.080000 0.115900 -4.313794
0.000000 0.080000 0.080000 -5.920279
0.054712 0.080000 0.102679 -4.177532
0.010718 0.080000 0.120000 -5.108714
0.031255 0.080000 0.094631 -4.586050
