0.000000 0.000000 0.000000 0.148086
0.000000 0.000000 0.060000 0.148302
0.000000 0.000000 0.120000 0.149177
0.000000 0.000000 0.180000 0.150436
0.000000 0.000000 0.240000 0.151362
0.000000 0.000000 0.300000 0.151649
0.066667 0.000000 0.000000 0.147073
0.000000 0.066667 0.000000 0.150965
0.066667 0.000000 0.060000 0.147319
0.066667 0.000000 0.120000 0.148400
0.000000 0.066667 0.060000 0.151076
0.066667 0.000000 0.180000 0.149959
0.000000 0.066667 0.120000 0.151786
0.066667 0.000000 0.240000 0.151110
0.000000 0.066667 0.180000 0.153009
0.066667 0.000000 0.300000 0.151473
0.000000 0.066667 0.240000 0.154041
0.000000 0.066667 0.300000 0.154411
0.133333 0.000000 0.000000 0.145491
0.066667 0.066667 0.000000 0.149824
0.133333 0.000000 0.060000 0.145785
0.000000 0.133333 0.000000 0.160771
0.066667 0.066667 0.060000 0.149950
0.133333 0.000000 0.120000 0.147233
0.133333 0.000000 0.180000 0.149406
0.066667 0.066667 0.120000 0.150829
0.000000 0.133333 0.060000 0.160570
0.133333 0.000000 0.240000 0.151085
0.066667 0.066667 0.180000 0.152305
0.000000 0.133333 0.120000 0.160779
0.133333 0.000000 0.300000 0.151657
0.066667 0.066667 0.240000 0.153513
0.000000 0.133333 0.180000 0.161780
0.066667 0.066667 0.300000 0.153942
0.000000 0.133333 0.240000 0.162903
0.000000 0.133333 0.300000 0.163376
0.200000 0.000000 0.000000 0.146707
0.133333 0.066667 0.000000 0.147870
0.200000 0.000000 0.060000 0.146971
0.066667 0.133333 0.000000 0.159534
0.133333 0.066667 0.060000 0.148018
0.200000 0.000000 0.120000 0.148452
0.000000 0.200000 0.000000 0.179879
0.066667 0.133333 0.060000 0.159282
0.133333 0.066667 0.120000 0.149209
0.200000 0.000000 0.180000 0.150838
0.200000 0.000000 0.240000 0.152801
0.133333 0.066667 0.180000 0.151229
0.066667 0.133333 0.120000 0.159493
0.000000 0.200000 0.060000 0.179300
0.200000 0.000000 0.300000 0.153501
0.133333 0.066667 0.240000 0.152893
0.066667 0.133333 0.180000 0.160528
0.000000 0.200000 0.120000 0.178839
0.133333 0.066667 0.300000 0.153497
0.066667 0.133333 0.240000 0.161631
0.000000 0.200000 0.180000 0.179325
0.066667 0.133333 0.300000 0.162100
0.000000 0.200000 0.240000 0.180170
0.000000 0.200000 0.300000 0.180548
0.266667 0.000000 0.000000 0.154101
0.266667 0.000000 0.060000 0.154094
0.200000 0.066667 0.000000 0.148406
0.133333 0.133333 0.000000 0.156983
0.200000 0.066667 0.060000 0.148500
0.266667 0.000000 0.120000 0.154709
0.066667 0.200000 0.000000 0.178555
0.133333 0.133333 0.060000 0.156631
0.200000 0.066667 0.120000 0.149715
0.266667 0.000000 0.180000 0.156125
0.000000 0.266667 0.000000 0.210438
0.066667 0.200000 0.060000 0.177802
0.133333 0.133333 0.120000 0.156816
0.200000 0.066667 0.180000 0.151968
0.266667 0.000000 0.240000 0.157569
0.266667 0.000000 0.300000 0.158151
0.200000 0.066667 0.240000 0.153948
0.133333 0.133333 0.180000 0.157962
0.066667 0.200000 0.120000 0.177064
0.000000 0.266667 0.060000 0.209773
0.200000 0.066667 0.300000 0.154695
0.133333 0.133333 0.240000 0.159194
0.066667 0.200000 0.180000 0.177300
0.000000 0.266667 0.120000 0.208864
0.133333 0.133333 0.300000 0.159744
0.066667 0.200000 0.240000 0.177959
0.000000 0.266667 0.180000 0.208589
0.066667 0.200000 0.300000 0.178294
0.000000 0.266667 0.240000 0.208709
0.000000 0.266667 0.300000 0.208752
0.333333 0.000000 0.000000 0.169115
0.333333 0.000000 0.060000 0.168591
0.266667 0.066667 0.000000 0.154967
0.333333 0.000000 0.120000 0.167598
0.266667 0.066667 0.060000 0.154802
0.200000 0.133333 0.000000 0.155845
0.133333 0.200000 0.000000 0.175287
0.200000 0.133333 0.060000 0.155384
0.266667 0.066667 0.120000 0.155224
0.333333 0.000000 0.180000 0.167073
0.066667 0.266667 0.000000 0.208869
0.133333 0.200000 0.060000 0.174217
0.200000 0.133333 0.120000 0.155440
0.266667 0.066667 0.180000 0.156590
0.333333 0.000000 0.240000 0.167302
0.000000 0.333333 0.000000 0.253340
0.066667 0.266667 0.060000 0.207956
0.133333 0.200000 0.120000 0.172876
0.200000 0.133333 0.180000 0.156667
0.266667 0.066667 0.240000 0.158097
0.333333 0.000000 0.300000 0.167572
0.266667 0.066667 0.300000 0.158730
0.200000 0.133333 0.240000 0.158192
0.133333 0.200000 0.180000 0.172614
0.066667 0.266667 0.120000 0.206575
0.000000 0.333333 0.060000 0.252913
0.200000 0.133333 0.300000 0.158925
0.133333 0.200000 0.240000 0.173101
0.066667 0.266667 0.180000 0.205935
0.000000 0.333333 0.120000 0.251833
0.133333 0.200000 0.300000 0.173488
0.066667 0.266667 0.240000 0.205918
0.000000 0.333333 0.180000 0.250619
0.066667 0.266667 0.300000 0.205987
0.000000 0.333333 0.240000 0.249754
0.000000 0.333333 0.300000 0.249422
0.400000 0.000000 0.000000 0.190966
0.400000 0.000000 0.060000 0.190028
0.333333 0.066667 0.000000 0.169347
0.400000 0.000000 0.120000 0.187819
0.333333 0.066667 0.060000 0.168766
0.266667 0.133333 0.000000 0.159614
0.400000 0.000000 0.180000 0.185733
0.333333 0.066667 0.120000 0.167726
0.266667 0.133333 0.060000 0.159042
0.200000 0.200000 0.000000 0.171715
0.133333 0.266667 0.000000 0.204527
0.200000 0.200000 0.060000 0.170485
0.266667 0.133333 0.120000 0.158659
0.333333 0.066667 0.180000 0.167179
0.400000 0.000000 0.240000 0.184844
0.066667 0.333333 0.000000 0.251697
0.133333 0.266667 0.060000 0.203099
0.200000 0.200000 0.120000 0.168742
0.266667 0.133333 0.180000 0.159353
0.333333 0.066667 0.240000 0.167375
0.400000 0.000000 0.300000 0.184784
0.000000 0.400000 0.000000 0.308673
0.066667 0.333333 0.060000 0.251069
0.133333 0.266667 0.120000 0.200696
0.200000 0.200000 0.180000 0.168299
0.266667 0.133333 0.240000 0.160620
0.333333 0.066667 0.300000 0.167626
0.266667 0.133333 0.300000 0.161305
0.200000 0.200000 0.240000 0.169117
0.133333 0.266667 0.180000 0.199348
0.066667 0.333333 0.120000 0.249566
0.000000 0.400000 0.060000 0.308411
0.200000 0.200000 0.300000 0.169800
0.133333 0.266667 0.240000 0.199365
0.066667 0.333333 0.180000 0.248117
0.000000 0.400000 0.120000 0.307101
0.133333 0.266667 0.300000 0.199685
0.066667 0.333333 0.240000 0.247346
0.000000 0.400000 0.180000 0.304911
0.066667 0.333333 0.300000 0.247167
0.000000 0.400000 0.240000 0.303094
0.000000 0.400000 0.300000 0.302486
0.466667 0.000000 0.000000 0.218039
0.400000 0.066667 0.000000 0.190994
0.466667 0.000000 0.060000 0.216988
0.466667 0.000000 0.120000 0.214636
0.400000 0.066667 0.060000 0.190123
0.333333 0.133333 0.000000 0.170769
0.466667 0.000000 0.180000 0.212382
0.400000 0.066667 0.120000 0.188046
0.333333 0.133333 0.060000 0.170184
0.266667 0.200000 0.000000 0.170701
0.466667 0.000000 0.240000 0.211232
0.400000 0.066667 0.180000 0.185951
0.333333 0.133333 0.120000 0.169241
0.266667 0.200000 0.060000 0.169654
0.200000 0.266667 0.000000 0.197990
0.133333 0.333333 0.000000 0.246688
0.200000 0.266667 0.060000 0.196300
0.266667 0.200000 0.120000 0.168060
0.333333 0.133333 0.180000 0.168681
0.400000 0.066667 0.240000 0.184858
0.466667 0.000000 0.300000 0.211020
0.066667 0.400000 0.000000 0.307422
0.133333 0.333333 0.060000 0.245579
0.200000 0.266667 0.120000 0.193292
0.266667 0.200000 0.180000 0.167660
0.333333 0.133333 0.240000 0.168693
0.400000 0.066667 0.300000 0.184676
0.000000 0.466667 0.000000 0.374729
0.066667 0.400000 0.060000 0.307070
0.133333 0.333333 0.120000 0.243195
0.200000 0.266667 0.180000 0.191803
0.266667 0.200000 0.240000 0.168680
0.333333 0.133333 0.300000 0.168880
0.266667 0.200000 0.300000 0.169527
0.200000 0.266667 0.240000 0.192602
0.133333 0.333333 0.180000 0.241502
0.066667 0.400000 0.120000 0.305547
0.000000 0.466667 0.060000 0.374320
0.200000 0.266667 0.300000 0.193528
0.133333 0.333333 0.240000 0.241430
0.066667 0.400000 0.180000 0.303359
0.000000 0.466667 0.120000 0.372677
0.133333 0.333333 0.300000 0.241833
0.066667 0.400000 0.240000 0.301862
0.000000 0.466667 0.180000 0.370057
0.066667 0.400000 0.300000 0.301504
0.000000 0.466667 0.240000 0.367922
0.000000 0.466667 0.300000 0.367232
0.533333 0.000000 0.000000 0.249645
0.533333 0.000000 0.060000 0.248680
0.466667 0.066667 0.000000 0.218272
0.400000 0.133333 0.000000 0.190194
0.466667 0.066667 0.060000 0.217343
0.533333 0.000000 0.120000 0.246702
0.533333 0.000000 0.180000 0.245025
0.466667 0.066667 0.120000 0.215212
0.400000 0.133333 0.060000 0.189697
0.333333 0.200000 0.000000 0.175344
0.533333 0.000000 0.240000 0.244220
0.466667 0.066667 0.180000 0.212997
0.400000 0.133333 0.120000 0.188632
0.333333 0.200000 0.060000 0.174912
0.266667 0.266667 0.000000 0.190877
0.533333 0.000000 0.300000 0.244029
0.466667 0.066667 0.240000 0.211636
0.400000 0.133333 0.180000 0.187154
0.333333 0.200000 0.120000 0.174333
0.266667 0.266667 0.060000 0.189578
0.200000 0.333333 0.000000 0.237973
0.133333 0.400000 0.000000 0.303486
0.200000 0.333333 0.060000 0.236548
0.266667 0.266667 0.120000 0.187249
0.333333 0.200000 0.180000 0.174047
0.400000 0.133333 0.240000 0.185760
0.466667 0.066667 0.300000 0.211293
0.066667 0.466667 0.000000 0.374197
0.133333 0.400000 0.060000 0.302909
0.200000 0.333333 0.120000 0.233759
0.266667 0.266667 0.180000 0.186506
0.333333 0.200000 0.240000 0.174317
0.400000 0.133333 0.300000 0.185271
0.000000 0.533333 0.000000 0.446227
0.066667 0.466667 0.060000 0.373825
0.133333 0.400000 0.120000 0.301081
0.200000 0.333333 0.180000 0.232630
0.266667 0.266667 0.240000 0.188267
0.333333 0.200000 0.300000 0.174720
0.266667 0.266667 0.300000 0.189752
0.200000 0.333333 0.240000 0.234269
0.133333 0.400000 0.180000 0.299414
0.066667 0.466667 0.120000 0.372234
0.000000 0.533333 0.060000 0.445679
0.200000 0.333333 0.300000 0.235710
0.133333 0.400000 0.240000 0.299217
0.066667 0.466667 0.180000 0.369860
0.000000 0.533333 0.120000 0.444164
0.133333 0.400000 0.300000 0.299625
0.066667 0.466667 0.240000 0.368169
0.000000 0.533333 0.180000 0.442229
0.066667 0.466667 0.300000 0.367726
0.000000 0.533333 0.240000 0.440845
0.000000 0.533333 0.300000 0.440413
0.600000 0.000000 0.000000 0.284770
0.533333 0.066667 0.000000 0.250551
0.600000 0.000000 0.060000 0.283988
0.600000 0.000000 0.120000 0.282337
0.533333 0.066667 0.060000 0.249639
0.466667 0.133333 0.000000 0.217701
0.400000 0.200000 0.000000 0.189483
0.466667 0.133333 0.060000 0.217145
0.533333 0.066667 0.120000 0.247706
0.600000 0.000000 0.180000 0.280994
0.600000 0.000000 0.240000 0.280360
0.533333 0.066667 0.180000 0.246019
0.466667 0.133333 0.120000 0.216171
0.400000 0.200000 0.060000 0.189674
0.333333 0.266667 0.000000 0.186284
0.600000 0.000000 0.300000 0.280159
0.533333 0.066667 0.240000 0.245181
0.466667 0.133333 0.180000 0.214768
0.400000 0.200000 0.120000 0.190590
0.333333 0.266667 0.060000 0.186111
0.266667 0.333333 0.000000 0.225531
0.533333 0.066667 0.300000 0.245008
0.466667 0.133333 0.240000 0.213125
0.400000 0.200000 0.180000 0.190807
0.333333 0.266667 0.120000 0.186314
0.266667 0.333333 0.060000 0.224433
0.200000 0.400000 0.000000 0.296042
0.133333 0.466667 0.000000 0.373113
0.200000 0.400000 0.060000 0.295345
0.266667 0.333333 0.120000 0.222773
0.333333 0.266667 0.180000 0.187357
0.400000 0.200000 0.240000 0.189902
0.466667 0.133333 0.300000 0.212426
0.066667 0.533333 0.000000 0.446567
0.133333 0.466667 0.060000 0.372879
0.200000 0.400000 0.120000 0.293925
0.266667 0.333333 0.180000 0.223426
0.333333 0.266667 0.240000 0.189417
0.400000 0.200000 0.300000 0.189435
0.000000 0.600000 0.000000 0.516255
0.066667 0.533333 0.060000 0.446216
0.133333 0.466667 0.120000 0.371695
0.200000 0.400000 0.180000 0.294015
0.266667 0.333333 0.240000 0.227154
0.333333 0.266667 0.300000 0.190816
0.266667 0.333333 0.300000 0.229638
0.200000 0.400000 0.240000 0.296274
0.133333 0.466667 0.180000 0.370449
0.066667 0.533333 0.120000 0.445113
0.000000 0.600000 0.060000 0.515937
0.200000 0.400000 0.300000 0.297818
0.133333 0.466667 0.240000 0.370231
0.066667 0.533333 0.180000 0.443706
0.000000 0.600000 0.120000 0.515267
0.133333 0.466667 0.300000 0.370472
0.066667 0.533333 0.240000 0.442759
0.000000 0.600000 0.180000 0.514674
0.066667 0.533333 0.300000 0.442464
0.000000 0.600000 0.240000 0.514439
0.000000 0.600000 0.300000 0.514415
0.666667 0.000000 0.000000 0.320124
0.733333 0.000000 0.000000 0.352299
0.800000 0.000000 0.000000 0.378952
0.866667 0.000000 0.000000 0.398494
0.933333 0.000000 0.000000 0.410252
1.000000 0.000000 0.000000 0.414114
0.600000 0.066667 0.000000 0.286829
0.666667 0.000000 0.060000 0.319600
0.533333 0.133333 0.000000 0.252995
0.600000 0.066667 0.060000 0.285914
0.666667 0.000000 0.120000 0.318350
0.666667 0.000000 0.180000 0.317227
0.600000 0.066667 0.120000 0.283948
0.533333 0.133333 0.060000 0.252054
0.466667 0.200000 0.000000 0.217132
0.400000 0.266667 0.000000 0.191828
0.466667 0.200000 0.060000 0.217138
0.533333 0.133333 0.120000 0.250464
0.600000 0.066667 0.180000 0.282400
0.666667 0.000000 0.240000 0.316691
0.666667 0.000000 0.300000 0.316546
0.600000 0.066667 0.240000 0.281851
0.533333 0.133333 0.180000 0.249142
0.466667 0.200000 0.120000 0.218320
0.400000 0.266667 0.060000 0.192628
0.333333 0.333333 0.000000 0.210859
0.600000 0.066667 0.300000 0.281831
0.533333 0.133333 0.240000 0.248274
0.466667 0.200000 0.180000 0.218930
0.400000 0.266667 0.120000 0.195940
0.333333 0.333333 0.060000 0.210874
0.266667 0.400000 0.000000 0.283694
0.533333 0.133333 0.300000 0.248063
0.466667 0.200000 0.240000 0.217662
0.400000 0.266667 0.180000 0.199445
0.333333 0.333333 0.120000 0.212829
0.266667 0.400000 0.060000 0.283284
0.200000 0.466667 0.000000 0.371608
0.133333 0.533333 0.000000 0.449109
0.200000 0.466667 0.060000 0.371728
0.266667 0.400000 0.120000 0.283872
0.333333 0.333333 0.180000 0.217183
0.400000 0.266667 0.240000 0.201313
0.466667 0.200000 0.300000 0.216804
0.066667 0.600000 0.000000 0.517669
0.133333 0.533333 0.060000 0.449348
0.200000 0.466667 0.120000 0.372001
0.266667 0.400000 0.180000 0.287177
0.333333 0.333333 0.240000 0.222904
0.400000 0.266667 0.300000 0.202080
0.000000 0.666667 0.000000 0.579397
0.066667 0.600000 0.060000 0.517647
0.133333 0.533333 0.120000 0.449494
0.200000 0.466667 0.180000 0.373331
0.266667 0.400000 0.240000 0.292359
0.333333 0.333333 0.300000 0.225987
0.266667 0.400000 0.300000 0.294990
0.200000 0.466667 0.240000 0.375443
0.133333 0.533333 0.180000 0.449609
0.066667 0.600000 0.120000 0.517674
0.000000 0.666667 0.060000 0.579504
0.200000 0.466667 0.300000 0.376445
0.133333 0.533333 0.240000 0.449842
0.066667 0.600000 0.180000 0.517798
0.000000 0.666667 0.120000 0.579793
0.133333 0.533333 0.300000 0.449899
0.066667 0.600000 0.240000 0.517908
0.000000 0.666667 0.180000 0.580197
0.066667 0.600000 0.300000 0.517891
0.000000 0.666667 0.240000 0.580630
0.000000 0.666667 0.300000 0.580857
0.666667 0.066667 0.000000 0.323309
0.733333 0.000000 0.060000 0.351974
0.733333 0.066667 0.000000 0.356233
0.800000 0.000000 0.060000 0.378690
0.800000 0.066667 0.000000 0.383292
0.866667 0.000000 0.060000 0.398299
0.866667 0.066667 0.000000 0.403020
0.933333 0.000000 0.060000 0.410145
1.000000 0.000000 0.060000 0.414040
0.933333 0.066667 0.000000 0.414819
1.000000 0.066667 0.000000 0.418663
0.600000 0.133333 0.000000 0.293923
0.666667 0.066667 0.060000 0.322549
0.733333 0.000000 0.120000 0.351152
0.533333 0.200000 0.000000 0.259043
0.600000 0.133333 0.060000 0.292504
0.666667 0.066667 0.120000 0.320835
0.733333 0.000000 0.180000 0.350464
0.733333 0.000000 0.240000 0.350343
0.666667 0.066667 0.180000 0.319400
0.600000 0.133333 0.120000 0.289823
0.533333 0.200000 0.060000 0.257977
0.466667 0.266667 0.000000 0.219396
0.400000 0.333333 0.000000 0.204247
0.466667 0.266667 0.060000 0.219685
0.533333 0.200000 0.120000 0.257166
0.600000 0.133333 0.180000 0.287929
0.666667 0.066667 0.240000 0.318913
0.733333 0.000000 0.300000 0.350453
0.666667 0.066667 0.300000 0.318969
0.600000 0.133333 0.240000 0.287548
0.533333 0.200000 0.180000 0.256835
0.466667 0.266667 0.120000 0.223246
0.400000 0.333333 0.060000 0.204481
0.333333 0.400000 0.000000 0.264939
0.600000 0.133333 0.300000 0.287867
0.533333 0.200000 0.240000 0.256112
0.466667 0.266667 0.180000 0.227481
0.400000 0.333333 0.120000 0.210415
0.333333 0.400000 0.060000 0.264974
0.266667 0.466667 0.000000 0.368956
0.533333 0.200000 0.300000 0.255849
0.466667 0.266667 0.240000 0.228938
0.400000 0.333333 0.180000 0.220276
0.333333 0.400000 0.120000 0.269870
0.266667 0.466667 0.060000 0.369637
0.200000 0.533333 0.000000 0.456085
0.133333 0.600000 0.000000 0.524029
0.200000 0.533333 0.060000 0.457211
0.266667 0.466667 0.120000 0.372920
0.333333 0.400000 0.180000 0.278763
0.400000 0.333333 0.240000 0.228655
0.466667 0.266667 0.300000 0.229275
0.066667 0.666667 0.000000 0.582189
0.133333 0.600000 0.060000 0.524779
0.200000 0.533333 0.120000 0.459575
0.266667 0.466667 0.180000 0.378142
0.333333 0.400000 0.240000 0.287608
0.400000 0.333333 0.300000 0.232372
0.000000 0.733333 0.000000 0.632262
0.066667 0.666667 0.060000 0.582548
0.133333 0.600000 0.120000 0.526511
0.200000 0.533333 0.180000 0.462208
0.266667 0.466667 0.240000 0.382589
0.333333 0.400000 0.300000 0.291475
0.266667 0.466667 0.300000 0.383990
0.200000 0.533333 0.240000 0.463918
0.133333 0.600000 0.180000 0.528262
0.066667 0.666667 0.120000 0.583482
0.000000 0.733333 0.060000 0.632665
0.200000 0.533333 0.300000 0.464203
0.133333 0.600000 0.240000 0.529129
0.066667 0.666667 0.180000 0.584504
0.000000 0.733333 0.120000 0.633485
0.133333 0.600000 0.300000 0.529135
0.066667 0.666667 0.240000 0.585138
0.000000 0.733333 0.180000 0.634232
0.066667 0.666667 0.300000 0.585294
0.000000 0.733333 0.240000 0.634756
0.000000 0.733333 0.300000 0.635017
0.666667 0.133333 0.000000 0.334424
0.733333 0.066667 0.060000 0.355753
0.800000 0.000000 0.120000 0.378168
0.733333 0.133333 0.000000 0.369621
0.800000 0.066667 0.060000 0.382941
0.866667 0.000000 0.120000 0.398054
0.800000 0.133333 0.000000 0.397629
0.866667 0.066667 0.060000 0.402740
0.933333 0.000000 0.120000 0.410110
0.866667 0.133333 0.000000 0.417613
0.933333 0.066667 0.060000 0.414643
1.000000 0.000000 0.120000 0.414093
1.000000 0.066667 0.060000 0.418535
0.933333 0.133333 0.000000 0.429331
1.000000 0.133333 0.000000 0.433093
0.600000 0.200000 0.000000 0.309489
0.666667 0.133333 0.060000 0.333049
0.733333 0.066667 0.120000 0.354649
0.800000 0.000000 0.180000 0.378000
0.533333 0.266667 0.000000 0.272898
0.600000 0.200000 0.060000 0.307410
0.666667 0.133333 0.120000 0.330289
0.733333 0.066667 0.180000 0.353765
0.800000 0.000000 0.240000 0.378366
0.800000 0.000000 0.300000 0.378676
0.733333 0.066667 0.240000 0.353659
0.666667 0.133333 0.180000 0.328203
0.600000 0.200000 0.120000 0.304044
0.533333 0.266667 0.060000 0.271548
0.466667 0.333333 0.000000 0.230817
0.400000 0.400000 0.000000 0.248777
0.466667 0.333333 0.060000 0.228565
0.533333 0.266667 0.120000 0.271549
0.600000 0.200000 0.180000 0.301871
0.666667 0.133333 0.240000 0.327858
0.733333 0.066667 0.300000 0.353898
0.666667 0.133333 0.300000 0.328346
0.600000 0.200000 0.240000 0.301493
0.533333 0.266667 0.180000 0.272937
0.466667 0.333333 0.120000 0.233136
0.400000 0.400000 0.060000 0.244793
0.333333 0.466667 0.000000 0.363779
0.600000 0.200000 0.300000 0.302021
0.533333 0.266667 0.240000 0.273481
0.466667 0.333333 0.180000 0.245159
0.400000 0.400000 0.120000 0.252409
0.333333 0.466667 0.060000 0.363967
0.266667 0.533333 0.000000 0.469730
0.533333 0.266667 0.300000 0.273912
0.466667 0.333333 0.240000 0.255099
0.400000 0.400000 0.180000 0.272203
0.333333 0.466667 0.120000 0.371036
0.266667 0.533333 0.060000 0.471664
0.200000 0.600000 0.000000 0.538832
0.133333 0.666667 0.000000 0.592219
0.200000 0.600000 0.060000 0.540493
0.266667 0.533333 0.120000 0.476886
0.333333 0.466667 0.180000 0.381360
0.400000 0.400000 0.240000 0.289307
0.466667 0.333333 0.300000 0.259395
0.066667 0.733333 0.000000 0.636302
0.133333 0.666667 0.060000 0.593125
0.200000 0.600000 0.120000 0.544384
0.266667 0.533333 0.180000 0.482266
0.333333 0.466667 0.240000 0.388642
0.400000 0.400000 0.300000 0.296208
0.000000 0.800000 0.000000 0.672546
0.066667 0.733333 0.060000 0.636865
0.133333 0.666667 0.120000 0.595440
0.200000 0.600000 0.180000 0.548140
0.266667 0.533333 0.240000 0.484695
0.333333 0.466667 0.300000 0.390900
0.266667 0.533333 0.300000 0.484641
0.200000 0.600000 0.240000 0.549751
0.133333 0.666667 0.180000 0.597790
0.066667 0.733333 0.120000 0.638080
0.000000 0.800000 0.060000 0.673067
0.200000 0.600000 0.300000 0.549669
0.133333 0.666667 0.240000 0.598907
0.066667 0.733333 0.180000 0.639161
0.000000 0.800000 0.120000 0.674034
0.133333 0.666667 0.300000 0.598958
0.066667 0.733333 0.240000 0.639700
0.000000 0.800000 0.180000 0.674698
0.066667 0.733333 0.300000 0.639839
0.000000 0.800000 0.240000 0.674953
0.000000 0.800000 0.300000 0.675071
0.666667 0.200000 0.000000 0.357411
0.733333 0.133333 0.060000 0.368756
0.800000 0.066667 0.120000 0.382328
0.866667 0.000000 0.180000 0.398234
0.733333 0.200000 0.000000 0.395917
0.800000 0.133333 0.060000 0.397025
0.866667 0.066667 0.120000 0.402449
0.933333 0.000000 0.180000 0.410385
0.800000 0.200000 0.000000 0.424496
0.866667 0.133333 0.060000 0.417071
0.933333 0.066667 0.120000 0.414572
1.000000 0.000000 0.180000 0.414386
0.866667 0.200000 0.000000 0.444154
0.933333 0.133333 0.060000 0.428925
1.000000 0.066667 0.120000 0.418557
1.000000 0.133333 0.060000 0.432777
0.933333 0.200000 0.000000 0.455466
1.000000 0.200000 0.000000 0.459034
0.600000 0.266667 0.000000 0.338813
0.666667 0.200000 0.060000 0.355424
0.733333 0.133333 0.120000 0.367011
0.800000 0.066667 0.180000 0.382167
0.866667 0.000000 0.240000 0.398716
0.533333 0.333333 0.000000 0.303143
0.600000 0.266667 0.060000 0.336323
0.666667 0.200000 0.120000 0.351633
0.733333 0.133333 0.180000 0.365719
0.800000 0.066667 0.240000 0.382631
0.866667 0.000000 0.300000 0.398962
0.800000 0.066667 0.300000 0.383039
0.733333 0.133333 0.240000 0.365722
0.666667 0.200000 0.180000 0.348803
0.600000 0.266667 0.120000 0.332482
0.533333 0.333333 0.060000 0.298877
0.466667 0.400000 0.000000 0.276459
0.400000 0.466667 0.000000 0.366636
0.466667 0.400000 0.060000 0.259062
0.533333 0.333333 0.120000 0.297278
0.600000 0.266667 0.180000 0.330007
0.666667 0.200000 0.240000 0.348395
0.733333 0.133333 0.300000 0.366290
0.666667 0.200000 0.300000 0.349173
0.600000 0.266667 0.240000 0.329420
0.533333 0.333333 0.180000 0.302606
0.466667 0.400000 0.120000 0.256958
0.400000 0.466667 0.060000 0.356036
0.333333 0.533333 0.000000 0.493708
0.600000 0.266667 0.300000 0.330034
0.533333 0.333333 0.240000 0.308488
0.466667 0.400000 0.180000 0.288801
0.400000 0.466667 0.120000 0.359456
0.333333 0.533333 0.060000 0.494914
0.266667 0.600000 0.000000 0.566422
0.533333 0.333333 0.300000 0.311634
0.466667 0.400000 0.240000 0.315656
0.400000 0.466667 0.180000 0.381692
0.333333 0.533333 0.120000 0.501352
0.266667 0.600000 0.060000 0.568609
0.200000 0.666667 0.000000 0.612180
0.133333 0.733333 0.000000 0.648889
0.200000 0.666667 0.060000 0.613545
0.266667 0.600000 0.120000 0.574097
0.333333 0.533333 0.180000 0.507640
0.400000 0.466667 0.240000 0.398742
0.466667 0.400000 0.300000 0.325615
0.066667 0.800000 0.000000 0.676962
0.133333 0.733333 0.060000 0.649743
0.200000 0.666667 0.120000 0.617313
0.266667 0.600000 0.180000 0.578957
0.333333 0.533333 0.240000 0.509341
0.400000 0.466667 0.300000 0.404685
0.000000 0.866667 0.000000 0.699375
0.066667 0.800000 0.060000 0.677606
0.133333 0.733333 0.120000 0.651762
0.200000 0.666667 0.180000 0.621201
0.266667 0.600000 0.240000 0.580188
0.333333 0.533333 0.300000 0.508822
0.266667 0.600000 0.300000 0.579519
0.200000 0.666667 0.240000 0.622870
0.133333 0.733333 0.180000 0.653657
0.066667 0.800000 0.120000 0.678793
0.000000 0.866667 0.060000 0.699867
0.200000 0.666667 0.300000 0.622795
0.133333 0.733333 0.240000 0.654410
0.066667 0.800000 0.180000 0.679541
0.000000 0.866667 0.120000 0.700784
0.133333 0.733333 0.300000 0.654383
0.066667 0.800000 0.240000 0.679646
0.000000 0.866667 0.180000 0.701305
0.066667 0.800000 0.300000 0.679616
0.000000 0.866667 0.240000 0.701285
0.000000 0.866667 0.300000 0.701217
0.666667 0.266667 0.000000 0.396927
0.733333 0.200000 0.060000 0.394796
0.800000 0.133333 0.120000 0.396132
0.866667 0.066667 0.180000 0.402733
0.933333 0.000000 0.240000 0.410717
0.733333 0.266667 0.000000 0.438307
0.800000 0.200000 0.060000 0.423768
0.866667 0.133333 0.120000 0.416562
0.933333 0.066667 0.180000 0.414975
1.000000 0.000000 0.240000 0.414630
0.800000 0.266667 0.000000 0.465698
0.866667 0.200000 0.060000 0.443391
0.933333 0.133333 0.120000 0.428675
1.000000 0.066667 0.180000 0.418984
0.866667 0.266667 0.000000 0.483694
0.933333 0.200000 0.060000 0.454809
1.000000 0.133333 0.120000 0.432667
1.000000 0.200000 0.060000 0.458503
0.933333 0.266667 0.000000 0.494125
1.000000 0.266667 0.000000 0.497425
0.600000 0.333333 0.000000 0.390469
0.666667 0.266667 0.060000 0.394722
0.733333 0.200000 0.120000 0.392524
0.800000 0.133333 0.180000 0.395950
0.866667 0.066667 0.240000 0.403399
0.933333 0.000000 0.300000 0.410820
0.533333 0.400000 0.000000 0.378250
0.600000 0.333333 0.060000 0.386658
0.666667 0.266667 0.120000 0.390207
0.733333 0.200000 0.180000 0.390742
0.800000 0.133333 0.240000 0.396677
0.866667 0.066667 0.300000 0.403756
0.800000 0.133333 0.300000 0.397375
0.733333 0.200000 0.240000 0.390674
0.666667 0.266667 0.180000 0.386458
0.600000 0.333333 0.120000 0.380890
0.533333 0.400000 0.060000 0.360409
0.466667 0.466667 0.000000 0.428065
0.400000 0.533333 0.000000 0.548729
0.466667 0.466667 0.060000 0.375504
0.533333 0.400000 0.120000 0.347226
0.600000 0.333333 0.180000 0.377994
0.666667 0.266667 0.240000 0.385364
0.733333 0.200000 0.300000 0.391440
0.666667 0.266667 0.300000 0.385929
0.600000 0.333333 0.240000 0.377785
0.533333 0.400000 0.180000 0.362427
0.466667 0.466667 0.120000 0.327632
0.400000 0.533333 0.060000 0.543644
0.333333 0.600000 0.000000 0.613310
0.600000 0.333333 0.300000 0.378705
0.533333 0.400000 0.240000 0.379133
0.466667 0.466667 0.180000 0.399563
0.400000 0.533333 0.120000 0.540653
0.333333 0.600000 0.060000 0.614796
0.266667 0.666667 0.000000 0.645862
0.533333 0.400000 0.300000 0.385745
0.466667 0.466667 0.240000 0.433311
0.400000 0.533333 0.180000 0.541761
0.333333 0.600000 0.120000 0.619046
0.266667 0.666667 0.060000 0.647346
0.200000 0.733333 0.000000 0.670806
0.133333 0.800000 0.000000 0.690062
0.200000 0.733333 0.060000 0.671831
0.266667 0.666667 0.120000 0.651737
0.333333 0.600000 0.180000 0.621293
0.400000 0.533333 0.240000 0.541813
0.466667 0.466667 0.300000 0.442509
0.066667 0.866667 0.000000 0.703369
0.133333 0.800000 0.060000 0.690891
0.200000 0.733333 0.120000 0.674748
0.266667 0.666667 0.180000 0.656025
0.333333 0.600000 0.240000 0.619294
0.400000 0.533333 0.300000 0.541393
0.000000 0.933333 0.000000 0.713910
0.066667 0.866667 0.060000 0.703957
0.133333 0.800000 0.120000 0.692495
0.200000 0.733333 0.180000 0.677779
0.266667 0.666667 0.240000 0.657183
0.333333 0.600000 0.300000 0.617269
0.266667 0.666667 0.300000 0.656569
0.200000 0.733333 0.240000 0.678972
0.133333 0.800000 0.180000 0.693568
0.066667 0.866667 0.120000 0.705038
0.000000 0.933333 0.060000 0.714267
0.200000 0.733333 0.300000 0.678825
0.133333 0.800000 0.240000 0.693597
0.066667 0.866667 0.180000 0.705564
0.000000 0.933333 0.120000 0.715057
0.133333 0.800000 0.300000 0.693374
0.066667 0.866667 0.240000 0.705367
0.000000 0.933333 0.180000 0.715577
0.066667 0.866667 0.300000 0.705176
0.000000 0.933333 0.240000 0.715511
0.000000 0.933333 0.300000 0.715346
0.666667 0.333333 0.000000 0.457349
0.733333 0.266667 0.060000 0.437235
0.800000 0.200000 0.120000 0.422683
0.866667 0.133333 0.180000 0.417013
0.933333 0.066667 0.240000 0.415537
1.000000 0.000000 0.300000 0.414671
0.733333 0.333333 0.000000 0.497754
0.800000 0.266667 0.060000 0.465153
0.866667 0.200000 0.120000 0.442626
0.933333 0.133333 0.180000 0.429325
1.000000 0.066667 0.240000 0.419479
0.800000 0.333333 0.000000 0.521204
0.866667 0.266667 0.060000 0.483028
0.933333 0.200000 0.120000 0.454285
1.000000 0.133333 0.180000 0.433367
0.866667 0.333333 0.000000 0.535969
0.933333 0.266667 0.060000 0.493483
1.000000 0.200000 0.120000 0.458175
1.000000 0.266667 0.060000 0.496918
0.933333 0.333333 0.000000 0.544708
1.000000 0.333333 0.000000 0.547570
0.600000 0.400000 0.000000 0.484512
0.666667 0.333333 0.060000 0.454835
0.733333 0.266667 0.120000 0.434676
0.800000 0.200000 0.180000 0.422362
0.866667 0.133333 0.240000 0.418112
0.933333 0.066667 0.300000 0.415770
0.533333 0.466667 0.000000 0.563564
0.600000 0.400000 0.060000 0.476444
0.666667 0.333333 0.120000 0.449149
0.733333 0.266667 0.180000 0.432254
0.800000 0.200000 0.240000 0.423172
0.866667 0.133333 0.300000 0.418781
0.800000 0.200000 0.300000 0.424054
0.733333 0.266667 0.240000 0.431548
0.666667 0.333333 0.180000 0.443989
0.600000 0.400000 0.120000 0.464129
0.533333 0.466667 0.060000 0.533930
0.466667 0.533333 0.000000 0.682351
0.400000 0.600000 0.000000 0.695841
0.466667 0.533333 0.060000 0.684984
0.533333 0.466667 0.120000 0.474403
0.600000 0.400000 0.180000 0.458875
0.666667 0.333333 0.240000 0.441542
0.733333 0.266667 0.300000 0.432002
0.666667 0.333333 0.300000 0.441350
0.600000 0.400000 0.240000 0.458154
0.533333 0.466667 0.180000 0.491430
0.466667 0.533333 0.120000 0.643961
0.400000 0.600000 0.060000 0.695143
0.333333 0.666667 0.000000 0.698254
0.600000 0.400000 0.300000 0.458580
0.533333 0.466667 0.240000 0.503560
0.466667 0.533333 0.180000 0.604853
0.400000 0.600000 0.120000 0.690702
0.333333 0.666667 0.060000 0.699296
0.266667 0.733333 0.000000 0.704089
0.533333 0.466667 0.300000 0.506732
0.466667 0.533333 0.240000 0.594157
0.400000 0.600000 0.180000 0.680566
0.333333 0.666667 0.120000 0.702050
0.266667 0.733333 0.060000 0.705186
0.200000 0.800000 0.000000 0.711518
0.133333 0.866667 0.000000 0.715403
0.200000 0.800000 0.060000 0.712526
0.266667 0.733333 0.120000 0.708512
0.333333 0.666667 0.180000 0.703198
0.400000 0.600000 0.240000 0.669734
0.466667 0.533333 0.300000 0.591335
0.066667 0.933333 0.000000 0.717376
0.133333 0.866667 0.060000 0.716105
0.200000 0.800000 0.120000 0.714732
0.266667 0.733333 0.180000 0.711850
0.333333 0.666667 0.240000 0.700984
0.400000 0.600000 0.300000 0.664951
0.000000 1.000000 0.000000 0.718354
0.066667 0.933333 0.060000 0.717784
0.133333 0.866667 0.120000 0.717431
0.200000 0.800000 0.180000 0.716464
0.266667 0.733333 0.240000 0.712728
0.333333 0.666667 0.300000 0.698939
0.266667 0.733333 0.300000 0.712182
0.200000 0.800000 0.240000 0.716684
0.133333 0.866667 0.180000 0.718072
0.066667 0.933333 0.120000 0.718724
0.000000 1.000000 0.060000 0.718615
0.200000 0.800000 0.300000 0.716352
0.133333 0.866667 0.240000 0.717746
0.066667 0.933333 0.180000 0.719330
0.000000 1.000000 0.120000 0.719319
0.133333 0.866667 0.300000 0.717437
0.066667 0.933333 0.240000 0.719226
0.000000 1.000000 0.180000 0.719863
0.066667 0.933333 0.300000 0.719015
0.000000 1.000000 0.240000 0.719839
0.000000 1.000000 0.300000 0.719668
0.666667 0.400000 0.000000 0.546108
0.733333 0.333333 0.060000 0.496554
0.800000 0.266667 0.120000 0.464124
0.866667 0.200000 0.180000 0.443072
0.933333 0.133333 0.240000 0.430400
1.000000 0.066667 0.300000 0.419663
0.733333 0.400000 0.000000 0.575654
0.800000 0.333333 0.060000 0.520674
0.866667 0.266667 0.120000 0.482252
0.933333 0.200000 0.180000 0.454974
1.000000 0.133333 0.240000 0.434377
0.800000 0.400000 0.000000 0.591089
0.866667 0.333333 0.060000 0.535481
0.933333 0.266667 0.120000 0.492819
1.000000 0.200000 0.180000 0.458938
0.866667 0.400000 0.000000 0.600736
0.933333 0.333333 0.060000 0.544267
1.000000 0.266667 0.120000 0.496425
1.000000 0.333333 0.060000 0.547235
0.933333 0.400000 0.000000 0.606401
1.000000 0.400000 0.000000 0.608241
0.600000 0.466667 0.000000 0.642484
0.666667 0.400000 0.060000 0.542606
0.733333 0.333333 0.120000 0.493366
0.800000 0.266667 0.180000 0.463493
0.866667 0.200000 0.240000 0.444417
0.933333 0.133333 0.300000 0.430930
0.533333 0.533333 0.000000 0.813553
0.600000 0.466667 0.060000 0.633057
0.666667 0.400000 0.120000 0.534505
0.733333 0.333333 0.180000 0.490041
0.800000 0.266667 0.240000 0.463844
0.866667 0.200000 0.300000 0.445311
0.800000 0.266667 0.300000 0.464447
0.733333 0.333333 0.240000 0.488297
0.666667 0.400000 0.180000 0.526559
0.600000 0.466667 0.120000 0.609689
0.533333 0.533333 0.060000 0.840812
0.466667 0.600000 0.000000 0.822870
0.400000 0.666667 0.000000 0.774893
0.466667 0.600000 0.060000 0.824890
0.533333 0.533333 0.120000 0.791671
0.600000 0.466667 0.180000 0.589467
0.666667 0.400000 0.240000 0.521406
0.733333 0.333333 0.300000 0.488073
0.666667 0.400000 0.300000 0.519730
0.600000 0.466667 0.240000 0.577614
0.533333 0.533333 0.180000 0.693448
0.466667 0.600000 0.120000 0.803264
0.400000 0.666667 0.060000 0.774822
0.333333 0.733333 0.000000 0.751460
0.600000 0.466667 0.300000 0.573605
0.533333 0.533333 0.240000 0.660732
0.466667 0.600000 0.180000 0.761245
0.400000 0.666667 0.120000 0.771813
0.333333 0.733333 0.060000 0.752455
0.266667 0.800000 0.000000 0.741924
0.533333 0.533333 0.300000 0.651915
0.466667 0.600000 0.240000 0.732169
0.400000 0.666667 0.180000 0.763857
0.333333 0.733333 0.120000 0.754669
0.266667 0.800000 0.060000 0.743098
0.200000 0.866667 0.000000 0.735437
0.133333 0.933333 0.000000 0.728185
0.200000 0.866667 0.060000 0.736322
0.266667 0.800000 0.120000 0.745676
0.333333 0.733333 0.180000 0.755687
0.400000 0.666667 0.240000 0.754340
0.466667 0.600000 0.300000 0.722151
0.066667 1.000000 0.000000 0.721584
0.133333 0.933333 0.060000 0.728645
0.200000 0.866667 0.120000 0.738009
0.266667 0.800000 0.180000 0.747639
0.333333 0.733333 0.240000 0.754199
0.400000 0.666667 0.300000 0.749772
0.066667 1.000000 0.060000 0.721878
0.133333 0.933333 0.120000 0.729804
0.200000 0.866667 0.180000 0.738947
0.266667 0.800000 0.240000 0.747711
0.333333 0.733333 0.300000 0.752649
0.266667 0.800000 0.300000 0.747173
0.200000 0.866667 0.240000 0.738680
0.133333 0.933333 0.180000 0.730631
0.066667 1.000000 0.120000 0.722732
0.200000 0.866667 0.300000 0.738333
0.133333 0.933333 0.240000 0.730615
0.066667 1.000000 0.180000 0.723438
0.133333 0.933333 0.300000 0.730427
0.066667 1.000000 0.240000 0.723493
0.066667 1.000000 0.300000 0.723334
0.666667 0.466667 0.000000 0.665686
0.733333 0.400000 0.060000 0.573806
0.800000 0.333333 0.120000 0.519366
0.866667 0.266667 0.180000 0.482429
0.933333 0.200000 0.240000 0.456291
1.000000 0.133333 0.300000 0.434843
0.733333 0.466667 0.000000 0.671355
0.800000 0.400000 0.060000 0.589979
0.866667 0.333333 0.120000 0.534585
0.933333 0.266667 0.180000 0.493117
1.000000 0.200000 0.240000 0.460146
0.800000 0.466667 0.000000 0.673575
0.866667 0.400000 0.060000 0.599974
0.933333 0.333333 0.120000 0.543406
1.000000 0.266667 0.180000 0.496734
0.866667 0.466667 0.000000 0.675346
0.933333 0.400000 0.060000 0.605846
1.000000 0.333333 0.120000 0.546451
1.000000 0.400000 0.060000 0.607779
0.933333 0.466667 0.000000 0.676237
1.000000 0.466667 0.000000 0.676308
0.600000 0.533333 0.000000 0.816841
0.666667 0.466667 0.060000 0.661762
0.733333 0.400000 0.120000 0.569282
0.800000 0.333333 0.180000 0.518121
0.866667 0.266667 0.240000 0.483419
0.933333 0.200000 0.300000 0.456979
0.533333 0.600000 0.000000 0.917399
0.600000 0.533333 0.060000 0.814840
0.666667 0.466667 0.120000 0.650859
0.733333 0.400000 0.180000 0.564645
0.800000 0.333333 0.240000 0.517683
0.866667 0.266667 0.300000 0.484114
0.800000 0.333333 0.300000 0.517784
0.733333 0.400000 0.240000 0.561626
0.666667 0.466667 0.180000 0.637055
0.600000 0.533333 0.120000 0.787273
0.533333 0.600000 0.060000 0.921218
0.466667 0.666667 0.000000 0.867046
0.400000 0.733333 0.000000 0.813235
0.466667 0.666667 0.060000 0.865930
0.533333 0.600000 0.120000 0.889108
0.600000 0.533333 0.180000 0.743084
0.666667 0.466667 0.240000 0.625924
0.733333 0.400000 0.300000 0.560568
0.666667 0.466667 0.300000 0.621490
0.600000 0.533333 0.240000 0.712653
0.533333 0.600000 0.180000 0.829404
0.466667 0.666667 0.120000 0.853597
0.400000 0.733333 0.060000 0.813507
0.333333 0.800000 0.000000 0.782240
0.600000 0.533333 0.300000 0.702037
0.533333 0.600000 0.240000 0.788908
0.466667 0.666667 0.180000 0.831886
0.400000 0.733333 0.120000 0.812110
0.333333 0.800000 0.060000 0.783277
0.266667 0.866667 0.000000 0.763462
0.533333 0.600000 0.300000 0.775119
0.466667 0.666667 0.240000 0.812680
0.400000 0.733333 0.180000 0.807540
0.333333 0.800000 0.120000 0.785042
0.266667 0.866667 0.060000 0.764468
0.200000 0.933333 0.000000 0.747055
0.133333 1.000000 0.000000 0.731890
0.200000 0.933333 0.060000 0.747614
0.266667 0.866667 0.120000 0.766273
0.333333 0.800000 0.180000 0.785657
0.400000 0.733333 0.240000 0.801636
0.466667 0.666667 0.300000 0.804858
0.133333 1.000000 0.060000 0.732227
0.200000 0.933333 0.120000 0.748944
0.266667 0.866667 0.180000 0.767218
0.333333 0.800000 0.240000 0.784560
0.400000 0.733333 0.300000 0.798643
0.133333 1.000000 0.120000 0.733330
0.200000 0.933333 0.180000 0.749934
0.266667 0.866667 0.240000 0.766864
0.333333 0.800000 0.300000 0.783567
0.266667 0.866667 0.300000 0.766448
0.200000 0.933333 0.240000 0.750019
0.133333 1.000000 0.180000 0.734387
0.200000 0.933333 0.300000 0.749872
0.133333 1.000000 0.240000 0.734697
0.133333 1.000000 0.300000 0.734632
0.666667 0.533333 0.000000 0.790578
0.733333 0.466667 0.060000 0.668916
0.800000 0.400000 0.120000 0.587500
0.866667 0.333333 0.180000 0.533983
0.933333 0.266667 0.240000 0.493974
1.000000 0.200000 0.300000 0.460703
0.733333 0.533333 0.000000 0.770675
0.800000 0.466667 0.060000 0.671696
0.866667 0.400000 0.120000 0.598146
0.933333 0.333333 0.180000 0.542647
1.000000 0.266667 0.240000 0.497398
0.800000 0.533333 0.000000 0.758326
0.866667 0.466667 0.060000 0.673902
0.933333 0.400000 0.120000 0.604146
1.000000 0.333333 0.180000 0.545590
0.866667 0.533333 0.000000 0.751008
0.933333 0.466667 0.060000 0.675083
1.000000 0.400000 0.120000 0.606128
1.000000 0.466667 0.060000 0.675262
0.933333 0.533333 0.000000 0.746473
1.000000 0.533333 0.000000 0.744539
0.600000 0.600000 0.000000 0.916182
0.666667 0.533333 0.060000 0.787294
0.733333 0.466667 0.120000 0.662840
0.800000 0.400000 0.180000 0.585240
0.866667 0.333333 0.240000 0.533974
0.933333 0.266667 0.300000 0.494434
0.533333 0.666667 0.000000 0.933726
0.600000 0.600000 0.060000 0.913507
0.666667 0.533333 0.120000 0.774422
0.733333 0.466667 0.180000 0.656015
0.800000 0.400000 0.240000 0.584063
0.866667 0.333333 0.300000 0.534161
0.800000 0.400000 0.300000 0.583727
0.733333 0.466667 0.240000 0.650756
0.666667 0.533333 0.180000 0.754614
0.600000 0.600000 0.120000 0.889900
0.533333 0.666667 0.060000 0.930981
0.466667 0.733333 0.000000 0.879666
0.400000 0.800000 0.000000 0.830960
0.466667 0.733333 0.060000 0.878401
0.533333 0.666667 0.120000 0.912482
0.600000 0.600000 0.180000 0.851569
0.666667 0.533333 0.240000 0.737230
0.733333 0.466667 0.300000 0.648475
0.666667 0.533333 0.300000 0.730050
0.600000 0.600000 0.240000 0.820741
0.533333 0.666667 0.180000 0.883936
0.466667 0.733333 0.120000 0.871640
0.400000 0.800000 0.060000 0.831235
0.333333 0.866667 0.000000 0.798856
0.600000 0.600000 0.300000 0.808821
0.533333 0.666667 0.240000 0.860179
0.466667 0.733333 0.180000 0.860601
0.400000 0.800000 0.120000 0.830573
0.333333 0.866667 0.060000 0.799526
0.266667 0.933333 0.000000 0.773974
0.533333 0.666667 0.300000 0.850681
0.466667 0.733333 0.240000 0.850334
0.400000 0.800000 0.180000 0.828159
0.333333 0.866667 0.120000 0.800476
0.266667 0.933333 0.060000 0.774504
0.200000 1.000000 0.000000 0.750319
0.200000 1.000000 0.060000 0.750705
0.266667 0.933333 0.120000 0.775561
0.333333 0.866667 0.180000 0.800541
0.400000 0.800000 0.240000 0.824929
0.466667 0.733333 0.300000 0.846045
0.200000 1.000000 0.120000 0.751916
0.266667 0.933333 0.180000 0.776191
0.333333 0.866667 0.240000 0.799685
0.400000 0.800000 0.300000 0.823293
0.200000 1.000000 0.180000 0.753138
0.266667 0.933333 0.240000 0.776083
0.333333 0.866667 0.300000 0.799117
0.266667 0.933333 0.300000 0.775894
0.200000 1.000000 0.240000 0.753613
0.200000 1.000000 0.300000 0.753622
0.666667 0.600000 0.000000 0.881132
0.733333 0.533333 0.060000 0.767910
0.800000 0.466667 0.120000 0.667598
0.866667 0.400000 0.180000 0.596165
0.933333 0.333333 0.240000 0.542257
1.000000 0.266667 0.300000 0.497683
0.733333 0.600000 0.000000 0.851099
0.800000 0.533333 0.060000 0.755829
0.866667 0.466667 0.120000 0.670525
0.933333 0.400000 0.180000 0.601692
1.000000 0.333333 0.240000 0.544955
0.800000 0.600000 0.000000 0.830323
0.866667 0.533333 0.060000 0.748843
0.933333 0.466667 0.120000 0.671915
1.000000 0.400000 0.180000 0.603495
0.866667 0.600000 0.000000 0.816590
0.933333 0.533333 0.060000 0.744610
1.000000 0.466667 0.120000 0.672174
1.000000 0.533333 0.060000 0.742829
0.933333 0.600000 0.000000 0.807955
1.000000 0.600000 0.000000 0.804546
0.600000 0.666667 0.000000 0.947067
0.666667 0.600000 0.060000 0.877647
0.733333 0.533333 0.120000 0.760338
0.800000 0.466667 0.180000 0.663842
0.866667 0.400000 0.240000 0.594930
0.933333 0.333333 0.300000 0.542177
0.533333 0.733333 0.000000 0.929691
0.600000 0.666667 0.060000 0.943081
0.666667 0.600000 0.120000 0.864230
0.733333 0.533333 0.180000 0.751022
0.800000 0.466667 0.240000 0.661584
0.866667 0.400000 0.300000 0.594588
0.800000 0.466667 0.300000 0.660655
0.733333 0.533333 0.240000 0.743344
0.666667 0.600000 0.180000 0.844899
0.600000 0.666667 0.120000 0.926404
0.533333 0.733333 0.060000 0.926878
0.466667 0.800000 0.000000 0.880973
0.400000 0.866667 0.000000 0.838946
0.466667 0.800000 0.060000 0.879901
0.533333 0.733333 0.120000 0.916458
0.600000 0.666667 0.180000 0.903299
0.666667 0.600000 0.240000 0.827998
0.733333 0.533333 0.300000 0.739990
0.666667 0.600000 0.300000 0.820782
0.600000 0.666667 0.240000 0.883952
0.533333 0.733333 0.180000 0.902283
0.466667 0.800000 0.120000 0.876032
0.400000 0.866667 0.060000 0.838852
0.333333 0.933333 0.000000 0.807095
0.600000 0.666667 0.300000 0.875914
0.533333 0.733333 0.240000 0.890280
0.466667 0.800000 0.180000 0.870412
0.400000 0.866667 0.120000 0.838070
0.333333 0.933333 0.060000 0.807194
0.266667 1.000000 0.000000 0.776947
0.533333 0.733333 0.300000 0.885447
0.466667 0.800000 0.240000 0.865213
0.400000 0.866667 0.180000 0.836499
0.333333 0.933333 0.120000 0.807184
0.266667 1.000000 0.060000 0.777210
0.266667 1.000000 0.120000 0.777948
0.333333 0.933333 0.180000 0.806752
0.400000 0.866667 0.240000 0.834720
0.466667 0.800000 0.300000 0.863088
0.266667 1.000000 0.180000 0.778611
0.333333 0.933333 0.240000 0.806127
0.400000 0.866667 0.300000 0.833895
0.266667 1.000000 0.240000 0.778810
0.333333 0.933333 0.300000 0.805833
0.266667 1.000000 0.300000 0.778776
0.666667 0.666667 0.000000 0.927737
0.733333 0.600000 0.060000 0.847867
0.800000 0.533333 0.120000 0.750086
0.866667 0.466667 0.180000 0.666958
0.933333 0.400000 0.240000 0.599677
1.000000 0.333333 0.300000 0.544712
0.733333 0.666667 0.000000 0.902599
0.800000 0.600000 0.060000 0.827251
0.866667 0.533333 0.120000 0.743819
0.933333 0.466667 0.180000 0.667766
1.000000 0.400000 0.240000 0.601192
0.800000 0.666667 0.000000 0.881474
0.866667 0.600000 0.060000 0.813896
0.933333 0.533333 0.120000 0.739990
1.000000 0.466667 0.180000 0.667854
0.866667 0.666667 0.000000 0.865716
0.933333 0.600000 0.060000 0.805750
1.000000 0.533333 0.120000 0.738453
1.000000 0.600000 0.060000 0.802609
0.933333 0.666667 0.000000 0.855447
1.000000 0.666667 0.000000 0.851584
0.600000 0.733333 0.000000 0.949811
0.666667 0.666667 0.060000 0.924075
0.733333 0.600000 0.120000 0.839100
0.800000 0.533333 0.180000 0.744538
0.866667 0.466667 0.240000 0.664619
0.933333 0.400000 0.300000 0.598976
0.533333 0.800000 0.000000 0.920952
0.600000 0.733333 0.060000 0.946631
0.666667 0.666667 0.120000 0.912328
0.733333 0.600000 0.180000 0.828995
0.800000 0.533333 0.240000 0.741080
0.866667 0.466667 0.300000 0.663792
0.800000 0.533333 0.300000 0.739723
0.733333 0.600000 0.240000 0.821305
0.666667 0.666667 0.180000 0.897694
0.600000 0.733333 0.120000 0.936291
0.533333 0.800000 0.060000 0.918837
0.466667 0.866667 0.000000 0.878671
0.400000 0.933333 0.000000 0.842858
0.466667 0.866667 0.060000 0.877679
0.533333 0.800000 0.120000 0.912843
0.600000 0.733333 0.180000 0.923206
0.666667 0.666667 0.240000 0.885960
0.733333 0.600000 0.300000 0.818106
0.666667 0.666667 0.300000 0.881029
0.600000 0.733333 0.240000 0.912470
0.533333 0.800000 0.180000 0.905489
0.466667 0.866667 0.120000 0.875099
0.400000 0.933333 0.060000 0.842343
0.333333 1.000000 0.000000 0.809550
0.600000 0.733333 0.300000 0.908088
0.533333 0.800000 0.240000 0.899388
0.466667 0.866667 0.180000 0.871966
0.400000 0.933333 0.120000 0.840968
0.333333 1.000000 0.060000 0.809368
0.533333 0.800000 0.300000 0.897048
0.466667 0.866667 0.240000 0.869283
0.400000 0.933333 0.180000 0.839264
0.333333 1.000000 0.120000 0.808903
0.333333 1.000000 0.180000 0.808264
0.400000 0.933333 0.240000 0.837981
0.466667 0.866667 0.300000 0.868231
0.333333 1.000000 0.240000 0.807787
0.400000 0.933333 0.300000 0.837529
0.333333 1.000000 0.300000 0.807631
0.666667 0.733333 0.000000 0.945319
0.733333 0.666667 0.060000 0.899249
0.800000 0.600000 0.120000 0.820076
0.866667 0.533333 0.180000 0.738833
0.933333 0.466667 0.240000 0.664520
1.000000 0.400000 0.300000 0.600344
0.733333 0.733333 0.000000 0.930045
0.800000 0.666667 0.060000 0.878340
0.866667 0.600000 0.120000 0.807604
0.933333 0.533333 0.180000 0.734802
1.000000 0.466667 0.240000 0.664324
0.800000 0.733333 0.000000 0.913375
0.866667 0.666667 0.060000 0.863119
0.933333 0.600000 0.120000 0.800410
1.000000 0.533333 0.180000 0.733303
0.866667 0.733333 0.000000 0.899099
0.933333 0.666667 0.060000 0.853501
1.000000 0.600000 0.120000 0.797859
1.000000 0.666667 0.060000 0.849958
0.933333 0.733333 0.000000 0.889373
1.000000 0.733333 0.000000 0.885870
0.600000 0.800000 0.000000 0.943124
0.666667 0.733333 0.060000 0.942463
0.733333 0.666667 0.120000 0.890560
0.800000 0.600000 0.180000 0.813393
0.866667 0.533333 0.240000 0.735884
0.933333 0.466667 0.300000 0.663372
0.533333 0.866667 0.000000 0.912103
0.600000 0.800000 0.060000 0.941008
0.666667 0.733333 0.120000 0.933990
0.733333 0.666667 0.180000 0.881472
0.800000 0.600000 0.240000 0.809822
0.866667 0.533333 0.300000 0.734928
0.800000 0.600000 0.300000 0.808743
0.733333 0.666667 0.240000 0.875658
0.666667 0.733333 0.180000 0.923954
0.600000 0.800000 0.120000 0.934967
0.533333 0.866667 0.060000 0.910541
0.466667 0.933333 0.000000 0.877117
0.400000 1.000000 0.000000 0.844243
0.466667 0.933333 0.060000 0.876097
0.533333 0.866667 0.120000 0.906880
0.600000 0.800000 0.180000 0.927534
0.666667 0.733333 0.240000 0.916360
0.733333 0.666667 0.300000 0.873578
0.666667 0.733333 0.300000 0.913381
0.600000 0.800000 0.240000 0.921370
0.533333 0.866667 0.180000 0.902827
0.466667 0.933333 0.120000 0.873781
0.400000 1.000000 0.060000 0.843543
0.600000 0.800000 0.300000 0.918926
0.533333 0.866667 0.240000 0.899565
0.466667 0.933333 0.180000 0.871306
0.400000 1.000000 0.120000 0.841815
0.533333 0.866667 0.300000 0.898338
0.466667 0.933333 0.240000 0.869538
0.400000 1.000000 0.180000 0.839873
0.400000 1.000000 0.240000 0.838662
0.466667 0.933333 0.300000 0.868921
0.400000 1.000000 0.300000 0.838329
0.666667 0.800000 0.000000 0.947767
0.733333 0.733333 0.060000 0.927335
0.800000 0.666667 0.120000 0.870918
0.866667 0.600000 0.180000 0.801798
0.933333 0.533333 0.240000 0.731306
1.000000 0.466667 0.300000 0.663056
0.733333 0.800000 0.000000 0.941364
0.800000 0.733333 0.060000 0.910912
0.866667 0.666667 0.120000 0.856812
0.933333 0.600000 0.180000 0.795038
1.000000 0.533333 0.240000 0.729636
0.800000 0.800000 0.000000 0.930746
0.866667 0.733333 0.060000 0.897191
0.933333 0.666667 0.120000 0.848608
1.000000 0.600000 0.180000 0.792871
0.866667 0.800000 0.000000 0.920095
0.933333 0.733333 0.060000 0.888025
1.000000 0.666667 0.120000 0.845872
1.000000 0.733333 0.060000 0.884767
0.933333 0.800000 0.000000 0.912380
1.000000 0.800000 0.000000 0.909622
0.600000 0.866667 0.000000 0.934390
0.666667 0.800000 0.060000 0.945937
0.733333 0.733333 0.120000 0.920288
0.800000 0.666667 0.180000 0.864251
0.866667 0.600000 0.240000 0.799041
0.933333 0.533333 0.300000 0.730190
0.533333 0.933333 0.000000 0.906498
0.600000 0.866667 0.060000 0.932972
0.666667 0.800000 0.120000 0.940649
0.733333 0.733333 0.180000 0.912960
0.800000 0.666667 0.240000 0.861413
0.866667 0.600000 0.300000 0.798474
0.800000 0.666667 0.300000 0.860973
0.733333 0.733333 0.240000 0.908579
0.666667 0.800000 0.180000 0.934146
0.600000 0.866667 0.120000 0.929395
0.533333 0.933333 0.060000 0.905248
0.466667 1.000000 0.000000 0.876994
0.466667 1.000000 0.060000 0.875953
0.533333 0.933333 0.120000 0.902593
0.600000 0.866667 0.180000 0.925097
0.666667 0.800000 0.240000 0.928973
0.733333 0.733333 0.300000 0.907248
0.666667 0.800000 0.300000 0.926965
0.600000 0.866667 0.240000 0.921418
0.533333 0.933333 0.180000 0.899875
0.466667 1.000000 0.120000 0.873581
0.600000 0.866667 0.300000 0.919925
0.533333 0.933333 0.240000 0.897820
0.466667 1.000000 0.180000 0.871093
0.533333 0.933333 0.300000 0.897026
0.466667 1.000000 0.240000 0.869477
0.466667 1.000000 0.300000 0.868962
0.666667 0.866667 0.000000 0.943831
0.733333 0.800000 0.060000 0.939541
0.800000 0.733333 0.120000 0.904750
0.866667 0.666667 0.180000 0.851155
0.933333 0.600000 0.240000 0.792067
1.000000 0.533333 0.300000 0.728432
0.733333 0.866667 0.000000 0.943425
0.800000 0.800000 0.060000 0.929100
0.866667 0.733333 0.120000 0.892156
0.933333 0.666667 0.180000 0.843865
1.000000 0.600000 0.240000 0.789833
0.800000 0.866667 0.000000 0.938072
0.866667 0.800000 0.060000 0.918883
0.933333 0.733333 0.120000 0.884384
1.000000 0.666667 0.180000 0.841719
0.866667 0.866667 0.000000 0.931460
0.933333 0.800000 0.060000 0.911549
1.000000 0.733333 0.120000 0.881855
1.000000 0.800000 0.060000 0.908961
0.933333 0.866667 0.000000 0.926357
1.000000 0.866667 0.000000 0.924519
0.600000 0.933333 0.000000 0.928016
0.666667 0.866667 0.060000 0.942737
0.733333 0.800000 0.120000 0.934702
0.800000 0.733333 0.180000 0.898965
0.866667 0.666667 0.240000 0.849038
0.933333 0.600000 0.300000 0.791357
0.533333 1.000000 0.000000 0.904961
0.600000 0.933333 0.060000 0.926983
0.666667 0.866667 0.120000 0.939629
0.733333 0.800000 0.180000 0.929347
0.800000 0.733333 0.240000 0.896526
0.866667 0.666667 0.300000 0.848987
0.800000 0.733333 0.300000 0.896275
0.733333 0.800000 0.240000 0.925824
0.666667 0.866667 0.180000 0.935594
0.600000 0.933333 0.120000 0.924588
0.533333 1.000000 0.060000 0.903838
0.533333 1.000000 0.120000 0.901414
0.600000 0.933333 0.180000 0.921840
0.666667 0.866667 0.240000 0.932133
0.733333 0.800000 0.300000 0.924705
0.666667 0.866667 0.300000 0.930726
0.600000 0.933333 0.240000 0.919485
0.533333 1.000000 0.180000 0.898969
0.600000 0.933333 0.300000 0.918457
0.533333 1.000000 0.240000 0.897216
0.533333 1.000000 0.300000 0.896533
0.666667 0.933333 0.000000 0.939494
0.733333 0.866667 0.060000 0.942322
0.800000 0.800000 0.120000 0.924753
0.866667 0.733333 0.180000 0.887424
0.933333 0.666667 0.240000 0.841663
1.000000 0.600000 0.300000 0.789002
0.733333 0.933333 0.000000 0.942322
0.800000 0.866667 0.060000 0.937007
0.866667 0.800000 0.120000 0.915439
0.933333 0.733333 0.180000 0.880760
1.000000 0.666667 0.240000 0.839466
0.800000 0.933333 0.000000 0.940238
0.866667 0.866667 0.060000 0.930655
0.933333 0.800000 0.120000 0.909168
1.000000 0.733333 0.180000 0.878827
0.866667 0.933333 0.000000 0.936445
0.933333 0.866667 0.060000 0.925811
1.000000 0.800000 0.120000 0.907114
1.000000 0.866667 0.060000 0.924111
0.933333 0.933333 0.000000 0.933334
1.000000 0.933333 0.000000 0.932218
0.600000 1.000000 0.000000 0.925883
0.666667 0.933333 0.060000 0.938811
0.733333 0.866667 0.120000 0.939297
0.800000 0.800000 0.180000 0.920301
0.866667 0.733333 0.240000 0.885717
0.933333 0.666667 0.300000 0.841381
0.600000 1.000000 0.060000 0.924986
0.666667 0.933333 0.120000 0.936842
0.733333 0.866667 0.180000 0.935734
0.800000 0.800000 0.240000 0.917998
0.866667 0.733333 0.300000 0.885802
0.800000 0.800000 0.300000 0.917546
0.733333 0.866667 0.240000 0.933183
0.666667 0.933333 0.180000 0.934246
0.600000 1.000000 0.120000 0.922888
0.600000 1.000000 0.180000 0.920558
0.666667 0.933333 0.240000 0.931973
0.733333 0.866667 0.300000 0.932310
0.666667 0.933333 0.300000 0.930992
0.600000 1.000000 0.240000 0.918632
0.600000 1.000000 0.300000 0.917777
0.666667 1.000000 0.000000 0.937799
0.733333 0.933333 0.060000 0.941665
0.800000 0.866667 0.120000 0.934161
0.866667 0.800000 0.180000 0.911912
0.933333 0.733333 0.240000 0.879213
1.000000 0.666667 0.300000 0.838990
0.733333 1.000000 0.000000 0.941637
0.800000 0.933333 0.060000 0.939512
0.866667 0.866667 0.120000 0.928416
0.933333 0.800000 0.180000 0.906654
1.000000 0.733333 0.240000 0.877274
0.800000 1.000000 0.000000 0.940639
0.866667 0.933333 0.060000 0.935842
0.933333 0.866667 0.120000 0.924279
1.000000 0.800000 0.180000 0.905075
0.866667 1.000000 0.000000 0.937810
0.933333 0.933333 0.060000 0.932910
1.000000 0.866667 0.120000 0.922942
1.000000 0.933333 0.060000 0.931893
0.933333 1.000000 0.000000 0.935390
1.000000 1.000000 0.000000 0.934513
0.666667 1.000000 0.060000 0.937225
0.733333 0.933333 0.120000 0.939750
0.800000 0.866667 0.180000 0.931117
0.866667 0.800000 0.240000 0.910326
0.933333 0.733333 0.300000 0.879152
0.666667 1.000000 0.120000 0.935547
0.733333 0.933333 0.180000 0.937431
0.800000 0.866667 0.240000 0.929344
0.866667 0.800000 0.300000 0.910195
0.800000 0.866667 0.300000 0.928887
0.733333 0.933333 0.240000 0.935773
0.666667 1.000000 0.180000 0.933391
0.666667 1.000000 0.240000 0.931539
0.733333 0.933333 0.300000 0.935205
0.666667 1.000000 0.300000 0.930736
0.733333 1.000000 0.060000 0.941123
0.800000 0.933333 0.120000 0.937617
0.866667 0.866667 0.180000 0.926060
0.933333 0.800000 0.240000 0.905471
1.000000 0.733333 0.300000 0.877034
0.800000 1.000000 0.060000 0.940040
0.866667 0.933333 0.120000 0.934315
0.933333 0.866667 0.180000 0.922628
1.000000 0.800000 0.240000 0.903961
0.866667 1.000000 0.060000 0.937278
0.933333 0.933333 0.120000 0.931836
1.000000 0.866667 0.180000 0.921578
0.933333 1.000000 0.060000 0.934998
1.000000 0.933333 0.120000 0.931049
1.000000 1.000000 0.060000 0.934191
0.733333 1.000000 0.120000 0.939570
0.800000 0.933333 0.180000 0.935648
0.866667 0.866667 0.240000 0.924802
0.933333 0.800000 0.300000 0.905379
0.733333 1.000000 0.180000 0.937676
0.800000 0.933333 0.240000 0.934552
0.866667 0.866667 0.300000 0.924550
0.800000 0.933333 0.300000 0.934285
0.733333 1.000000 0.240000 0.936331
0.733333 1.000000 0.300000 0.935870
0.800000 1.000000 0.120000 0.938494
0.866667 0.933333 0.180000 0.932807
0.933333 0.866667 0.240000 0.921703
1.000000 0.800000 0.300000 0.903782
0.866667 1.000000 0.120000 0.936002
0.933333 0.933333 0.180000 0.930714
1.000000 0.866667 0.240000 0.920690
0.933333 1.000000 0.120000 0.934068
1.000000 0.933333 0.180000 0.930063
1.000000 1.000000 0.120000 0.933425
0.800000 1.000000 0.180000 0.936918
0.866667 0.933333 0.240000 0.931976
0.933333 0.866667 0.300000 0.921523
0.800000 1.000000 0.240000 0.936067
0.866667 0.933333 0.300000 0.931759
0.800000 1.000000 0.300000 0.935867
0.866667 1.000000 0.180000 0.934785
0.933333 0.933333 0.240000 0.929957
1.000000 0.866667 0.300000 0.920463
0.933333 1.000000 0.180000 0.933098
1.000000 0.933333 0.240000 0.929265
1.000000 1.000000 0.180000 0.932538
0.866667 1.000000 0.240000 0.934101
0.933333 0.933333 0.300000 0.929703
0.866667 1.000000 0.300000 0.933896
0.933333 1.000000 0.240000 0.932366
1.000000 0.933333 0.300000 0.928949
1.000000 1.000000 0.240000 0.931748
0.933333 1.000000 0.300000 0.932066
1.000000 1.000000 0.300000 0.931387
