0.000000 0.000000 0.000000 0.148086
0.000000 0.000000 0.060000 0.148302
0.000000 0.000000 0.120000 0.149177
0.000000 0.000000 0.180000 0.150436
0.000000 0.000000 0.240000 0.151362
0.000000 0.000000 0.300000 0.151649
0.066667 0.000000 0.000000 0.147073
0.000000 0.066667 0.000000 0.150965
0.066667 0.000000 0.060000 0.147319
0.066667 0.000000 0.120000 0.148400
0.000000 0.066667 0.060000 0.151076
0.066667 0.000000 0.180000 0.149959
0.000000 0.066667 0.120000 0.151786
0.066667 0.000000 0.240000 0.151110
0.000000 0.066667 0.180000 0.153009
0.066667 0.000000 0.300000 0.151473
0.000000 0.066667 0.240000 0.154041
0.000000 0.066667 0.300000 0.154411
0.133333 0.000000 0.000000 0.145491
0.066667 0.066667 0.000000 0.149824
0.133333 0.000000 0.060000 0.145785
0.000000 0.133333 0.000000 0.160771
0.066667 0.066667 0.060000 0.126560
0.133333 0.000000 0.120000 0.147233
0.133333 0.000000 0.180000 0.149406
0.066667 0.066667 0.120000 0.127942
0.000000 0.133333 0.060000 0.160570
0.133333 0.000000 0.240000 0.151085
0.066667 0.066667 0.180000 0.129475
0.000000 0.133333 0.120000 0.160779
0.133333 0.000000 0.300000 0.151657
0.066667 0.066667 0.240000 0.131336
0.000000 0.133333 0.180000 0.161780
0.066667 0.066667 0.300000 0.153942
0.000000 0.133333 0.240000 0.162903
0.000000 0.133333 0.300000 0.163376
0.200000 0.000000 0.000000 0.146707
0.133333 0.066667 0.000000 0.147870
0.200000 0.000000 0.060000 0.146971
0.066667 0.133333 0.000000 0.159534
0.133333 0.066667 0.060000 0.124977
0.200000 0.000000 0.120000 0.148452
0.000000 0.200000 0.000000 0.179879
0.066667 0.133333 0.060000 0.160149
0.133333 0.066667 0.120000 0.128819
0.200000 0.000000 0.180000 0.150838
0.200000 0.000000 0.240000 0.152801
0.133333 0.066667 0.180000 0.132094
0.066667 0.133333 0.120000 0.161630
0.000000 0.200000 0.060000 0.179300
0.200000 0.000000 0.300000 0.153501
0.133333 0.066667 0.240000 0.134753
0.066667 0.133333 0.180000 0.163448
0.000000 0.200000 0.120000 0.178839
0.133333 0.066667 0.300000 0.153497
0.066667 0.133333 0.240000 0.166035
0.000000 0.200000 0.180000 0.179325
0.066667 0.133333 0.300000 0.162100
0.000000 0.200000 0.240000 0.180170
0.000000 0.200000 0.300000 0.180548
0.266667 0.000000 0.000000 0.154101
0.266667 0.000000 0.060000 0.154094
0.200000 0.066667 0.000000 0.148406
0.133333 0.133333 0.000000 0.156983
0.200000 0.066667 0.060000 0.134695
0.266667 0.000000 0.120000 0.154709
0.066667 0.200000 0.000000 0.178555
0.133333 0.133333 0.060000 0.153879
0.200000 0.066667 0.120000 0.138104
0.266667 0.000000 0.180000 0.156125
0.000000 0.266667 0.000000 0.210438
0.066667 0.200000 0.060000 0.184216
0.133333 0.133333 0.120000 0.155891
0.200000 0.066667 0.180000 0.140299
0.266667 0.000000 0.240000 0.157569
0.266667 0.000000 0.300000 0.158151
0.200000 0.066667 0.240000 0.141693
0.133333 0.133333 0.180000 0.157350
0.066667 0.200000 0.120000 0.187171
0.000000 0.266667 0.060000 0.209773
0.200000 0.066667 0.300000 0.154695
0.133333 0.133333 0.240000 0.158470
0.066667 0.200000 0.180000 0.191167
0.000000 0.266667 0.120000 0.208864
0.133333 0.133333 0.300000 0.159744
0.066667 0.200000 0.240000 0.196033
0.000000 0.266667 0.180000 0.208589
0.066667 0.200000 0.300000 0.178294
0.000000 0.266667 0.240000 0.208709
0.000000 0.266667 0.300000 0.208752
0.333333 0.000000 0.000000 0.169115
0.333333 0.000000 0.060000 0.168591
0.266667 0.066667 0.000000 0.154967
0.333333 0.000000 0.120000 0.167598
0.266667 0.066667 0.060000 0.155046
0.200000 0.133333 0.000000 0.155845
0.133333 0.200000 0.000000 0.175287
0.200000 0.133333 0.060000 0.151495
0.266667 0.066667 0.120000 0.154385
0.333333 0.000000 0.180000 0.167073
0.066667 0.266667 0.000000 0.208869
0.133333 0.200000 0.060000 0.179836
0.200000 0.133333 0.120000 0.153940
0.266667 0.066667 0.180000 0.153406
0.333333 0.000000 0.240000 0.167302
0.000000 0.333333 0.000000 0.253340
0.066667 0.266667 0.060000 0.209401
0.133333 0.200000 0.120000 0.181697
0.200000 0.133333 0.180000 0.155642
0.266667 0.066667 0.240000 0.152010
0.333333 0.000000 0.300000 0.167572
0.266667 0.066667 0.300000 0.158730
0.200000 0.133333 0.240000 0.156740
0.133333 0.200000 0.180000 0.183264
0.066667 0.266667 0.120000 0.214320
0.000000 0.333333 0.060000 0.252913
0.200000 0.133333 0.300000 0.158925
0.133333 0.200000 0.240000 0.184263
0.066667 0.266667 0.180000 0.219485
0.000000 0.333333 0.120000 0.251833
0.133333 0.200000 0.300000 0.173488
0.066667 0.266667 0.240000 0.224147
0.000000 0.333333 0.180000 0.250619
0.066667 0.266667 0.300000 0.205987
0.000000 0.333333 0.240000 0.249754
0.000000 0.333333 0.300000 0.249422
0.400000 0.000000 0.000000 0.190966
0.400000 0.000000 0.060000 0.190028
0.333333 0.066667 0.000000 0.169347
0.400000 0.000000 0.120000 0.187819
0.333333 0.066667 0.060000 0.162539
0.266667 0.133333 0.000000 0.159614
0.400000 0.000000 0.180000 0.185733
0.333333 0.066667 0.120000 0.161815
0.266667 0.133333 0.060000 0.163064
0.200000 0.200000 0.000000 0.171715
0.133333 0.266667 0.000000 0.204527
0.200000 0.200000 0.060000 0.176510
0.266667 0.133333 0.120000 0.162441
0.333333 0.066667 0.180000 0.161652
0.400000 0.000000 0.240000 0.184844
0.066667 0.333333 0.000000 0.251697
0.133333 0.266667 0.060000 0.207129
0.200000 0.200000 0.120000 0.178017
0.266667 0.133333 0.180000 0.161554
0.333333 0.066667 0.240000 0.161674
0.400000 0.000000 0.300000 0.184784
0.000000 0.400000 0.000000 0.308673
0.066667 0.333333 0.060000 0.243852
0.133333 0.266667 0.120000 0.210021
0.200000 0.200000 0.180000 0.178906
0.266667 0.133333 0.240000 0.160795
0.333333 0.066667 0.300000 0.167626
0.266667 0.133333 0.300000 0.161305
0.200000 0.200000 0.240000 0.179569
0.133333 0.266667 0.180000 0.212644
0.066667 0.333333 0.120000 0.248086
0.000000 0.400000 0.060000 0.308411
0.200000 0.200000 0.300000 0.169800
0.133333 0.266667 0.240000 0.214635
0.066667 0.333333 0.180000 0.252314
0.000000 0.400000 0.120000 0.307101
0.133333 0.266667 0.300000 0.199685
0.066667 0.333333 0.240000 0.257014
0.000000 0.400000 0.180000 0.304911
0.066667 0.333333 0.300000 0.247167
0.000000 0.400000 0.240000 0.303094
0.000000 0.400000 0.300000 0.302486
0.466667 0.000000 0.000000 0.218039
0.400000 0.066667 0.000000 0.190994
0.466667 0.000000 0.060000 0.216988
0.466667 0.000000 0.120000 0.214636
0.400000 0.066667 0.060000 0.179145
0.333333 0.133333 0.000000 0.170769
0.466667 0.000000 0.180000 0.212382
0.400000 0.066667 0.120000 0.179389
0.333333 0.133333 0.060000 0.169491
0.266667 0.200000 0.000000 0.170701
0.466667 0.000000 0.240000 0.211232
0.400000 0.066667 0.180000 0.179914
0.333333 0.133333 0.120000 0.168684
0.266667 0.200000 0.060000 0.179050
0.200000 0.266667 0.000000 0.197990
0.133333 0.333333 0.000000 0.246688
0.200000 0.266667 0.060000 0.208535
0.266667 0.200000 0.120000 0.179441
0.333333 0.133333 0.180000 0.167309
0.400000 0.066667 0.240000 0.181002
0.466667 0.000000 0.300000 0.211020
0.066667 0.400000 0.000000 0.307422
0.133333 0.333333 0.060000 0.248414
0.200000 0.266667 0.120000 0.209852
0.266667 0.200000 0.180000 0.179477
0.333333 0.133333 0.240000 0.165437
0.400000 0.066667 0.300000 0.184676
0.000000 0.466667 0.000000 0.374729
0.066667 0.400000 0.060000 0.294629
0.133333 0.333333 0.120000 0.252995
0.200000 0.266667 0.180000 0.210398
0.266667 0.200000 0.240000 0.179554
0.333333 0.133333 0.300000 0.168880
0.266667 0.200000 0.300000 0.169527
0.200000 0.266667 0.240000 0.210978
0.133333 0.333333 0.180000 0.256221
0.066667 0.400000 0.120000 0.297037
0.000000 0.466667 0.060000 0.374320
0.200000 0.266667 0.300000 0.193528
0.133333 0.333333 0.240000 0.257665
0.066667 0.400000 0.180000 0.300351
0.000000 0.466667 0.120000 0.372677
0.133333 0.333333 0.300000 0.241833
0.066667 0.400000 0.240000 0.304678
0.000000 0.466667 0.180000 0.370057
0.066667 0.400000 0.300000 0.301504
0.000000 0.466667 0.240000 0.367922
0.000000 0.466667 0.300000 0.367232
0.533333 0.000000 0.000000 0.249645
0.533333 0.000000 0.060000 0.248680
0.466667 0.066667 0.000000 0.218272
0.400000 0.133333 0.000000 0.190194
0.466667 0.066667 0.060000 0.208576
0.533333 0.000000 0.120000 0.246702
0.533333 0.000000 0.180000 0.245025
0.466667 0.066667 0.120000 0.211708
0.400000 0.133333 0.060000 0.162922
0.333333 0.200000 0.000000 0.175344
0.533333 0.000000 0.240000 0.244220
0.466667 0.066667 0.180000 0.216336
0.400000 0.133333 0.120000 0.166115
0.333333 0.200000 0.060000 0.178928
0.266667 0.266667 0.000000 0.190877
0.533333 0.000000 0.300000 0.244029
0.466667 0.066667 0.240000 0.221925
0.400000 0.133333 0.180000 0.168408
0.333333 0.200000 0.120000 0.180126
0.266667 0.266667 0.060000 0.204936
0.200000 0.333333 0.000000 0.237973
0.133333 0.400000 0.000000 0.303486
0.200000 0.333333 0.060000 0.252666
0.266667 0.266667 0.120000 0.206611
0.333333 0.200000 0.180000 0.180149
0.400000 0.133333 0.240000 0.170042
0.466667 0.066667 0.300000 0.211293
0.066667 0.466667 0.000000 0.374197
0.133333 0.400000 0.060000 0.297348
0.200000 0.333333 0.120000 0.256216
0.266667 0.266667 0.180000 0.207495
0.333333 0.200000 0.240000 0.179721
0.400000 0.133333 0.300000 0.185271
0.000000 0.533333 0.000000 0.446227
0.066667 0.466667 0.060000 0.360041
0.133333 0.400000 0.120000 0.301978
0.200000 0.333333 0.180000 0.258191
0.266667 0.266667 0.240000 0.208857
0.333333 0.200000 0.300000 0.174720
0.266667 0.266667 0.300000 0.189752
0.200000 0.333333 0.240000 0.259033
0.133333 0.400000 0.180000 0.305084
0.066667 0.466667 0.120000 0.359954
0.000000 0.533333 0.060000 0.445679
0.200000 0.333333 0.300000 0.235710
0.133333 0.400000 0.240000 0.307430
0.066667 0.466667 0.180000 0.361736
0.000000 0.533333 0.120000 0.444164
0.133333 0.400000 0.300000 0.299625
0.066667 0.466667 0.240000 0.365121
0.000000 0.533333 0.180000 0.442229
0.066667 0.466667 0.300000 0.367726
0.000000 0.533333 0.240000 0.440845
0.000000 0.533333 0.300000 0.440413
0.600000 0.000000 0.000000 0.284770
0.533333 0.066667 0.000000 0.250551
0.600000 0.000000 0.060000 0.283988
0.600000 0.000000 0.120000 0.282337
0.533333 0.066667 0.060000 0.243656
0.466667 0.133333 0.000000 0.217701
0.400000 0.200000 0.000000 0.189483
0.466667 0.133333 0.060000 0.177180
0.533333 0.066667 0.120000 0.250829
0.600000 0.000000 0.180000 0.280994
0.600000 0.000000 0.240000 0.280360
0.533333 0.066667 0.180000 0.259660
0.466667 0.133333 0.120000 0.184630
0.400000 0.200000 0.060000 0.161822
0.333333 0.266667 0.000000 0.186284
0.600000 0.000000 0.300000 0.280159
0.533333 0.066667 0.240000 0.270545
0.466667 0.133333 0.180000 0.192458
0.400000 0.200000 0.120000 0.165256
0.333333 0.266667 0.060000 0.187302
0.266667 0.333333 0.000000 0.225531
0.533333 0.066667 0.300000 0.245008
0.466667 0.133333 0.240000 0.199947
0.400000 0.200000 0.180000 0.168375
0.333333 0.266667 0.120000 0.192782
0.266667 0.333333 0.060000 0.239346
0.200000 0.400000 0.000000 0.296042
0.133333 0.466667 0.000000 0.373113
0.200000 0.400000 0.060000 0.301064
0.266667 0.333333 0.120000 0.243928
0.333333 0.266667 0.180000 0.197368
0.400000 0.200000 0.240000 0.171065
0.466667 0.133333 0.300000 0.212426
0.066667 0.533333 0.000000 0.446567
0.133333 0.466667 0.060000 0.357934
0.200000 0.400000 0.120000 0.306342
0.266667 0.333333 0.180000 0.245393
0.333333 0.266667 0.240000 0.200684
0.400000 0.200000 0.300000 0.189435
0.000000 0.600000 0.000000 0.516255
0.066667 0.533333 0.060000 0.446987
0.133333 0.466667 0.120000 0.361383
0.200000 0.400000 0.180000 0.310121
0.266667 0.333333 0.240000 0.246294
0.333333 0.266667 0.300000 0.190816
0.266667 0.333333 0.300000 0.229638
0.200000 0.400000 0.240000 0.311418
0.133333 0.466667 0.180000 0.364960
0.066667 0.533333 0.120000 0.443295
0.000000 0.600000 0.060000 0.515937
0.200000 0.400000 0.300000 0.297818
0.133333 0.466667 0.240000 0.369236
0.066667 0.533333 0.180000 0.441302
0.000000 0.600000 0.120000 0.515267
0.133333 0.466667 0.300000 0.370472
0.066667 0.533333 0.240000 0.441451
0.000000 0.600000 0.180000 0.514674
0.066667 0.533333 0.300000 0.442464
0.000000 0.600000 0.240000 0.514439
0.000000 0.600000 0.300000 0.514415
0.666667 0.000000 0.000000 0.320124
0.733333 0.000000 0.000000 0.352299
0.800000 0.000000 0.000000 0.378952
0.866667 0.000000 0.000000 0.398494
0.933333 0.000000 0.000000 0.410252
1.000000 0.000000 0.000000 0.414114
0.600000 0.066667 0.000000 0.286829
0.666667 0.000000 0.060000 0.319600
0.533333 0.133333 0.000000 0.252995
0.600000 0.066667 0.060000 0.283102
0.666667 0.000000 0.120000 0.318350
0.666667 0.000000 0.180000 0.317227
0.600000 0.066667 0.120000 0.292988
0.533333 0.133333 0.060000 0.213078
0.466667 0.200000 0.000000 0.217132
0.400000 0.266667 0.000000 0.191828
0.466667 0.200000 0.060000 0.165056
0.533333 0.133333 0.120000 0.220850
0.600000 0.066667 0.180000 0.304684
0.666667 0.000000 0.240000 0.316691
0.666667 0.000000 0.300000 0.316546
0.600000 0.066667 0.240000 0.318581
0.533333 0.133333 0.180000 0.230378
0.466667 0.200000 0.120000 0.173257
0.400000 0.266667 0.060000 0.166734
0.333333 0.333333 0.000000 0.210859
0.600000 0.066667 0.300000 0.281831
0.533333 0.133333 0.240000 0.241773
0.466667 0.200000 0.180000 0.180788
0.400000 0.266667 0.120000 0.173165
0.333333 0.333333 0.060000 0.203555
0.266667 0.400000 0.000000 0.283694
0.533333 0.133333 0.300000 0.248063
0.466667 0.200000 0.240000 0.187454
0.400000 0.266667 0.180000 0.178772
0.333333 0.333333 0.120000 0.212005
0.266667 0.400000 0.060000 0.279485
0.200000 0.466667 0.000000 0.371608
0.133333 0.533333 0.000000 0.449109
0.200000 0.466667 0.060000 0.357319
0.266667 0.400000 0.120000 0.289645
0.333333 0.333333 0.180000 0.218578
0.400000 0.266667 0.240000 0.183479
0.466667 0.200000 0.300000 0.216804
0.066667 0.600000 0.000000 0.517669
0.133333 0.533333 0.060000 0.442863
0.200000 0.466667 0.120000 0.363962
0.266667 0.400000 0.180000 0.295048
0.333333 0.333333 0.240000 0.223659
0.400000 0.266667 0.300000 0.202080
0.000000 0.666667 0.000000 0.579397
0.066667 0.600000 0.060000 0.531104
0.133333 0.533333 0.120000 0.443612
0.200000 0.466667 0.180000 0.368754
0.266667 0.400000 0.240000 0.297820
0.333333 0.333333 0.300000 0.225987
0.266667 0.400000 0.300000 0.294990
0.200000 0.466667 0.240000 0.372764
0.133333 0.533333 0.180000 0.446237
0.066667 0.600000 0.120000 0.525577
0.000000 0.666667 0.060000 0.579504
0.200000 0.466667 0.300000 0.376445
0.133333 0.533333 0.240000 0.451491
0.066667 0.600000 0.180000 0.521588
0.000000 0.666667 0.120000 0.579793
0.133333 0.533333 0.300000 0.449899
0.066667 0.600000 0.240000 0.519666
0.000000 0.666667 0.180000 0.580197
0.066667 0.600000 0.300000 0.517891
0.000000 0.666667 0.240000 0.580630
0.000000 0.666667 0.300000 0.580857
0.666667 0.066667 0.000000 0.323309
0.733333 0.000000 0.060000 0.351974
0.733333 0.066667 0.000000 0.356233
0.800000 0.000000 0.060000 0.378690
0.800000 0.066667 0.000000 0.383292
0.866667 0.000000 0.060000 0.398299
0.866667 0.066667 0.000000 0.403020
0.933333 0.000000 0.060000 0.410145
1.000000 0.000000 0.060000 0.414040
0.933333 0.066667 0.000000 0.414819
1.000000 0.066667 0.000000 0.418663
0.600000 0.133333 0.000000 0.293923
0.666667 0.066667 0.060000 0.329904
0.733333 0.000000 0.120000 0.351152
0.533333 0.200000 0.000000 0.259043
0.600000 0.133333 0.060000 0.271336
0.666667 0.066667 0.120000 0.340769
0.733333 0.000000 0.180000 0.350464
0.733333 0.000000 0.240000 0.350343
0.666667 0.066667 0.180000 0.352755
0.600000 0.133333 0.120000 0.277742
0.533333 0.200000 0.060000 0.209101
0.466667 0.266667 0.000000 0.219396
0.400000 0.333333 0.000000 0.204247
0.466667 0.266667 0.060000 0.170697
0.533333 0.200000 0.120000 0.218000
0.600000 0.133333 0.180000 0.285807
0.666667 0.066667 0.240000 0.365160
0.733333 0.000000 0.300000 0.350453
0.666667 0.066667 0.300000 0.318969
0.600000 0.133333 0.240000 0.295422
0.533333 0.200000 0.180000 0.227260
0.466667 0.266667 0.120000 0.178381
0.400000 0.333333 0.060000 0.172620
0.333333 0.400000 0.000000 0.264939
0.600000 0.133333 0.300000 0.287867
0.533333 0.200000 0.240000 0.237174
0.466667 0.266667 0.180000 0.186129
0.400000 0.333333 0.120000 0.180784
0.333333 0.400000 0.060000 0.232829
0.266667 0.466667 0.000000 0.368956
0.533333 0.200000 0.300000 0.255849
0.466667 0.266667 0.240000 0.192973
0.400000 0.333333 0.180000 0.187768
0.333333 0.400000 0.120000 0.245858
0.266667 0.466667 0.060000 0.339920
0.200000 0.533333 0.000000 0.456085
0.133333 0.600000 0.000000 0.524029
0.200000 0.533333 0.060000 0.445715
0.266667 0.466667 0.120000 0.354400
0.333333 0.400000 0.180000 0.256717
0.400000 0.333333 0.240000 0.194208
0.466667 0.266667 0.300000 0.229275
0.066667 0.666667 0.000000 0.582189
0.133333 0.600000 0.060000 0.536603
0.200000 0.533333 0.120000 0.453192
0.266667 0.466667 0.180000 0.363613
0.333333 0.400000 0.240000 0.264997
0.400000 0.333333 0.300000 0.232372
0.000000 0.733333 0.000000 0.632262
0.066667 0.666667 0.060000 0.600117
0.133333 0.600000 0.120000 0.536596
0.200000 0.533333 0.180000 0.461377
0.266667 0.466667 0.240000 0.368336
0.333333 0.400000 0.300000 0.291475
0.266667 0.466667 0.300000 0.383990
0.200000 0.533333 0.240000 0.470493
0.133333 0.600000 0.180000 0.538981
0.066667 0.666667 0.120000 0.593502
0.000000 0.733333 0.060000 0.632665
0.200000 0.533333 0.300000 0.464203
0.133333 0.600000 0.240000 0.543859
0.066667 0.666667 0.180000 0.589055
0.000000 0.733333 0.120000 0.633485
0.133333 0.600000 0.300000 0.529135
0.066667 0.666667 0.240000 0.586763
0.000000 0.733333 0.180000 0.634232
0.066667 0.666667 0.300000 0.585294
0.000000 0.733333 0.240000 0.634756
0.000000 0.733333 0.300000 0.635017
0.666667 0.133333 0.000000 0.334424
0.733333 0.066667 0.060000 0.349072
0.800000 0.000000 0.120000 0.378168
0.733333 0.133333 0.000000 0.369621
0.800000 0.066667 0.060000 0.361538
0.866667 0.000000 0.120000 0.398054
0.800000 0.133333 0.000000 0.397629
0.866667 0.066667 0.060000 0.383103
0.933333 0.000000 0.120000 0.410110
0.866667 0.133333 0.000000 0.417613
0.933333 0.066667 0.060000 0.406182
1.000000 0.000000 0.120000 0.414093
1.000000 0.066667 0.060000 0.418535
0.933333 0.133333 0.000000 0.429331
1.000000 0.133333 0.000000 0.433093
0.600000 0.200000 0.000000 0.309489
0.666667 0.133333 0.060000 0.339868
0.733333 0.066667 0.120000 0.358862
0.800000 0.000000 0.180000 0.378000
0.533333 0.266667 0.000000 0.272898
0.600000 0.200000 0.060000 0.279321
0.666667 0.133333 0.120000 0.345965
0.733333 0.066667 0.180000 0.368001
0.800000 0.000000 0.240000 0.378366
0.800000 0.000000 0.300000 0.378676
0.733333 0.066667 0.240000 0.376760
0.666667 0.133333 0.180000 0.352459
0.600000 0.200000 0.120000 0.287331
0.533333 0.266667 0.060000 0.233770
0.466667 0.333333 0.000000 0.230817
0.400000 0.400000 0.000000 0.248777
0.466667 0.333333 0.060000 0.199358
0.533333 0.266667 0.120000 0.240163
0.600000 0.200000 0.180000 0.295777
0.666667 0.133333 0.240000 0.360013
0.733333 0.066667 0.300000 0.353898
0.666667 0.133333 0.300000 0.328346
0.600000 0.200000 0.240000 0.304758
0.533333 0.266667 0.180000 0.246762
0.466667 0.333333 0.120000 0.205758
0.400000 0.400000 0.060000 0.209834
0.333333 0.466667 0.000000 0.363779
0.600000 0.200000 0.300000 0.302021
0.533333 0.266667 0.240000 0.253886
0.466667 0.333333 0.180000 0.212548
0.400000 0.400000 0.120000 0.217298
0.333333 0.466667 0.060000 0.309348
0.266667 0.533333 0.000000 0.469730
0.533333 0.266667 0.300000 0.273912
0.466667 0.333333 0.240000 0.219191
0.400000 0.400000 0.180000 0.224125
0.333333 0.466667 0.120000 0.327634
0.266667 0.533333 0.060000 0.448876
0.200000 0.600000 0.000000 0.538832
0.133333 0.666667 0.000000 0.592219
0.200000 0.600000 0.060000 0.553607
0.266667 0.533333 0.120000 0.464772
0.333333 0.466667 0.180000 0.342542
0.400000 0.400000 0.240000 0.230906
0.466667 0.333333 0.300000 0.259395
0.066667 0.733333 0.000000 0.636302
0.133333 0.666667 0.060000 0.610539
0.200000 0.600000 0.120000 0.558390
0.266667 0.533333 0.180000 0.478044
0.333333 0.466667 0.240000 0.354095
0.400000 0.400000 0.300000 0.296208
0.000000 0.800000 0.000000 0.672546
0.066667 0.733333 0.060000 0.644494
0.133333 0.666667 0.120000 0.608241
0.200000 0.600000 0.180000 0.565509
0.266667 0.533333 0.240000 0.487751
0.333333 0.466667 0.300000 0.390900
0.266667 0.533333 0.300000 0.484641
0.200000 0.600000 0.240000 0.576300
0.133333 0.666667 0.180000 0.608676
0.066667 0.733333 0.120000 0.638313
0.000000 0.800000 0.060000 0.673067
0.200000 0.600000 0.300000 0.549669
0.133333 0.666667 0.240000 0.612319
0.066667 0.733333 0.180000 0.634277
0.000000 0.800000 0.120000 0.674034
0.133333 0.666667 0.300000 0.598958
0.066667 0.733333 0.240000 0.633236
0.000000 0.800000 0.180000 0.674698
0.066667 0.733333 0.300000 0.639839
0.000000 0.800000 0.240000 0.674953
0.000000 0.800000 0.300000 0.675071
0.666667 0.200000 0.000000 0.357411
0.733333 0.133333 0.060000 0.364129
0.800000 0.066667 0.120000 0.366329
0.866667 0.000000 0.180000 0.398234
0.733333 0.200000 0.000000 0.395917
0.800000 0.133333 0.060000 0.378910
0.866667 0.066667 0.120000 0.383570
0.933333 0.000000 0.180000 0.410385
0.800000 0.200000 0.000000 0.424496
0.866667 0.133333 0.060000 0.405825
0.933333 0.066667 0.120000 0.403725
1.000000 0.000000 0.180000 0.414386
0.866667 0.200000 0.000000 0.444154
0.933333 0.133333 0.060000 0.436738
1.000000 0.066667 0.120000 0.418557
1.000000 0.133333 0.060000 0.432777
0.933333 0.200000 0.000000 0.455466
1.000000 0.200000 0.000000 0.459034
0.600000 0.266667 0.000000 0.338813
0.666667 0.200000 0.060000 0.353763
0.733333 0.133333 0.120000 0.370560
0.800000 0.066667 0.180000 0.370655
0.866667 0.000000 0.240000 0.398716
0.533333 0.333333 0.000000 0.303143
0.600000 0.266667 0.060000 0.316339
0.666667 0.200000 0.120000 0.359035
0.733333 0.133333 0.180000 0.377711
0.800000 0.066667 0.240000 0.373985
0.866667 0.000000 0.300000 0.398962
0.800000 0.066667 0.300000 0.383039
0.733333 0.133333 0.240000 0.385209
0.666667 0.200000 0.180000 0.365033
0.600000 0.266667 0.120000 0.322273
0.533333 0.333333 0.060000 0.283501
0.466667 0.400000 0.000000 0.276459
0.400000 0.466667 0.000000 0.366636
0.466667 0.400000 0.060000 0.258832
0.533333 0.333333 0.120000 0.288173
0.600000 0.266667 0.180000 0.328145
0.666667 0.200000 0.240000 0.372147
0.733333 0.133333 0.300000 0.366290
0.666667 0.200000 0.300000 0.349173
0.600000 0.266667 0.240000 0.334744
0.533333 0.333333 0.180000 0.293239
0.466667 0.400000 0.120000 0.263722
0.400000 0.466667 0.060000 0.303310
0.333333 0.533333 0.000000 0.493708
0.600000 0.266667 0.300000 0.330034
0.533333 0.333333 0.240000 0.298366
0.466667 0.400000 0.180000 0.268417
0.400000 0.466667 0.120000 0.316143
0.333333 0.533333 0.060000 0.454881
0.266667 0.600000 0.000000 0.566422
0.533333 0.333333 0.300000 0.311634
0.466667 0.400000 0.240000 0.272978
0.400000 0.466667 0.180000 0.327462
0.333333 0.533333 0.120000 0.476617
0.266667 0.600000 0.060000 0.573061
0.200000 0.666667 0.000000 0.612180
0.133333 0.733333 0.000000 0.648889
0.200000 0.666667 0.060000 0.639019
0.266667 0.600000 0.120000 0.585632
0.333333 0.533333 0.180000 0.494425
0.400000 0.466667 0.240000 0.338495
0.466667 0.400000 0.300000 0.325615
0.066667 0.800000 0.000000 0.676962
0.133333 0.733333 0.060000 0.654983
0.200000 0.666667 0.120000 0.639364
0.266667 0.600000 0.180000 0.598097
0.333333 0.533333 0.240000 0.508374
0.400000 0.466667 0.300000 0.404685
0.000000 0.866667 0.000000 0.699375
0.066667 0.800000 0.060000 0.671922
0.133333 0.733333 0.120000 0.652559
0.200000 0.666667 0.180000 0.643073
0.266667 0.600000 0.240000 0.610637
0.333333 0.533333 0.300000 0.508822
0.266667 0.600000 0.300000 0.579519
0.200000 0.666667 0.240000 0.650529
0.133333 0.733333 0.180000 0.653399
0.066667 0.800000 0.120000 0.668328
0.000000 0.866667 0.060000 0.699867
0.200000 0.666667 0.300000 0.622795
0.133333 0.733333 0.240000 0.657163
0.066667 0.800000 0.180000 0.666863
0.000000 0.866667 0.120000 0.700784
0.133333 0.733333 0.300000 0.654383
0.066667 0.800000 0.240000 0.667415
0.000000 0.866667 0.180000 0.701305
0.066667 0.800000 0.300000 0.679616
0.000000 0.866667 0.240000 0.701285
0.000000 0.866667 0.300000 0.701217
0.666667 0.266667 0.000000 0.396927
0.733333 0.200000 0.060000 0.386013
0.800000 0.133333 0.120000 0.383771
0.866667 0.066667 0.180000 0.384191
0.933333 0.000000 0.240000 0.410717
0.733333 0.266667 0.000000 0.438307
0.800000 0.200000 0.060000 0.404592
0.866667 0.133333 0.120000 0.409527
0.933333 0.066667 0.180000 0.403339
1.000000 0.000000 0.240000 0.414630
0.800000 0.266667 0.000000 0.465698
0.866667 0.200000 0.060000 0.432363
0.933333 0.133333 0.120000 0.439073
1.000000 0.066667 0.180000 0.418984
0.866667 0.266667 0.000000 0.483694
0.933333 0.200000 0.060000 0.468657
1.000000 0.133333 0.120000 0.432667
1.000000 0.200000 0.060000 0.458503
0.933333 0.266667 0.000000 0.494125
1.000000 0.266667 0.000000 0.497425
0.600000 0.333333 0.000000 0.390469
0.666667 0.266667 0.060000 0.389033
0.733333 0.200000 0.120000 0.391749
0.800000 0.133333 0.180000 0.389215
0.866667 0.066667 0.240000 0.385358
0.933333 0.000000 0.300000 0.410820
0.533333 0.400000 0.000000 0.378250
0.600000 0.333333 0.060000 0.375176
0.666667 0.266667 0.120000 0.395067
0.733333 0.200000 0.180000 0.398345
0.800000 0.133333 0.240000 0.395133
0.866667 0.066667 0.300000 0.403756
0.800000 0.133333 0.300000 0.397375
0.733333 0.200000 0.240000 0.406341
0.666667 0.266667 0.180000 0.401171
0.600000 0.333333 0.120000 0.378991
0.533333 0.400000 0.060000 0.366592
0.466667 0.466667 0.000000 0.428065
0.400000 0.533333 0.000000 0.548729
0.466667 0.466667 0.060000 0.377010
0.533333 0.400000 0.120000 0.369434
0.600000 0.333333 0.180000 0.382514
0.666667 0.266667 0.240000 0.407934
0.733333 0.200000 0.300000 0.391440
0.666667 0.266667 0.300000 0.385929
0.600000 0.333333 0.240000 0.385727
0.533333 0.400000 0.180000 0.371257
0.466667 0.466667 0.120000 0.380955
0.400000 0.533333 0.060000 0.473645
0.333333 0.600000 0.000000 0.613310
0.600000 0.333333 0.300000 0.378705
0.533333 0.400000 0.240000 0.371983
0.466667 0.466667 0.180000 0.384184
0.400000 0.533333 0.120000 0.493714
0.333333 0.600000 0.060000 0.603939
0.266667 0.666667 0.000000 0.645862
0.533333 0.400000 0.300000 0.385745
0.466667 0.466667 0.240000 0.387177
0.400000 0.533333 0.180000 0.511216
0.333333 0.600000 0.120000 0.622052
0.266667 0.666667 0.060000 0.670116
0.200000 0.733333 0.000000 0.670806
0.133333 0.800000 0.000000 0.690062
0.200000 0.733333 0.060000 0.688926
0.266667 0.666667 0.120000 0.676022
0.333333 0.600000 0.180000 0.637930
0.400000 0.533333 0.240000 0.525522
0.466667 0.466667 0.300000 0.442509
0.066667 0.866667 0.000000 0.703369
0.133333 0.800000 0.060000 0.683224
0.200000 0.733333 0.120000 0.686375
0.266667 0.666667 0.180000 0.682967
0.333333 0.600000 0.240000 0.652358
0.400000 0.533333 0.300000 0.541393
0.000000 0.933333 0.000000 0.713910
0.066667 0.866667 0.060000 0.690694
0.133333 0.800000 0.120000 0.680136
0.200000 0.733333 0.180000 0.687342
0.266667 0.666667 0.240000 0.692799
0.333333 0.600000 0.300000 0.617269
0.266667 0.666667 0.300000 0.656569
0.200000 0.733333 0.240000 0.692338
0.133333 0.800000 0.180000 0.680799
0.066667 0.866667 0.120000 0.687175
0.000000 0.933333 0.060000 0.714267
0.200000 0.733333 0.300000 0.678825
0.133333 0.800000 0.240000 0.685301
0.066667 0.866667 0.180000 0.686295
0.000000 0.933333 0.120000 0.715057
0.133333 0.800000 0.300000 0.693374
0.066667 0.866667 0.240000 0.687903
0.000000 0.933333 0.180000 0.715577
0.066667 0.866667 0.300000 0.705176
0.000000 0.933333 0.240000 0.715511
0.000000 0.933333 0.300000 0.715346
0.666667 0.333333 0.000000 0.457349
0.733333 0.266667 0.060000 0.424543
0.800000 0.200000 0.120000 0.409246
0.866667 0.133333 0.180000 0.414189
0.933333 0.066667 0.240000 0.404878
1.000000 0.000000 0.300000 0.414671
0.733333 0.333333 0.000000 0.497754
0.800000 0.266667 0.060000 0.443225
0.866667 0.200000 0.120000 0.437858
0.933333 0.133333 0.180000 0.442168
1.000000 0.066667 0.240000 0.419479
0.800000 0.333333 0.000000 0.521204
0.866667 0.266667 0.060000 0.471074
0.933333 0.200000 0.120000 0.473766
1.000000 0.133333 0.180000 0.433367
0.866667 0.333333 0.000000 0.535969
0.933333 0.266667 0.060000 0.511594
1.000000 0.200000 0.120000 0.458175
1.000000 0.266667 0.060000 0.496918
0.933333 0.333333 0.000000 0.544708
1.000000 0.333333 0.000000 0.547570
0.600000 0.400000 0.000000 0.484512
0.666667 0.333333 0.060000 0.448138
0.733333 0.266667 0.120000 0.433413
0.800000 0.200000 0.180000 0.415759
0.866667 0.133333 0.240000 0.419524
0.933333 0.066667 0.300000 0.415770
0.533333 0.466667 0.000000 0.563564
0.600000 0.400000 0.060000 0.453196
0.666667 0.333333 0.120000 0.452871
0.733333 0.266667 0.180000 0.443021
0.800000 0.200000 0.240000 0.424112
0.866667 0.133333 0.300000 0.418781
0.800000 0.200000 0.300000 0.424054
0.733333 0.266667 0.240000 0.453124
0.666667 0.333333 0.180000 0.457447
0.600000 0.400000 0.120000 0.454142
0.533333 0.466667 0.060000 0.502171
0.466667 0.533333 0.000000 0.682351
0.400000 0.600000 0.000000 0.695841
0.466667 0.533333 0.060000 0.551839
0.533333 0.466667 0.120000 0.501651
0.600000 0.400000 0.180000 0.453997
0.666667 0.333333 0.240000 0.461840
0.733333 0.266667 0.300000 0.432002
0.666667 0.333333 0.300000 0.441350
0.600000 0.400000 0.240000 0.452489
0.533333 0.466667 0.180000 0.498364
0.466667 0.533333 0.120000 0.555458
0.400000 0.600000 0.060000 0.646331
0.333333 0.666667 0.000000 0.698254
0.600000 0.400000 0.300000 0.458580
0.533333 0.466667 0.240000 0.493178
0.466667 0.533333 0.180000 0.557579
0.400000 0.600000 0.120000 0.665424
0.333333 0.666667 0.060000 0.703659
0.266667 0.733333 0.000000 0.704089
0.533333 0.466667 0.300000 0.506732
0.466667 0.533333 0.240000 0.560399
0.400000 0.600000 0.180000 0.681846
0.333333 0.666667 0.120000 0.715625
0.266667 0.733333 0.060000 0.720291
0.200000 0.800000 0.000000 0.711518
0.133333 0.866667 0.000000 0.715403
0.200000 0.800000 0.060000 0.710735
0.266667 0.733333 0.120000 0.721183
0.333333 0.666667 0.180000 0.728060
0.400000 0.600000 0.240000 0.694466
0.466667 0.533333 0.300000 0.591335
0.066667 0.933333 0.000000 0.717376
0.133333 0.866667 0.060000 0.702904
0.200000 0.800000 0.120000 0.706716
0.266667 0.733333 0.180000 0.723959
0.333333 0.666667 0.240000 0.741097
0.400000 0.600000 0.300000 0.664951
0.000000 1.000000 0.000000 0.718354
0.066667 0.933333 0.060000 0.704087
0.133333 0.866667 0.120000 0.699292
0.200000 0.800000 0.180000 0.706548
0.266667 0.733333 0.240000 0.729430
0.333333 0.666667 0.300000 0.698939
0.266667 0.733333 0.300000 0.712182
0.200000 0.800000 0.240000 0.710474
0.133333 0.866667 0.180000 0.699161
0.066667 0.933333 0.120000 0.699678
0.000000 1.000000 0.060000 0.718615
0.200000 0.800000 0.300000 0.716352
0.133333 0.866667 0.240000 0.702501
0.066667 0.933333 0.180000 0.698236
0.000000 1.000000 0.120000 0.719319
0.133333 0.866667 0.300000 0.717437
0.066667 0.933333 0.240000 0.699519
0.000000 1.000000 0.180000 0.719863
0.066667 0.933333 0.300000 0.719015
0.000000 1.000000 0.240000 0.719839
0.000000 1.000000 0.300000 0.719668
0.666667 0.400000 0.000000 0.546108
0.733333 0.333333 0.060000 0.483099
0.800000 0.266667 0.120000 0.451788
0.866667 0.200000 0.180000 0.444874
0.933333 0.133333 0.240000 0.445816
1.000000 0.066667 0.300000 0.419663
0.733333 0.400000 0.000000 0.575654
0.800000 0.333333 0.060000 0.495117
0.866667 0.266667 0.120000 0.478281
0.933333 0.200000 0.180000 0.480298
1.000000 0.133333 0.240000 0.434377
0.800000 0.400000 0.000000 0.591089
0.866667 0.333333 0.060000 0.519781
0.933333 0.266667 0.120000 0.517988
1.000000 0.200000 0.180000 0.458938
0.866667 0.400000 0.000000 0.600736
0.933333 0.333333 0.060000 0.560510
1.000000 0.266667 0.120000 0.496425
1.000000 0.333333 0.060000 0.547235
0.933333 0.400000 0.000000 0.606401
1.000000 0.400000 0.000000 0.608241
0.600000 0.466667 0.000000 0.642484
0.666667 0.400000 0.060000 0.518184
0.733333 0.333333 0.120000 0.492236
0.800000 0.266667 0.180000 0.461480
0.866667 0.200000 0.240000 0.452813
0.933333 0.133333 0.300000 0.430930
0.533333 0.533333 0.000000 0.813553
0.600000 0.466667 0.060000 0.584649
0.666667 0.400000 0.120000 0.520127
0.733333 0.333333 0.180000 0.501047
0.800000 0.266667 0.240000 0.471870
0.866667 0.200000 0.300000 0.445311
0.800000 0.266667 0.300000 0.464447
0.733333 0.333333 0.240000 0.509806
0.666667 0.400000 0.180000 0.521094
0.600000 0.466667 0.120000 0.578379
0.533333 0.533333 0.060000 0.657017
0.466667 0.600000 0.000000 0.822870
0.400000 0.666667 0.000000 0.774893
0.466667 0.600000 0.060000 0.702268
0.533333 0.533333 0.120000 0.652972
0.600000 0.466667 0.180000 0.570858
0.666667 0.400000 0.240000 0.521343
0.733333 0.333333 0.300000 0.488073
0.666667 0.400000 0.300000 0.519730
0.600000 0.466667 0.240000 0.562181
0.533333 0.533333 0.180000 0.646550
0.466667 0.600000 0.120000 0.709132
0.400000 0.666667 0.060000 0.754518
0.333333 0.733333 0.000000 0.751460
0.600000 0.466667 0.300000 0.573605
0.533333 0.533333 0.240000 0.637897
0.466667 0.600000 0.180000 0.714433
0.400000 0.666667 0.120000 0.768563
0.333333 0.733333 0.060000 0.747519
0.266667 0.800000 0.000000 0.741924
0.533333 0.533333 0.300000 0.651915
0.466667 0.600000 0.240000 0.718583
0.400000 0.666667 0.180000 0.780645
0.333333 0.733333 0.120000 0.753309
0.266667 0.800000 0.060000 0.741009
0.200000 0.866667 0.000000 0.735437
0.133333 0.933333 0.000000 0.728185
0.200000 0.866667 0.060000 0.723998
0.266667 0.800000 0.120000 0.738238
0.333333 0.733333 0.180000 0.760992
0.400000 0.666667 0.240000 0.790738
0.466667 0.600000 0.300000 0.722151
0.066667 1.000000 0.000000 0.721584
0.133333 0.933333 0.060000 0.715103
0.200000 0.866667 0.120000 0.718699
0.266667 0.800000 0.180000 0.737230
0.333333 0.733333 0.240000 0.770431
0.400000 0.666667 0.300000 0.749772
0.066667 1.000000 0.060000 0.721878
0.133333 0.933333 0.120000 0.710732
0.200000 0.866667 0.180000 0.717492
0.266667 0.800000 0.240000 0.738833
0.333333 0.733333 0.300000 0.752649
0.266667 0.800000 0.300000 0.747173
0.200000 0.866667 0.240000 0.719967
0.133333 0.933333 0.180000 0.709437
0.066667 1.000000 0.120000 0.722732
0.200000 0.866667 0.300000 0.738333
0.133333 0.933333 0.240000 0.710940
0.066667 1.000000 0.180000 0.723438
0.133333 0.933333 0.300000 0.730427
0.066667 1.000000 0.240000 0.723493
0.066667 1.000000 0.300000 0.723334
0.666667 0.466667 0.000000 0.665686
0.733333 0.400000 0.060000 0.545114
0.800000 0.333333 0.120000 0.503733
0.866667 0.266667 0.180000 0.487282
0.933333 0.200000 0.240000 0.487457
1.000000 0.133333 0.300000 0.434843
0.733333 0.466667 0.000000 0.671355
0.800000 0.400000 0.060000 0.550993
0.866667 0.333333 0.120000 0.527628
0.933333 0.266667 0.180000 0.526083
1.000000 0.200000 0.240000 0.460146
0.800000 0.466667 0.000000 0.673575
0.866667 0.400000 0.060000 0.572825
0.933333 0.333333 0.120000 0.567661
1.000000 0.266667 0.180000 0.496734
0.866667 0.466667 0.000000 0.675346
0.933333 0.400000 0.060000 0.613095
1.000000 0.333333 0.120000 0.546451
1.000000 0.400000 0.060000 0.607779
0.933333 0.466667 0.000000 0.676237
1.000000 0.466667 0.000000 0.676308
0.600000 0.533333 0.000000 0.816841
0.666667 0.466667 0.060000 0.634811
0.733333 0.400000 0.120000 0.550295
0.800000 0.333333 0.180000 0.512252
0.866667 0.266667 0.240000 0.498021
0.933333 0.200000 0.300000 0.456979
0.533333 0.600000 0.000000 0.917399
0.600000 0.533333 0.060000 0.735993
0.666667 0.466667 0.120000 0.629352
0.733333 0.400000 0.180000 0.555431
0.800000 0.333333 0.240000 0.521351
0.866667 0.266667 0.300000 0.484114
0.800000 0.333333 0.300000 0.517784
0.733333 0.400000 0.240000 0.560297
0.666667 0.466667 0.180000 0.623383
0.600000 0.533333 0.120000 0.727770
0.533333 0.600000 0.060000 0.778826
0.466667 0.666667 0.000000 0.867046
0.400000 0.733333 0.000000 0.813235
0.466667 0.666667 0.060000 0.798961
0.533333 0.600000 0.120000 0.771462
0.600000 0.533333 0.180000 0.717828
0.666667 0.466667 0.240000 0.616932
0.733333 0.400000 0.300000 0.560568
0.666667 0.466667 0.300000 0.621490
0.600000 0.533333 0.240000 0.706648
0.533333 0.600000 0.180000 0.762636
0.466667 0.666667 0.120000 0.806051
0.400000 0.733333 0.060000 0.793577
0.333333 0.800000 0.000000 0.782240
0.600000 0.533333 0.300000 0.702037
0.533333 0.600000 0.240000 0.753051
0.466667 0.666667 0.180000 0.810910
0.400000 0.733333 0.120000 0.801209
0.333333 0.800000 0.060000 0.771279
0.266667 0.866667 0.000000 0.763462
0.533333 0.600000 0.300000 0.775119
0.466667 0.666667 0.240000 0.814075
0.400000 0.733333 0.180000 0.808572
0.333333 0.800000 0.120000 0.772064
0.266667 0.866667 0.060000 0.754951
0.200000 0.933333 0.000000 0.747055
0.133333 1.000000 0.000000 0.731890
0.200000 0.933333 0.060000 0.732977
0.266667 0.866667 0.120000 0.748549
0.333333 0.800000 0.180000 0.773681
0.400000 0.733333 0.240000 0.816339
0.466667 0.666667 0.300000 0.804858
0.133333 1.000000 0.060000 0.732227
0.200000 0.933333 0.120000 0.726302
0.266667 0.866667 0.180000 0.744478
0.333333 0.800000 0.240000 0.777445
0.400000 0.733333 0.300000 0.798643
0.133333 1.000000 0.120000 0.733330
0.200000 0.933333 0.180000 0.723657
0.266667 0.866667 0.240000 0.743977
0.333333 0.800000 0.300000 0.783567
0.266667 0.866667 0.300000 0.766448
0.200000 0.933333 0.240000 0.724891
0.133333 1.000000 0.180000 0.734387
0.200000 0.933333 0.300000 0.749872
0.133333 1.000000 0.240000 0.734697
0.133333 1.000000 0.300000 0.734632
0.666667 0.533333 0.000000 0.790578
0.733333 0.466667 0.060000 0.646996
0.800000 0.400000 0.120000 0.556007
0.866667 0.333333 0.180000 0.535882
0.933333 0.266667 0.240000 0.535025
1.000000 0.200000 0.300000 0.460703
0.733333 0.533333 0.000000 0.770675
0.800000 0.466667 0.060000 0.641946
0.866667 0.400000 0.120000 0.577747
0.933333 0.333333 0.180000 0.575265
1.000000 0.266667 0.240000 0.497398
0.800000 0.533333 0.000000 0.758326
0.866667 0.466667 0.060000 0.660178
0.933333 0.400000 0.120000 0.617014
1.000000 0.333333 0.180000 0.545590
0.866667 0.533333 0.000000 0.751008
0.933333 0.466667 0.060000 0.698451
1.000000 0.400000 0.120000 0.606128
1.000000 0.466667 0.060000 0.675262
0.933333 0.533333 0.000000 0.746473
1.000000 0.533333 0.000000 0.744539
0.600000 0.600000 0.000000 0.916182
0.666667 0.533333 0.060000 0.782031
0.733333 0.466667 0.120000 0.645398
0.800000 0.400000 0.180000 0.560678
0.866667 0.333333 0.240000 0.544409
0.933333 0.266667 0.300000 0.494434
0.533333 0.666667 0.000000 0.933726
0.600000 0.600000 0.060000 0.846318
0.666667 0.533333 0.120000 0.771680
0.733333 0.466667 0.180000 0.643302
0.800000 0.400000 0.240000 0.565496
0.866667 0.333333 0.300000 0.534161
0.800000 0.400000 0.300000 0.583727
0.733333 0.466667 0.240000 0.640900
0.666667 0.533333 0.180000 0.760721
0.600000 0.600000 0.120000 0.835797
0.533333 0.666667 0.060000 0.847546
0.466667 0.733333 0.000000 0.879666
0.400000 0.800000 0.000000 0.830960
0.466667 0.733333 0.060000 0.834764
0.533333 0.666667 0.120000 0.841116
0.600000 0.600000 0.180000 0.823108
0.666667 0.533333 0.240000 0.749517
0.733333 0.466667 0.300000 0.648475
0.666667 0.533333 0.300000 0.730050
0.600000 0.600000 0.240000 0.808989
0.533333 0.666667 0.180000 0.832491
0.466667 0.733333 0.120000 0.840659
0.400000 0.800000 0.060000 0.811252
0.333333 0.866667 0.000000 0.798856
0.600000 0.600000 0.300000 0.808821
0.533333 0.666667 0.240000 0.823378
0.466667 0.733333 0.180000 0.844392
0.400000 0.800000 0.120000 0.814106
0.333333 0.866667 0.060000 0.792279
0.266667 0.933333 0.000000 0.773974
0.533333 0.666667 0.300000 0.850681
0.466667 0.733333 0.240000 0.846051
0.400000 0.800000 0.180000 0.817071
0.333333 0.866667 0.120000 0.789222
0.266667 0.933333 0.060000 0.767367
0.200000 1.000000 0.000000 0.750319
0.200000 1.000000 0.060000 0.750705
0.266667 0.933333 0.120000 0.758563
0.333333 0.866667 0.180000 0.787630
0.400000 0.800000 0.240000 0.820613
0.466667 0.733333 0.300000 0.846045
0.200000 1.000000 0.120000 0.751916
0.266667 0.933333 0.180000 0.752975
0.333333 0.866667 0.240000 0.788023
0.400000 0.800000 0.300000 0.823293
0.200000 1.000000 0.180000 0.753138
0.266667 0.933333 0.240000 0.751165
0.333333 0.866667 0.300000 0.799117
0.266667 0.933333 0.300000 0.775894
0.200000 1.000000 0.240000 0.753613
0.200000 1.000000 0.300000 0.753622
0.666667 0.600000 0.000000 0.881132
0.733333 0.533333 0.060000 0.778743
0.800000 0.466667 0.120000 0.641106
0.866667 0.400000 0.180000 0.582589
0.933333 0.333333 0.240000 0.583822
1.000000 0.266667 0.300000 0.497683
0.733333 0.600000 0.000000 0.851099
0.800000 0.533333 0.060000 0.754295
0.866667 0.466667 0.120000 0.659318
0.933333 0.400000 0.180000 0.621423
1.000000 0.333333 0.240000 0.544955
0.800000 0.600000 0.000000 0.830323
0.866667 0.533333 0.060000 0.755491
0.933333 0.466667 0.120000 0.696452
1.000000 0.400000 0.180000 0.603495
0.866667 0.600000 0.000000 0.816590
0.933333 0.533333 0.060000 0.778437
1.000000 0.466667 0.120000 0.672174
1.000000 0.533333 0.060000 0.742829
0.933333 0.600000 0.000000 0.807955
1.000000 0.600000 0.000000 0.804546
0.600000 0.666667 0.000000 0.947067
0.666667 0.600000 0.060000 0.886332
0.733333 0.533333 0.120000 0.772837
0.800000 0.466667 0.180000 0.639732
0.866667 0.400000 0.240000 0.587683
0.933333 0.333333 0.300000 0.542177
0.533333 0.733333 0.000000 0.929691
0.600000 0.666667 0.060000 0.897584
0.666667 0.600000 0.120000 0.873823
0.733333 0.533333 0.180000 0.766234
0.800000 0.466667 0.240000 0.638133
0.866667 0.400000 0.300000 0.594588
0.800000 0.466667 0.300000 0.660655
0.733333 0.533333 0.240000 0.759100
0.666667 0.600000 0.180000 0.859634
0.600000 0.666667 0.120000 0.886264
0.533333 0.733333 0.060000 0.870282
0.466667 0.800000 0.000000 0.880973
0.400000 0.866667 0.000000 0.838946
0.466667 0.800000 0.060000 0.851730
0.533333 0.733333 0.120000 0.867311
0.600000 0.666667 0.180000 0.873200
0.666667 0.600000 0.240000 0.844289
0.733333 0.533333 0.300000 0.739990
0.666667 0.600000 0.300000 0.820782
0.600000 0.666667 0.240000 0.859057
0.533333 0.733333 0.180000 0.861867
0.466667 0.800000 0.120000 0.855826
0.400000 0.866667 0.060000 0.826067
0.333333 0.933333 0.000000 0.807095
0.600000 0.666667 0.300000 0.875914
0.533333 0.733333 0.240000 0.855576
0.466667 0.800000 0.180000 0.857793
0.400000 0.866667 0.120000 0.827660
0.333333 0.933333 0.060000 0.805044
0.266667 1.000000 0.000000 0.776947
0.533333 0.733333 0.300000 0.885447
0.466667 0.800000 0.240000 0.859255
0.400000 0.866667 0.180000 0.829436
0.333333 0.933333 0.120000 0.801573
0.266667 1.000000 0.060000 0.777210
0.266667 1.000000 0.120000 0.777948
0.333333 0.933333 0.180000 0.799386
0.400000 0.866667 0.240000 0.831390
0.466667 0.800000 0.300000 0.863088
0.266667 1.000000 0.180000 0.778611
0.333333 0.933333 0.240000 0.799137
0.400000 0.866667 0.300000 0.833895
0.266667 1.000000 0.240000 0.778810
0.333333 0.933333 0.300000 0.805833
0.266667 1.000000 0.300000 0.778776
0.666667 0.666667 0.000000 0.927737
0.733333 0.600000 0.060000 0.872772
0.800000 0.533333 0.120000 0.749692
0.866667 0.466667 0.180000 0.657949
0.933333 0.400000 0.240000 0.625807
1.000000 0.333333 0.300000 0.544712
0.733333 0.666667 0.000000 0.902599
0.800000 0.600000 0.060000 0.831857
0.866667 0.533333 0.120000 0.750792
0.933333 0.466667 0.180000 0.694195
1.000000 0.400000 0.240000 0.601192
0.800000 0.666667 0.000000 0.881474
0.866667 0.600000 0.060000 0.821490
0.933333 0.533333 0.120000 0.773033
1.000000 0.466667 0.180000 0.667854
0.866667 0.666667 0.000000 0.865716
0.933333 0.600000 0.060000 0.828883
1.000000 0.533333 0.120000 0.738453
1.000000 0.600000 0.060000 0.802609
0.933333 0.666667 0.000000 0.855447
1.000000 0.666667 0.000000 0.851584
0.600000 0.733333 0.000000 0.949811
0.666667 0.666667 0.060000 0.930046
0.733333 0.600000 0.120000 0.861942
0.800000 0.533333 0.180000 0.744412
0.866667 0.466667 0.240000 0.656606
0.933333 0.400000 0.300000 0.598976
0.533333 0.800000 0.000000 0.920952
0.600000 0.733333 0.060000 0.912754
0.666667 0.666667 0.120000 0.917997
0.733333 0.600000 0.180000 0.849936
0.800000 0.533333 0.240000 0.738382
0.866667 0.466667 0.300000 0.663792
0.800000 0.533333 0.300000 0.739723
0.733333 0.600000 0.240000 0.837592
0.666667 0.666667 0.180000 0.904287
0.600000 0.733333 0.120000 0.901710
0.533333 0.800000 0.060000 0.882846
0.466667 0.866667 0.000000 0.878671
0.400000 0.933333 0.000000 0.842858
0.466667 0.866667 0.060000 0.860890
0.533333 0.800000 0.120000 0.883109
0.600000 0.733333 0.180000 0.888674
0.666667 0.666667 0.240000 0.889511
0.733333 0.600000 0.300000 0.818106
0.666667 0.666667 0.300000 0.881029
0.600000 0.733333 0.240000 0.875381
0.533333 0.800000 0.180000 0.882310
0.466667 0.866667 0.120000 0.866261
0.400000 0.933333 0.060000 0.835817
0.333333 1.000000 0.000000 0.809550
0.600000 0.733333 0.300000 0.908088
0.533333 0.800000 0.240000 0.879791
0.466667 0.866667 0.180000 0.870247
0.400000 0.933333 0.120000 0.838870
0.333333 1.000000 0.060000 0.809368
0.533333 0.800000 0.300000 0.897048
0.466667 0.866667 0.240000 0.873005
0.400000 0.933333 0.180000 0.842307
0.333333 1.000000 0.120000 0.808903
0.333333 1.000000 0.180000 0.808264
0.400000 0.933333 0.240000 0.846721
0.466667 0.866667 0.300000 0.868231
0.333333 1.000000 0.240000 0.807787
0.400000 0.933333 0.300000 0.837529
0.333333 1.000000 0.300000 0.807631
0.666667 0.733333 0.000000 0.945319
0.733333 0.666667 0.060000 0.923018
0.800000 0.600000 0.120000 0.822798
0.866667 0.533333 0.180000 0.745275
0.933333 0.466667 0.240000 0.691962
1.000000 0.400000 0.300000 0.600344
0.733333 0.733333 0.000000 0.930045
0.800000 0.666667 0.060000 0.885968
0.866667 0.600000 0.120000 0.813366
0.933333 0.533333 0.180000 0.766856
1.000000 0.466667 0.240000 0.664324
0.800000 0.733333 0.000000 0.913375
0.866667 0.666667 0.060000 0.862985
0.933333 0.600000 0.120000 0.821131
1.000000 0.533333 0.180000 0.733303
0.866667 0.733333 0.000000 0.899099
0.933333 0.666667 0.060000 0.858630
1.000000 0.600000 0.120000 0.797859
1.000000 0.666667 0.060000 0.849958
0.933333 0.733333 0.000000 0.889373
1.000000 0.733333 0.000000 0.885870
0.600000 0.800000 0.000000 0.943124
0.666667 0.733333 0.060000 0.941983
0.733333 0.666667 0.120000 0.911497
0.800000 0.600000 0.180000 0.813215
0.866667 0.533333 0.240000 0.739385
0.933333 0.466667 0.300000 0.663372
0.533333 0.866667 0.000000 0.912103
0.600000 0.800000 0.060000 0.916275
0.666667 0.733333 0.120000 0.930958
0.733333 0.666667 0.180000 0.898605
0.800000 0.600000 0.240000 0.803442
0.866667 0.533333 0.300000 0.734928
0.800000 0.600000 0.300000 0.808743
0.733333 0.666667 0.240000 0.884726
0.666667 0.733333 0.180000 0.918374
0.600000 0.800000 0.120000 0.907807
0.533333 0.866667 0.060000 0.895528
0.466667 0.933333 0.000000 0.877117
0.400000 1.000000 0.000000 0.844243
0.466667 0.933333 0.060000 0.869610
0.533333 0.866667 0.120000 0.897211
0.600000 0.800000 0.180000 0.899069
0.666667 0.733333 0.240000 0.904909
0.733333 0.666667 0.300000 0.873578
0.666667 0.733333 0.300000 0.913381
0.600000 0.800000 0.240000 0.890359
0.533333 0.866667 0.180000 0.898554
0.466667 0.933333 0.120000 0.875475
0.400000 1.000000 0.060000 0.843543
0.600000 0.800000 0.300000 0.918926
0.533333 0.866667 0.240000 0.899826
0.466667 0.933333 0.180000 0.883225
0.400000 1.000000 0.120000 0.841815
0.533333 0.866667 0.300000 0.898338
0.466667 0.933333 0.240000 0.891329
0.400000 1.000000 0.180000 0.839873
0.400000 1.000000 0.240000 0.838662
0.466667 0.933333 0.300000 0.868921
0.400000 1.000000 0.300000 0.838329
0.666667 0.800000 0.000000 0.947767
0.733333 0.733333 0.060000 0.938423
0.800000 0.666667 0.120000 0.873553
0.866667 0.600000 0.180000 0.804651
0.933333 0.533333 0.240000 0.760171
1.000000 0.466667 0.300000 0.663056
0.733333 0.800000 0.000000 0.941364
0.800000 0.733333 0.060000 0.911191
0.866667 0.666667 0.120000 0.851934
0.933333 0.600000 0.180000 0.812981
1.000000 0.533333 0.240000 0.729636
0.800000 0.800000 0.000000 0.930746
0.866667 0.733333 0.060000 0.892202
0.933333 0.666667 0.120000 0.848319
1.000000 0.600000 0.180000 0.792871
0.866667 0.800000 0.000000 0.920095
0.933333 0.733333 0.060000 0.881987
1.000000 0.666667 0.120000 0.845872
1.000000 0.733333 0.060000 0.884767
0.933333 0.800000 0.000000 0.912380
1.000000 0.800000 0.000000 0.909622
0.600000 0.866667 0.000000 0.934390
0.666667 0.800000 0.060000 0.949199
0.733333 0.733333 0.120000 0.928924
0.800000 0.666667 0.180000 0.860151
0.866667 0.600000 0.240000 0.795739
0.933333 0.533333 0.300000 0.730190
0.533333 0.933333 0.000000 0.906498
0.600000 0.866667 0.060000 0.924254
0.666667 0.800000 0.120000 0.938705
0.733333 0.733333 0.180000 0.918069
0.800000 0.666667 0.240000 0.846586
0.866667 0.600000 0.300000 0.798474
0.800000 0.666667 0.300000 0.860973
0.733333 0.733333 0.240000 0.906409
0.666667 0.800000 0.180000 0.927928
0.600000 0.866667 0.120000 0.920791
0.533333 0.933333 0.060000 0.909709
0.466667 1.000000 0.000000 0.876994
0.466667 1.000000 0.060000 0.875953
0.533333 0.933333 0.120000 0.913817
0.600000 0.866667 0.180000 0.917390
0.666667 0.800000 0.240000 0.917433
0.733333 0.733333 0.300000 0.907248
0.666667 0.800000 0.300000 0.926965
0.600000 0.866667 0.240000 0.913457
0.533333 0.933333 0.180000 0.917850
0.466667 1.000000 0.120000 0.873581
0.600000 0.866667 0.300000 0.919925
0.533333 0.933333 0.240000 0.921378
0.466667 1.000000 0.180000 0.871093
0.533333 0.933333 0.300000 0.897026
0.466667 1.000000 0.240000 0.869477
0.466667 1.000000 0.300000 0.868962
0.666667 0.866667 0.000000 0.943831
0.733333 0.800000 0.060000 0.949183
0.800000 0.733333 0.120000 0.899722
0.866667 0.666667 0.180000 0.840342
0.933333 0.600000 0.240000 0.804478
1.000000 0.533333 0.300000 0.728432
0.733333 0.866667 0.000000 0.943425
0.800000 0.800000 0.060000 0.923734
0.866667 0.733333 0.120000 0.879808
0.933333 0.666667 0.180000 0.837459
1.000000 0.600000 0.240000 0.789833
0.800000 0.866667 0.000000 0.938072
0.866667 0.800000 0.060000 0.913628
0.933333 0.733333 0.120000 0.870488
1.000000 0.666667 0.180000 0.841719
0.866667 0.866667 0.000000 0.931460
0.933333 0.800000 0.060000 0.903997
1.000000 0.733333 0.120000 0.881855
1.000000 0.800000 0.060000 0.908961
0.933333 0.866667 0.000000 0.926357
1.000000 0.866667 0.000000 0.924519
0.600000 0.933333 0.000000 0.928016
0.666667 0.866667 0.060000 0.953377
0.733333 0.800000 0.120000 0.941622
0.800000 0.733333 0.180000 0.887214
0.866667 0.666667 0.240000 0.828770
0.933333 0.600000 0.300000 0.791357
0.533333 1.000000 0.000000 0.904961
0.600000 0.933333 0.060000 0.943413
0.666667 0.866667 0.120000 0.944736
0.733333 0.800000 0.180000 0.933209
0.800000 0.733333 0.240000 0.874294
0.866667 0.666667 0.300000 0.848987
0.800000 0.733333 0.300000 0.896275
0.733333 0.800000 0.240000 0.924312
0.666667 0.866667 0.180000 0.936393
0.600000 0.933333 0.120000 0.941877
0.533333 1.000000 0.060000 0.903838
0.533333 1.000000 0.120000 0.901414
0.600000 0.933333 0.180000 0.940523
0.666667 0.866667 0.240000 0.928735
0.733333 0.800000 0.300000 0.924705
0.666667 0.866667 0.300000 0.930726
0.600000 0.933333 0.240000 0.939243
0.533333 1.000000 0.180000 0.898969
0.600000 0.933333 0.300000 0.918457
0.533333 1.000000 0.240000 0.897216
0.533333 1.000000 0.300000 0.896533
0.666667 0.933333 0.000000 0.939494
0.733333 0.866667 0.060000 0.954811
0.800000 0.800000 0.120000 0.914983
0.866667 0.733333 0.180000 0.866724
0.933333 0.666667 0.240000 0.826669
1.000000 0.600000 0.300000 0.789002
0.733333 0.933333 0.000000 0.942322
0.800000 0.866667 0.060000 0.926548
0.866667 0.800000 0.120000 0.902521
0.933333 0.733333 0.180000 0.858229
1.000000 0.666667 0.240000 0.839466
0.800000 0.933333 0.000000 0.940238
0.866667 0.866667 0.060000 0.918843
0.933333 0.800000 0.120000 0.892447
1.000000 0.733333 0.180000 0.878827
0.866667 0.933333 0.000000 0.936445
0.933333 0.866667 0.060000 0.918299
1.000000 0.800000 0.120000 0.907114
1.000000 0.866667 0.060000 0.924111
0.933333 0.933333 0.000000 0.933334
1.000000 0.933333 0.000000 0.932218
0.600000 1.000000 0.000000 0.925883
0.666667 0.933333 0.060000 0.965184
0.733333 0.866667 0.120000 0.947937
0.800000 0.800000 0.180000 0.905271
0.866667 0.733333 0.240000 0.853581
0.933333 0.666667 0.300000 0.841381
0.600000 1.000000 0.060000 0.924986
0.666667 0.933333 0.120000 0.959244
0.733333 0.866667 0.180000 0.941243
0.800000 0.800000 0.240000 0.895280
0.866667 0.733333 0.300000 0.885802
0.800000 0.800000 0.300000 0.917546
0.733333 0.866667 0.240000 0.934753
0.666667 0.933333 0.180000 0.954407
0.600000 1.000000 0.120000 0.922888
0.600000 1.000000 0.180000 0.920558
0.666667 0.933333 0.240000 0.949770
0.733333 0.866667 0.300000 0.932310
0.666667 0.933333 0.300000 0.930992
0.600000 1.000000 0.240000 0.918632
0.600000 1.000000 0.300000 0.917777
0.666667 1.000000 0.000000 0.937799
0.733333 0.933333 0.060000 0.961758
0.800000 0.866667 0.120000 0.920090
0.866667 0.800000 0.180000 0.890397
0.933333 0.733333 0.240000 0.845884
1.000000 0.666667 0.300000 0.838990
0.733333 1.000000 0.000000 0.941637
0.800000 0.933333 0.060000 0.926746
0.866667 0.866667 0.120000 0.910573
0.933333 0.800000 0.180000 0.880149
1.000000 0.733333 0.240000 0.877274
0.800000 1.000000 0.000000 0.940639
0.866667 0.933333 0.060000 0.914288
0.933333 0.866667 0.120000 0.908253
1.000000 0.800000 0.180000 0.905075
0.866667 1.000000 0.000000 0.937810
0.933333 0.933333 0.060000 0.917725
1.000000 0.866667 0.120000 0.922942
1.000000 0.933333 0.060000 0.931893
0.933333 1.000000 0.000000 0.935390
1.000000 1.000000 0.000000 0.934513
0.666667 1.000000 0.060000 0.937225
0.733333 0.933333 0.120000 0.954927
0.800000 0.866667 0.180000 0.913137
0.866667 0.800000 0.240000 0.878004
0.933333 0.733333 0.300000 0.879152
0.666667 1.000000 0.120000 0.935547
0.733333 0.933333 0.180000 0.948620
0.800000 0.866667 0.240000 0.906096
0.866667 0.800000 0.300000 0.910195
0.800000 0.866667 0.300000 0.928887
0.733333 0.933333 0.240000 0.943181
0.666667 1.000000 0.180000 0.933391
0.666667 1.000000 0.240000 0.931539
0.733333 0.933333 0.300000 0.935205
0.666667 1.000000 0.300000 0.930736
0.733333 1.000000 0.060000 0.941123
0.800000 0.933333 0.120000 0.920855
0.866667 0.866667 0.180000 0.901655
0.933333 0.800000 0.240000 0.867698
1.000000 0.733333 0.300000 0.877034
0.800000 1.000000 0.060000 0.940040
0.866667 0.933333 0.120000 0.908512
0.933333 0.866667 0.180000 0.897531
1.000000 0.800000 0.240000 0.903961
0.866667 1.000000 0.060000 0.937278
0.933333 0.933333 0.120000 0.910449
1.000000 0.866667 0.180000 0.921578
0.933333 1.000000 0.060000 0.934998
1.000000 0.933333 0.120000 0.931049
1.000000 1.000000 0.060000 0.934191
0.733333 1.000000 0.120000 0.939570
0.800000 0.933333 0.180000 0.915546
0.866667 0.866667 0.240000 0.892509
0.933333 0.800000 0.300000 0.905379
0.733333 1.000000 0.180000 0.937676
0.800000 0.933333 0.240000 0.910834
0.866667 0.866667 0.300000 0.924550
0.800000 0.933333 0.300000 0.934285
0.733333 1.000000 0.240000 0.936331
0.733333 1.000000 0.300000 0.935870
0.800000 1.000000 0.120000 0.938494
0.866667 0.933333 0.180000 0.902708
0.933333 0.866667 0.240000 0.886513
1.000000 0.800000 0.300000 0.903782
0.866667 1.000000 0.120000 0.936002
0.933333 0.933333 0.180000 0.903046
1.000000 0.866667 0.240000 0.920690
0.933333 1.000000 0.120000 0.934068
1.000000 0.933333 0.180000 0.930063
1.000000 1.000000 0.120000 0.933425
0.800000 1.000000 0.180000 0.936918
0.866667 0.933333 0.240000 0.896794
0.933333 0.866667 0.300000 0.921523
0.800000 1.000000 0.240000 0.936067
0.866667 0.933333 0.300000 0.931759
0.800000 1.000000 0.300000 0.935867
0.866667 1.000000 0.180000 0.934785
0.933333 0.933333 0.240000 0.895368
1.000000 0.866667 0.300000 0.920463
0.933333 1.000000 0.180000 0.933098
1.000000 0.933333 0.240000 0.929265
1.000000 1.000000 0.180000 0.932538
0.866667 1.000000 0.240000 0.934101
0.933333 0.933333 0.300000 0.929703
0.866667 1.000000 0.300000 0.933896
0.933333 1.000000 0.240000 0.932366
1.000000 0.933333 0.300000 0.928949
1.000000 1.000000 0.240000 0.931748
0.933333 1.000000 0.300000 0.932066
1.000000 1.000000 0.300000 0.931387
