0.000000 0.000000 0.000000 1.879630
0.000000 0.000000 0.060000 1.873516
0.000000 0.000000 0.120000 1.854864
0.000000 0.000000 0.180000 1.830316
0.000000 0.000000 0.240000 1.857346
0.000000 0.000000 0.300000 1.869543
0.066667 0.000000 0.000000 1.877861
0.000000 0.066667 0.000000 1.844802
0.066667 0.000000 0.060000 1.857948
0.066667 0.000000 0.120000 1.827513
0.000000 0.066667 0.060000 1.834787
0.066667 0.000000 0.180000 1.799873
0.000000 0.066667 0.120000 1.824771
0.066667 0.000000 0.240000 1.826497
0.000000 0.066667 0.180000 1.806945
0.066667 0.000000 0.300000 1.838971
0.000000 0.066667 0.240000 1.828847
0.000000 0.066667 0.300000 1.840585
0.133333 0.000000 0.000000 1.859133
0.066667 0.066667 0.000000 1.845528
0.133333 0.000000 0.060000 1.830355
0.000000 0.133333 0.000000 1.793873
0.066667 0.066667 0.060000 1.839414
0.133333 0.000000 0.120000 1.800161
0.133333 0.000000 0.180000 1.789569
0.066667 0.066667 0.120000 1.826322
0.000000 0.133333 0.060000 1.786339
0.133333 0.000000 0.240000 1.811703
0.066667 0.066667 0.180000 1.795730
0.000000 0.133333 0.120000 1.778805
0.133333 0.000000 0.300000 1.808206
0.066667 0.066667 0.240000 1.806126
0.000000 0.133333 0.180000 1.770326
0.066667 0.066667 0.300000 1.812863
0.000000 0.133333 0.240000 1.791093
0.000000 0.133333 0.300000 1.811627
0.200000 0.000000 0.000000 1.831540
0.133333 0.066667 0.000000 1.843759
0.200000 0.000000 0.060000 1.802762
0.066667 0.133333 0.000000 1.808090
0.133333 0.066667 0.060000 1.827507
0.200000 0.000000 0.120000 1.772810
0.000000 0.200000 0.000000 1.757070
0.066667 0.133333 0.060000 1.798075
0.133333 0.066667 0.120000 1.798729
0.200000 0.000000 0.180000 1.779265
0.200000 0.000000 0.240000 1.801399
0.133333 0.066667 0.180000 1.785425
0.066667 0.133333 0.120000 1.788059
0.000000 0.200000 0.060000 1.749536
0.200000 0.000000 0.300000 1.801210
0.133333 0.066667 0.240000 1.801648
0.066667 0.133333 0.180000 1.788166
0.000000 0.200000 0.120000 1.742002
0.133333 0.066667 0.300000 1.789714
0.066667 0.133333 0.240000 1.785939
0.000000 0.200000 0.180000 1.736996
0.066667 0.133333 0.300000 1.783905
0.000000 0.200000 0.240000 1.739719
0.000000 0.200000 0.300000 1.753906
0.266667 0.000000 0.000000 1.803946
0.266667 0.000000 0.060000 1.775168
0.200000 0.066667 0.000000 1.828692
0.133333 0.133333 0.000000 1.811426
0.200000 0.066667 0.060000 1.799914
0.266667 0.000000 0.120000 1.746827
0.066667 0.200000 0.000000 1.754906
0.133333 0.133333 0.060000 1.805311
0.200000 0.066667 0.120000 1.771135
0.266667 0.000000 0.180000 1.768961
0.000000 0.266667 0.000000 1.694579
0.066667 0.200000 0.060000 1.744891
0.133333 0.133333 0.120000 1.795881
0.200000 0.066667 0.180000 1.775121
0.266667 0.000000 0.240000 1.791095
0.266667 0.000000 0.300000 1.796732
0.200000 0.066667 0.240000 1.797171
0.133333 0.133333 0.180000 1.781282
0.066667 0.200000 0.120000 1.734875
0.000000 0.266667 0.060000 1.689271
0.200000 0.066667 0.300000 1.785236
0.133333 0.133333 0.240000 1.785173
0.066667 0.200000 0.180000 1.725283
0.000000 0.266667 0.120000 1.683964
0.133333 0.133333 0.300000 1.772445
0.066667 0.200000 0.240000 1.740084
0.000000 0.266667 0.180000 1.689678
0.066667 0.200000 0.300000 1.754947
0.000000 0.266667 0.240000 1.694492
0.000000 0.266667 0.300000 1.673528
0.333333 0.000000 0.000000 1.741865
0.333333 0.000000 0.060000 1.708351
0.266667 0.066667 0.000000 1.801098
0.333333 0.000000 0.120000 1.689941
0.266667 0.066667 0.060000 1.772320
0.200000 0.133333 0.000000 1.809656
0.133333 0.200000 0.000000 1.771378
0.200000 0.133333 0.060000 1.797066
0.266667 0.066667 0.120000 1.743542
0.333333 0.000000 0.180000 1.717176
0.066667 0.266667 0.000000 1.680941
0.133333 0.200000 0.060000 1.761363
0.200000 0.133333 0.120000 1.768288
0.266667 0.066667 0.180000 1.764817
0.333333 0.000000 0.240000 1.744412
0.000000 0.333333 0.000000 1.566664
0.066667 0.266667 0.060000 1.673151
0.133333 0.200000 0.120000 1.751347
0.200000 0.133333 0.180000 1.770978
0.266667 0.066667 0.240000 1.786951
0.333333 0.000000 0.300000 1.751969
0.266667 0.066667 0.300000 1.772580
0.200000 0.133333 0.240000 1.781198
0.133333 0.200000 0.180000 1.749410
0.066667 0.266667 0.120000 1.665362
0.000000 0.333333 0.060000 1.573010
0.200000 0.133333 0.300000 1.769263
0.133333 0.200000 0.240000 1.764957
0.066667 0.266667 0.180000 1.664707
0.000000 0.333333 0.120000 1.579356
0.133333 0.200000 0.300000 1.752228
0.066667 0.266667 0.240000 1.665807
0.000000 0.333333 0.180000 1.589174
0.066667 0.266667 0.300000 1.663560
0.000000 0.333333 0.240000 1.594134
0.000000 0.333333 0.300000 1.538016
0.400000 0.000000 0.000000 1.652138
0.400000 0.000000 0.060000 1.629653
0.333333 0.066667 0.000000 1.755080
0.400000 0.000000 0.120000 1.618369
0.333333 0.066667 0.060000 1.722868
0.266667 0.133333 0.000000 1.798251
0.400000 0.000000 0.180000 1.645605
0.333333 0.066667 0.120000 1.689354
0.266667 0.133333 0.060000 1.769473
0.200000 0.200000 0.000000 1.777323
0.133333 0.266667 0.000000 1.702320
0.200000 0.200000 0.060000 1.771209
0.266667 0.133333 0.120000 1.740694
0.333333 0.066667 0.180000 1.714608
0.400000 0.000000 0.240000 1.660493
0.066667 0.333333 0.000000 1.563251
0.133333 0.266667 0.060000 1.694530
0.200000 0.200000 0.120000 1.765094
0.266667 0.133333 0.180000 1.760674
0.333333 0.066667 0.240000 1.736057
0.400000 0.000000 0.300000 1.659006
0.000000 0.400000 0.000000 1.400461
0.066667 0.333333 0.060000 1.569597
0.133333 0.266667 0.120000 1.686741
0.200000 0.200000 0.180000 1.750524
0.266667 0.133333 0.240000 1.776720
0.333333 0.066667 0.300000 1.735088
0.266667 0.133333 0.300000 1.744141
0.200000 0.200000 0.240000 1.764191
0.133333 0.266667 0.180000 1.682927
0.066667 0.333333 0.120000 1.566671
0.000000 0.400000 0.060000 1.398133
0.200000 0.200000 0.300000 1.737291
0.133333 0.266667 0.240000 1.701061
0.066667 0.333333 0.180000 1.575871
0.000000 0.400000 0.120000 1.398338
0.133333 0.266667 0.300000 1.707941
0.066667 0.333333 0.240000 1.579618
0.000000 0.400000 0.180000 1.406069
0.066667 0.333333 0.300000 1.544592
0.000000 0.400000 0.240000 1.413801
0.000000 0.400000 0.300000 1.385866
0.466667 0.000000 0.000000 1.539612
0.400000 0.066667 0.000000 1.660781
0.466667 0.000000 0.060000 1.521300
0.466667 0.000000 0.120000 1.517768
0.400000 0.066667 0.060000 1.644171
0.333333 0.133333 0.000000 1.763724
0.466667 0.000000 0.180000 1.540784
0.400000 0.066667 0.120000 1.610657
0.333333 0.133333 0.060000 1.737386
0.266667 0.200000 0.000000 1.775554
0.466667 0.000000 0.240000 1.539639
0.400000 0.066667 0.180000 1.643036
0.333333 0.133333 0.120000 1.703872
0.266667 0.200000 0.060000 1.766625
0.200000 0.266667 0.000000 1.723699
0.133333 0.333333 0.000000 1.595107
0.200000 0.266667 0.060000 1.715910
0.266667 0.200000 0.120000 1.737847
0.333333 0.133333 0.180000 1.712039
0.400000 0.066667 0.240000 1.643264
0.466667 0.000000 0.300000 1.538494
0.066667 0.400000 0.000000 1.406870
0.133333 0.333333 0.060000 1.587317
0.200000 0.266667 0.120000 1.708121
0.266667 0.200000 0.180000 1.734681
0.333333 0.133333 0.240000 1.718836
0.400000 0.066667 0.300000 1.642125
0.000000 0.466667 0.000000 1.213863
0.066667 0.400000 0.060000 1.404543
0.133333 0.333333 0.120000 1.579528
0.200000 0.266667 0.180000 1.701148
0.266667 0.200000 0.240000 1.750183
0.333333 0.133333 0.300000 1.717363
0.266667 0.200000 0.300000 1.715701
0.200000 0.266667 0.240000 1.733538
0.133333 0.333333 0.180000 1.582128
0.066667 0.400000 0.120000 1.403027
0.000000 0.466667 0.060000 1.211535
0.200000 0.266667 0.300000 1.696072
0.133333 0.333333 0.240000 1.586249
0.066667 0.400000 0.180000 1.410759
0.000000 0.466667 0.120000 1.215233
0.133333 0.333333 0.300000 1.532150
0.066667 0.400000 0.240000 1.418491
0.000000 0.466667 0.180000 1.222965
0.066667 0.400000 0.300000 1.394361
0.000000 0.466667 0.240000 1.230696
0.000000 0.466667 0.300000 1.233715
0.533333 0.000000 0.000000 1.408890
0.533333 0.000000 0.060000 1.388030
0.466667 0.066667 0.000000 1.551659
0.400000 0.133333 0.000000 1.669425
0.466667 0.066667 0.060000 1.532186
0.533333 0.000000 0.120000 1.384757
0.533333 0.000000 0.180000 1.386378
0.466667 0.066667 0.120000 1.520472
0.400000 0.133333 0.060000 1.658689
0.333333 0.200000 0.000000 1.757628
0.533333 0.000000 0.240000 1.385234
0.466667 0.066667 0.180000 1.520757
0.400000 0.133333 0.120000 1.625175
0.333333 0.200000 0.060000 1.739031
0.266667 0.266667 0.000000 1.733551
0.533333 0.000000 0.300000 1.379628
0.466667 0.066667 0.240000 1.519612
0.400000 0.133333 0.180000 1.627664
0.333333 0.200000 0.120000 1.710253
0.266667 0.266667 0.060000 1.731676
0.200000 0.333333 0.000000 1.616485
0.133333 0.400000 0.000000 1.420756
0.200000 0.333333 0.060000 1.608696
0.266667 0.266667 0.120000 1.729338
0.333333 0.200000 0.180000 1.692823
0.400000 0.133333 0.240000 1.626036
0.466667 0.066667 0.300000 1.530533
0.066667 0.466667 0.000000 1.220273
0.133333 0.400000 0.060000 1.410952
0.200000 0.333333 0.120000 1.600907
0.266667 0.266667 0.180000 1.688354
0.333333 0.200000 0.240000 1.701954
0.400000 0.133333 0.300000 1.625243
0.000000 0.533333 0.000000 1.027265
0.066667 0.466667 0.060000 1.217945
0.133333 0.400000 0.120000 1.408625
0.200000 0.333333 0.180000 1.600348
0.266667 0.266667 0.240000 1.717302
0.333333 0.200000 0.300000 1.688923
0.266667 0.266667 0.300000 1.680565
0.200000 0.333333 0.240000 1.611357
0.133333 0.400000 0.180000 1.415448
0.066667 0.466667 0.120000 1.219922
0.000000 0.533333 0.060000 1.024937
0.200000 0.333333 0.300000 1.588947
0.133333 0.400000 0.240000 1.423180
0.066667 0.466667 0.180000 1.227654
0.000000 0.533333 0.120000 1.032128
0.133333 0.400000 0.300000 1.402856
0.066667 0.466667 0.240000 1.235386
0.000000 0.533333 0.180000 1.039860
0.066667 0.466667 0.300000 1.242210
0.000000 0.533333 0.240000 1.047592
0.000000 0.533333 0.300000 1.055324
0.600000 0.000000 0.000000 1.264292
0.533333 0.066667 0.000000 1.420937
0.600000 0.000000 0.060000 1.257308
0.600000 0.000000 0.120000 1.233083
0.533333 0.066667 0.060000 1.397917
0.466667 0.133333 0.000000 1.563706
0.400000 0.200000 0.000000 1.678068
0.466667 0.133333 0.060000 1.535592
0.533333 0.066667 0.120000 1.367242
0.600000 0.000000 0.180000 1.232493
0.600000 0.000000 0.240000 1.232238
0.533333 0.066667 0.180000 1.366352
0.466667 0.133333 0.120000 1.508465
0.400000 0.200000 0.060000 1.665912
0.333333 0.266667 0.000000 1.726687
0.600000 0.000000 0.300000 1.231983
0.533333 0.066667 0.240000 1.365207
0.466667 0.133333 0.180000 1.500730
0.400000 0.200000 0.120000 1.618318
0.333333 0.266667 0.060000 1.727560
0.266667 0.333333 0.000000 1.636586
0.533333 0.066667 0.300000 1.368701
0.466667 0.133333 0.240000 1.499585
0.400000 0.200000 0.180000 1.597855
0.333333 0.266667 0.120000 1.686216
0.266667 0.333333 0.060000 1.630076
0.200000 0.400000 0.000000 1.486940
0.133333 0.466667 0.000000 1.226683
0.200000 0.400000 0.060000 1.470541
0.266667 0.333333 0.120000 1.622286
0.333333 0.266667 0.180000 1.643358
0.400000 0.200000 0.240000 1.608991
0.466667 0.133333 0.300000 1.523665
0.066667 0.533333 0.000000 1.033675
0.133333 0.466667 0.060000 1.224355
0.200000 0.400000 0.120000 1.445611
0.266667 0.333333 0.180000 1.618568
0.333333 0.266667 0.240000 1.685072
0.400000 0.200000 0.300000 1.608361
0.000000 0.600000 0.000000 0.840667
0.066667 0.533333 0.060000 1.031347
0.133333 0.466667 0.120000 1.224611
0.200000 0.400000 0.180000 1.426231
0.266667 0.333333 0.240000 1.654188
0.333333 0.266667 0.300000 1.660484
0.266667 0.333333 0.300000 1.577077
0.200000 0.400000 0.240000 1.408813
0.133333 0.466667 0.180000 1.232343
0.066667 0.533333 0.120000 1.036818
0.000000 0.600000 0.060000 0.841292
0.200000 0.400000 0.300000 1.400740
0.133333 0.466667 0.240000 1.240075
0.066667 0.533333 0.180000 1.044549
0.000000 0.600000 0.120000 0.849023
0.133333 0.466667 0.300000 1.247807
0.066667 0.533333 0.240000 1.042760
0.000000 0.600000 0.180000 0.836604
0.066667 0.533333 0.300000 1.028456
0.000000 0.600000 0.240000 0.822300
0.000000 0.600000 0.300000 0.807996
0.666667 0.000000 0.000000 1.075547
0.733333 0.000000 0.000000 0.984913
0.800000 0.000000 0.000000 0.863870
0.866667 0.000000 0.000000 0.784707
0.933333 0.000000 0.000000 0.778729
1.000000 0.000000 0.000000 0.772751
0.600000 0.066667 0.000000 1.237293
0.666667 0.000000 0.060000 1.098663
0.533333 0.133333 0.000000 1.405216
0.600000 0.066667 0.060000 1.252810
0.666667 0.000000 0.120000 1.080677
0.666667 0.000000 0.180000 1.087458
0.600000 0.066667 0.120000 1.210803
0.533333 0.133333 0.060000 1.391223
0.466667 0.200000 0.000000 1.575753
0.400000 0.266667 0.000000 1.686712
0.466667 0.200000 0.060000 1.527941
0.533333 0.133333 0.120000 1.351966
0.600000 0.066667 0.180000 1.210457
0.666667 0.000000 0.240000 1.087203
0.666667 0.000000 0.300000 1.086948
0.600000 0.066667 0.240000 1.205195
0.533333 0.133333 0.180000 1.346325
0.466667 0.200000 0.120000 1.496843
0.400000 0.266667 0.060000 1.657923
0.333333 0.333333 0.000000 1.648379
0.600000 0.066667 0.300000 1.204940
0.533333 0.133333 0.240000 1.345180
0.466667 0.200000 0.180000 1.480495
0.400000 0.266667 0.120000 1.610329
0.333333 0.333333 0.060000 1.649489
0.266667 0.400000 0.000000 1.515926
0.533333 0.133333 0.300000 1.362779
0.466667 0.200000 0.240000 1.480045
0.400000 0.266667 0.180000 1.562926
0.333333 0.333333 0.120000 1.643666
0.266667 0.400000 0.060000 1.511331
0.200000 0.466667 0.000000 1.227795
0.133333 0.533333 0.000000 1.040085
0.200000 0.466667 0.060000 1.230765
0.266667 0.400000 0.120000 1.486402
0.333333 0.333333 0.180000 1.609977
0.400000 0.266667 0.240000 1.592110
0.466667 0.200000 0.300000 1.515399
0.066667 0.600000 0.000000 0.847077
0.133333 0.533333 0.060000 1.037757
0.200000 0.466667 0.120000 1.229301
0.266667 0.400000 0.180000 1.465737
0.333333 0.333333 0.240000 1.631037
0.400000 0.266667 0.300000 1.591480
0.000000 0.666667 0.000000 0.614418
0.066667 0.600000 0.060000 0.829667
0.133333 0.533333 0.120000 1.035822
0.200000 0.466667 0.180000 1.237033
0.266667 0.400000 0.240000 1.448318
0.333333 0.333333 0.300000 1.565208
0.266667 0.400000 0.300000 1.463602
0.200000 0.466667 0.240000 1.227673
0.133333 0.533333 0.180000 1.021518
0.066667 0.600000 0.120000 0.815363
0.000000 0.666667 0.060000 0.605314
0.200000 0.466667 0.300000 1.213369
0.133333 0.533333 0.240000 1.007214
0.066667 0.600000 0.180000 0.801059
0.000000 0.666667 0.120000 0.604268
0.133333 0.533333 0.300000 0.992910
0.066667 0.600000 0.240000 0.786755
0.000000 0.666667 0.180000 0.600450
0.066667 0.600000 0.300000 0.772451
0.000000 0.666667 0.240000 0.594592
0.000000 0.666667 0.300000 0.588732
0.666667 0.066667 0.000000 1.065820
0.733333 0.000000 0.060000 1.016616
0.733333 0.066667 0.000000 0.942823
0.800000 0.000000 0.060000 0.912545
0.800000 0.066667 0.000000 0.820832
0.866667 0.000000 0.060000 0.802094
0.866667 0.066667 0.000000 0.755623
0.933333 0.000000 0.060000 0.785391
1.000000 0.000000 0.060000 0.768688
0.933333 0.066667 0.000000 0.749646
1.000000 0.066667 0.000000 0.743668
0.600000 0.133333 0.000000 1.209227
0.666667 0.066667 0.060000 1.066646
0.733333 0.000000 0.120000 0.987469
0.533333 0.200000 0.000000 1.379140
0.600000 0.133333 0.060000 1.223018
0.666667 0.066667 0.120000 1.044219
0.733333 0.000000 0.180000 0.978483
0.733333 0.000000 0.240000 0.959660
0.666667 0.066667 0.180000 1.060415
0.600000 0.133333 0.120000 1.189410
0.533333 0.200000 0.060000 1.384529
0.466667 0.266667 0.000000 1.546140
0.400000 0.333333 0.000000 1.642481
0.466667 0.266667 0.060000 1.521247
0.533333 0.200000 0.120000 1.340345
0.600000 0.133333 0.180000 1.191900
0.666667 0.066667 0.240000 1.060160
0.733333 0.000000 0.300000 0.941914
0.666667 0.066667 0.300000 1.059905
0.600000 0.133333 0.240000 1.184888
0.533333 0.200000 0.180000 1.326060
0.466667 0.266667 0.120000 1.485222
0.400000 0.333333 0.060000 1.645251
0.333333 0.400000 0.000000 1.535668
0.600000 0.133333 0.300000 1.193025
0.533333 0.200000 0.240000 1.325153
0.466667 0.266667 0.180000 1.460220
0.400000 0.333333 0.120000 1.602339
0.333333 0.400000 0.060000 1.544241
0.266667 0.466667 0.000000 1.253831
0.533333 0.200000 0.300000 1.355911
0.466667 0.266667 0.240000 1.473177
0.400000 0.333333 0.180000 1.554745
0.333333 0.400000 0.120000 1.527192
0.266667 0.466667 0.060000 1.265723
0.200000 0.533333 0.000000 1.033527
0.133333 0.600000 0.000000 0.807641
0.200000 0.533333 0.060000 1.020283
0.266667 0.466667 0.120000 1.237298
0.333333 0.400000 0.180000 1.501819
0.400000 0.333333 0.240000 1.563756
0.466667 0.266667 0.300000 1.498517
0.066667 0.666667 0.000000 0.584549
0.133333 0.600000 0.060000 0.792037
0.200000 0.533333 0.120000 1.000276
0.266667 0.466667 0.180000 1.206432
0.333333 0.400000 0.240000 1.444831
0.400000 0.333333 0.300000 1.519026
0.000000 0.733333 0.000000 0.477492
0.066667 0.666667 0.060000 0.576729
0.133333 0.600000 0.120000 0.779817
0.200000 0.533333 0.180000 0.985973
0.266667 0.466667 0.240000 1.181785
0.333333 0.400000 0.300000 1.412196
0.266667 0.466667 0.300000 1.167793
0.200000 0.533333 0.240000 0.971669
0.133333 0.600000 0.180000 0.765513
0.066667 0.666667 0.120000 0.575684
0.000000 0.733333 0.060000 0.476292
0.200000 0.533333 0.300000 0.957365
0.133333 0.600000 0.240000 0.751210
0.066667 0.666667 0.180000 0.574639
0.000000 0.733333 0.120000 0.475247
0.133333 0.600000 0.300000 0.736718
0.066667 0.666667 0.240000 0.573594
0.000000 0.733333 0.180000 0.474202
0.066667 0.666667 0.300000 0.582027
0.000000 0.733333 0.240000 0.473157
0.000000 0.733333 0.300000 0.503977
0.666667 0.133333 0.000000 1.023426
0.733333 0.066667 0.060000 0.977169
0.800000 0.000000 0.120000 0.898659
0.733333 0.133333 0.000000 0.899785
0.800000 0.066667 0.060000 0.869035
0.866667 0.000000 0.120000 0.790525
0.800000 0.133333 0.000000 0.777794
0.866667 0.066667 0.060000 0.768278
0.933333 0.000000 0.120000 0.781097
0.866667 0.133333 0.000000 0.726540
0.933333 0.066667 0.060000 0.751576
1.000000 0.000000 0.120000 0.772769
1.000000 0.066667 0.060000 0.738787
0.933333 0.133333 0.000000 0.716361
1.000000 0.133333 0.000000 0.686349
0.600000 0.200000 0.000000 1.169479
0.666667 0.133333 0.060000 1.036206
0.733333 0.066667 0.120000 0.957697
0.800000 0.000000 0.180000 0.916769
0.533333 0.266667 0.000000 1.351073
0.600000 0.200000 0.060000 1.183138
0.666667 0.133333 0.120000 1.018539
0.733333 0.066667 0.180000 0.967530
0.800000 0.000000 0.240000 0.899229
0.800000 0.000000 0.300000 0.880405
0.733333 0.066667 0.240000 0.948706
0.666667 0.133333 0.180000 1.025665
0.600000 0.200000 0.120000 1.173735
0.533333 0.266667 0.060000 1.347875
0.466667 0.333333 0.000000 1.522107
0.400000 0.400000 0.000000 1.530414
0.466667 0.333333 0.060000 1.512192
0.533333 0.266667 0.120000 1.327039
0.600000 0.200000 0.180000 1.167574
0.666667 0.133333 0.240000 1.032999
0.733333 0.066667 0.300000 0.929882
0.666667 0.133333 0.300000 1.039786
0.600000 0.200000 0.240000 1.166835
0.533333 0.266667 0.180000 1.305784
0.466667 0.333333 0.120000 1.473600
0.400000 0.400000 0.060000 1.564682
0.333333 0.466667 0.000000 1.284672
0.600000 0.200000 0.300000 1.191958
0.533333 0.266667 0.240000 1.312291
0.466667 0.333333 0.180000 1.432559
0.400000 0.400000 0.120000 1.524596
0.333333 0.466667 0.060000 1.291561
0.266667 0.533333 0.000000 0.983990
0.533333 0.266667 0.300000 1.324476
0.466667 0.333333 0.240000 1.408485
0.400000 0.400000 0.180000 1.446779
0.333333 0.466667 0.120000 1.237903
0.266667 0.533333 0.060000 0.986315
0.200000 0.600000 0.000000 0.748411
0.133333 0.666667 0.000000 0.557418
0.200000 0.600000 0.060000 0.743851
0.266667 0.533333 0.120000 0.964731
0.333333 0.466667 0.180000 1.189831
0.400000 0.400000 0.240000 1.359056
0.466667 0.333333 0.300000 1.376429
0.066667 0.733333 0.000000 0.447794
0.133333 0.666667 0.060000 0.548145
0.200000 0.600000 0.120000 0.732786
0.266667 0.533333 0.180000 0.950427
0.333333 0.466667 0.240000 1.143682
0.400000 0.400000 0.300000 1.289185
0.000000 0.800000 0.000000 0.339951
0.066667 0.733333 0.060000 0.446213
0.133333 0.666667 0.120000 0.547100
0.200000 0.600000 0.180000 0.723296
0.266667 0.533333 0.240000 0.936123
0.333333 0.466667 0.300000 1.166464
0.266667 0.533333 0.300000 0.901798
0.200000 0.600000 0.240000 0.713807
0.133333 0.666667 0.180000 0.546055
0.066667 0.733333 0.120000 0.446663
0.000000 0.800000 0.060000 0.340709
0.200000 0.600000 0.300000 0.702896
0.133333 0.666667 0.240000 0.545010
0.066667 0.733333 0.180000 0.445618
0.000000 0.800000 0.120000 0.341467
0.133333 0.666667 0.300000 0.542820
0.066667 0.733333 0.240000 0.451068
0.000000 0.800000 0.180000 0.342225
0.066667 0.733333 0.300000 0.463824
0.000000 0.800000 0.240000 0.376902
0.000000 0.800000 0.300000 0.384829
0.666667 0.200000 0.000000 0.979704
0.733333 0.133333 0.060000 0.928072
0.800000 0.066667 0.120000 0.849562
0.866667 0.000000 0.180000 0.814493
0.733333 0.200000 0.000000 0.856747
0.800000 0.133333 0.060000 0.819937
0.866667 0.066667 0.120000 0.747131
0.933333 0.000000 0.180000 0.770333
0.800000 0.200000 0.000000 0.734756
0.866667 0.133333 0.060000 0.731470
0.933333 0.066667 0.120000 0.738804
1.000000 0.000000 0.180000 0.756029
0.866667 0.200000 0.000000 0.673742
0.933333 0.133333 0.060000 0.700396
1.000000 0.066667 0.120000 0.719006
1.000000 0.133333 0.060000 0.668305
0.933333 0.200000 0.000000 0.643730
1.000000 0.200000 0.000000 0.596063
0.600000 0.266667 0.000000 1.102171
0.666667 0.200000 0.060000 0.987109
0.733333 0.133333 0.120000 0.908599
0.800000 0.066667 0.180000 0.870547
0.866667 0.000000 0.240000 0.838797
0.533333 0.333333 0.000000 1.308681
0.600000 0.266667 0.060000 1.121522
0.666667 0.200000 0.120000 0.969668
0.733333 0.133333 0.180000 0.918348
0.800000 0.066667 0.240000 0.883530
0.866667 0.000000 0.300000 0.809615
0.800000 0.066667 0.300000 0.852688
0.733333 0.133333 0.240000 0.915739
0.666667 0.200000 0.180000 0.975676
0.600000 0.266667 0.120000 1.136503
0.533333 0.333333 0.060000 1.297192
0.466667 0.400000 0.000000 1.406770
0.400000 0.466667 0.000000 1.210178
0.466667 0.400000 0.060000 1.405103
0.533333 0.333333 0.120000 1.274368
0.600000 0.266667 0.180000 1.109509
0.666667 0.200000 0.240000 0.967258
0.733333 0.133333 0.300000 0.882822
0.666667 0.200000 0.300000 0.960249
0.600000 0.266667 0.240000 1.065095
0.533333 0.333333 0.180000 1.219328
0.466667 0.400000 0.120000 1.361654
0.400000 0.466667 0.060000 1.255063
0.333333 0.533333 0.000000 0.911084
0.600000 0.266667 0.300000 1.084583
0.533333 0.333333 0.240000 1.192073
0.466667 0.400000 0.180000 1.277294
0.400000 0.466667 0.120000 1.223425
0.333333 0.533333 0.060000 0.934720
0.266667 0.600000 0.000000 0.682517
0.533333 0.333333 0.300000 1.182506
0.466667 0.400000 0.240000 1.212167
0.400000 0.466667 0.180000 1.176878
0.333333 0.533333 0.120000 0.914513
0.266667 0.600000 0.060000 0.688573
0.200000 0.666667 0.000000 0.526940
0.133333 0.733333 0.000000 0.412716
0.200000 0.666667 0.060000 0.510984
0.266667 0.600000 0.120000 0.683374
0.333333 0.533333 0.180000 0.903000
0.400000 0.466667 0.240000 1.086624
0.466667 0.400000 0.300000 1.122331
0.066667 0.800000 0.000000 0.297801
0.133333 0.733333 0.060000 0.413328
0.200000 0.666667 0.120000 0.518515
0.266667 0.600000 0.180000 0.657045
0.333333 0.533333 0.240000 0.866605
0.400000 0.466667 0.300000 1.010546
0.000000 0.866667 0.000000 0.240547
0.066667 0.800000 0.060000 0.307825
0.133333 0.733333 0.120000 0.414087
0.200000 0.666667 0.180000 0.502330
0.266667 0.600000 0.240000 0.627808
0.333333 0.533333 0.300000 0.831499
0.266667 0.600000 0.300000 0.678036
0.200000 0.666667 0.240000 0.490564
0.133333 0.733333 0.180000 0.414845
0.066667 0.800000 0.120000 0.308583
0.000000 0.866667 0.060000 0.230122
0.200000 0.666667 0.300000 0.502667
0.133333 0.733333 0.240000 0.447227
0.066667 0.800000 0.180000 0.309341
0.000000 0.866667 0.120000 0.218194
0.133333 0.733333 0.300000 0.423671
0.066667 0.800000 0.240000 0.369147
0.000000 0.866667 0.180000 0.227554
0.066667 0.800000 0.300000 0.341027
0.000000 0.866667 0.240000 0.291067
0.000000 0.866667 0.300000 0.256965
0.666667 0.266667 0.000000 0.935700
0.733333 0.200000 0.060000 0.878975
0.800000 0.133333 0.120000 0.800465
0.866667 0.066667 0.180000 0.751172
0.933333 0.000000 0.240000 0.765237
0.733333 0.266667 0.000000 0.761551
0.800000 0.200000 0.060000 0.735407
0.866667 0.133333 0.120000 0.698077
0.933333 0.066667 0.180000 0.723950
1.000000 0.000000 0.240000 0.745484
0.800000 0.266667 0.000000 0.610893
0.866667 0.200000 0.060000 0.650774
0.933333 0.133333 0.120000 0.664720
1.000000 0.066667 0.180000 0.712089
0.866667 0.266667 0.000000 0.554808
0.933333 0.200000 0.060000 0.619323
1.000000 0.133333 0.120000 0.631363
1.000000 0.200000 0.060000 0.593671
0.933333 0.266667 0.000000 0.498723
1.000000 0.266667 0.000000 0.442639
0.600000 0.333333 0.000000 0.997601
0.666667 0.266667 0.060000 0.915055
0.733333 0.200000 0.120000 0.854064
0.800000 0.133333 0.180000 0.791360
0.866667 0.066667 0.240000 0.778201
0.933333 0.000000 0.300000 0.789943
0.533333 0.400000 0.000000 1.092434
0.600000 0.333333 0.060000 0.964125
0.666667 0.266667 0.120000 0.859263
0.733333 0.200000 0.180000 0.812574
0.800000 0.133333 0.240000 0.827428
0.866667 0.066667 0.300000 0.770363
0.800000 0.133333 0.300000 0.771597
0.733333 0.200000 0.240000 0.841758
0.666667 0.266667 0.180000 0.834012
0.600000 0.333333 0.120000 0.934507
0.533333 0.400000 0.060000 1.068296
0.466667 0.466667 0.000000 0.959549
0.400000 0.533333 0.000000 0.713954
0.466667 0.466667 0.060000 1.017895
0.533333 0.400000 0.120000 1.053035
0.600000 0.333333 0.180000 0.938354
0.666667 0.266667 0.240000 0.854014
0.733333 0.200000 0.300000 0.791113
0.666667 0.266667 0.300000 0.845845
0.600000 0.333333 0.240000 0.940345
0.533333 0.400000 0.180000 0.994054
0.466667 0.466667 0.120000 1.048831
0.400000 0.533333 0.060000 0.748505
0.333333 0.600000 0.000000 0.493425
0.600000 0.333333 0.300000 0.952835
0.533333 0.400000 0.240000 0.973204
0.466667 0.466667 0.180000 0.973243
0.400000 0.533333 0.120000 0.756464
0.333333 0.600000 0.060000 0.521830
0.266667 0.666667 0.000000 0.395519
0.533333 0.400000 0.300000 0.922416
0.466667 0.466667 0.240000 0.873710
0.400000 0.533333 0.180000 0.712759
0.333333 0.600000 0.120000 0.510134
0.266667 0.666667 0.060000 0.395817
0.200000 0.733333 0.000000 0.334618
0.133333 0.800000 0.000000 0.281000
0.200000 0.733333 0.060000 0.325693
0.266667 0.666667 0.120000 0.384114
0.333333 0.600000 0.180000 0.481199
0.400000 0.533333 0.240000 0.664135
0.466667 0.466667 0.300000 0.804229
0.066667 0.866667 0.000000 0.246938
0.133333 0.800000 0.060000 0.282855
0.200000 0.733333 0.120000 0.315199
0.266667 0.666667 0.180000 0.373367
0.333333 0.600000 0.240000 0.453392
0.400000 0.533333 0.300000 0.677389
0.000000 0.933333 0.000000 0.212477
0.066667 0.866667 0.060000 0.249211
0.133333 0.800000 0.120000 0.259246
0.200000 0.733333 0.180000 0.300230
0.266667 0.666667 0.240000 0.392242
0.333333 0.600000 0.300000 0.535151
0.266667 0.666667 0.300000 0.384633
0.200000 0.733333 0.240000 0.354689
0.133333 0.800000 0.180000 0.258798
0.066667 0.866667 0.120000 0.247867
0.000000 0.933333 0.060000 0.215566
0.200000 0.733333 0.300000 0.344595
0.133333 0.800000 0.240000 0.317662
0.066667 0.866667 0.180000 0.244815
0.000000 0.933333 0.120000 0.210322
0.133333 0.800000 0.300000 0.296574
0.066667 0.866667 0.240000 0.259230
0.000000 0.933333 0.180000 0.209797
0.066667 0.866667 0.300000 0.212512
0.000000 0.933333 0.240000 0.200135
0.000000 0.933333 0.300000 0.166105
0.666667 0.333333 0.000000 0.738594
0.733333 0.266667 0.060000 0.740605
0.800000 0.200000 0.120000 0.679614
0.866667 0.133333 0.180000 0.677608
0.933333 0.066667 0.240000 0.718141
1.000000 0.000000 0.300000 0.775499
0.733333 0.333333 0.000000 0.525209
0.800000 0.266667 0.060000 0.596488
0.866667 0.200000 0.120000 0.610434
0.933333 0.133333 0.180000 0.662255
1.000000 0.066667 0.240000 0.704248
0.800000 0.333333 0.000000 0.457469
0.866667 0.266667 0.060000 0.560336
0.933333 0.200000 0.120000 0.577078
1.000000 0.133333 0.180000 0.646901
0.866667 0.333333 0.000000 0.400352
0.933333 0.266667 0.060000 0.507640
1.000000 0.200000 0.120000 0.543721
1.000000 0.266667 0.060000 0.455916
0.933333 0.333333 0.000000 0.343614
1.000000 0.333333 0.000000 0.304277
0.600000 0.400000 0.000000 0.734656
0.666667 0.333333 0.060000 0.728703
0.733333 0.266667 0.120000 0.684813
0.800000 0.200000 0.180000 0.651500
0.866667 0.133333 0.240000 0.691428
0.933333 0.066667 0.300000 0.746371
0.533333 0.466667 0.000000 0.597398
0.600000 0.400000 0.060000 0.703866
0.666667 0.333333 0.120000 0.690012
0.733333 0.266667 0.180000 0.656807
0.800000 0.200000 0.240000 0.708646
0.866667 0.133333 0.300000 0.722177
0.800000 0.200000 0.300000 0.692668
0.733333 0.266667 0.240000 0.732444
0.666667 0.333333 0.180000 0.662837
0.600000 0.400000 0.120000 0.658365
0.533333 0.466667 0.060000 0.616059
0.466667 0.533333 0.000000 0.356434
0.400000 0.600000 0.000000 0.215673
0.466667 0.533333 0.060000 0.372728
0.533333 0.466667 0.120000 0.614733
0.600000 0.400000 0.180000 0.651670
0.666667 0.333333 0.240000 0.734491
0.733333 0.266667 0.300000 0.697608
0.666667 0.333333 0.300000 0.699187
0.600000 0.400000 0.240000 0.736896
0.533333 0.466667 0.180000 0.632695
0.466667 0.533333 0.120000 0.399420
0.400000 0.600000 0.060000 0.238415
0.333333 0.666667 0.000000 0.188514
0.600000 0.400000 0.300000 0.714873
0.533333 0.466667 0.240000 0.562406
0.466667 0.533333 0.180000 0.417706
0.400000 0.600000 0.120000 0.269400
0.333333 0.666667 0.060000 0.189864
0.266667 0.733333 0.000000 0.219147
0.533333 0.466667 0.300000 0.527315
0.466667 0.533333 0.240000 0.346667
0.400000 0.600000 0.180000 0.241306
0.333333 0.666667 0.120000 0.224292
0.266667 0.733333 0.060000 0.213638
0.200000 0.800000 0.000000 0.225779
0.133333 0.866667 0.000000 0.230611
0.200000 0.800000 0.060000 0.219061
0.266667 0.733333 0.120000 0.196798
0.333333 0.666667 0.180000 0.199670
0.400000 0.600000 0.240000 0.251815
0.466667 0.533333 0.300000 0.403092
0.066667 0.933333 0.000000 0.218377
0.133333 0.866667 0.060000 0.214104
0.200000 0.800000 0.120000 0.190758
0.266667 0.733333 0.180000 0.184666
0.333333 0.666667 0.240000 0.229049
0.400000 0.600000 0.300000 0.316441
0.000000 1.000000 0.000000 0.184887
0.066667 0.933333 0.060000 0.208065
0.133333 0.866667 0.120000 0.192759
0.200000 0.800000 0.180000 0.194729
0.266667 0.733333 0.240000 0.217970
0.333333 0.666667 0.300000 0.234168
0.266667 0.733333 0.300000 0.205082
0.200000 0.800000 0.240000 0.202388
0.133333 0.866667 0.180000 0.205452
0.066667 0.933333 0.120000 0.206369
0.000000 1.000000 0.060000 0.188821
0.200000 0.800000 0.300000 0.203033
0.133333 0.866667 0.240000 0.210639
0.066667 0.933333 0.180000 0.215965
0.000000 1.000000 0.120000 0.209544
0.133333 0.866667 0.300000 0.213233
0.066667 0.933333 0.240000 0.220838
0.000000 1.000000 0.180000 0.209019
0.066667 0.933333 0.300000 0.189189
0.000000 1.000000 0.240000 0.186384
0.000000 1.000000 0.300000 0.152353
0.666667 0.400000 0.000000 0.442604
0.733333 0.333333 0.060000 0.532765
0.800000 0.266667 0.120000 0.556149
0.866667 0.200000 0.180000 0.607228
0.933333 0.133333 0.240000 0.678331
1.000000 0.066667 0.300000 0.726756
0.733333 0.400000 0.000000 0.293798
0.800000 0.333333 0.060000 0.448769
0.866667 0.266667 0.120000 0.522792
0.933333 0.200000 0.180000 0.591875
1.000000 0.133333 0.240000 0.667686
0.800000 0.400000 0.000000 0.229809
0.866667 0.333333 0.060000 0.394327
0.933333 0.266667 0.120000 0.489435
1.000000 0.200000 0.180000 0.576631
0.866667 0.400000 0.000000 0.168398
0.933333 0.333333 0.060000 0.348226
1.000000 0.266667 0.120000 0.441364
1.000000 0.333333 0.060000 0.316780
0.933333 0.400000 0.000000 0.154726
1.000000 0.400000 0.000000 0.162074
0.600000 0.466667 0.000000 0.228032
0.666667 0.400000 0.060000 0.480681
0.733333 0.333333 0.120000 0.504017
0.800000 0.266667 0.180000 0.552202
0.866667 0.200000 0.240000 0.652414
0.933333 0.133333 0.300000 0.695272
0.533333 0.533333 0.000000 -0.031010
0.600000 0.466667 0.060000 0.226153
0.666667 0.400000 0.120000 0.399795
0.733333 0.333333 0.180000 0.511352
0.800000 0.266667 0.240000 0.615538
0.866667 0.200000 0.300000 0.669563
0.800000 0.266667 0.300000 0.597389
0.733333 0.333333 0.240000 0.551191
0.666667 0.400000 0.180000 0.382668
0.600000 0.466667 0.120000 0.193422
0.533333 0.533333 0.060000 -0.010166
0.466667 0.600000 0.000000 -0.136604
0.400000 0.666667 0.000000 -0.001406
0.466667 0.600000 0.060000 -0.145078
0.533333 0.533333 0.120000 0.000888
0.600000 0.466667 0.180000 0.237859
0.666667 0.400000 0.240000 0.421651
0.733333 0.333333 0.300000 0.491461
0.666667 0.400000 0.300000 0.443038
0.600000 0.466667 0.240000 0.248949
0.533333 0.533333 0.180000 0.038702
0.466667 0.600000 0.120000 -0.144894
0.400000 0.666667 0.060000 -0.013844
0.333333 0.733333 0.000000 0.070930
0.600000 0.466667 0.300000 0.278881
0.533333 0.533333 0.240000 0.073053
0.466667 0.600000 0.180000 -0.094154
0.400000 0.666667 0.120000 -0.020271
0.333333 0.733333 0.060000 0.071076
0.266667 0.800000 0.000000 0.110286
0.533333 0.533333 0.300000 0.127723
0.466667 0.600000 0.240000 -0.021722
0.400000 0.666667 0.180000 -0.009989
0.333333 0.733333 0.120000 0.069766
0.266667 0.800000 0.060000 0.105736
0.200000 0.866667 0.000000 0.136803
0.133333 0.933333 0.000000 0.140694
0.200000 0.866667 0.060000 0.127613
0.266667 0.800000 0.120000 0.111218
0.333333 0.733333 0.180000 0.071590
0.400000 0.666667 0.240000 0.002201
0.466667 0.600000 0.300000 0.037937
0.066667 1.000000 0.000000 0.144585
0.133333 0.933333 0.060000 0.134993
0.200000 0.866667 0.120000 0.142277
0.266667 0.800000 0.180000 0.107322
0.333333 0.733333 0.240000 0.070057
0.400000 0.666667 0.300000 0.016314
0.066667 1.000000 0.060000 0.153918
0.133333 0.933333 0.120000 0.155888
0.200000 0.866667 0.180000 0.143054
0.266667 0.800000 0.240000 0.106204
0.333333 0.733333 0.300000 0.069857
0.266667 0.800000 0.300000 0.106004
0.200000 0.866667 0.240000 0.142351
0.133333 0.933333 0.180000 0.170152
0.066667 1.000000 0.120000 0.169498
0.200000 0.866667 0.300000 0.142150
0.133333 0.933333 0.240000 0.173101
0.066667 1.000000 0.180000 0.180665
0.133333 0.933333 0.300000 0.175695
0.066667 1.000000 0.240000 0.183301
0.066667 1.000000 0.300000 0.175438
0.666667 0.466667 0.000000 0.069256
0.733333 0.400000 0.060000 0.321372
0.800000 0.333333 0.120000 0.435473
0.866667 0.266667 0.180000 0.536849
0.933333 0.200000 0.240000 0.639984
1.000000 0.133333 0.300000 0.688872
0.733333 0.466667 0.000000 0.002938
0.800000 0.400000 0.060000 0.239166
0.866667 0.333333 0.120000 0.380628
0.933333 0.266667 0.180000 0.522401
1.000000 0.200000 0.240000 0.631392
0.800000 0.466667 0.000000 -0.052564
0.866667 0.400000 0.060000 0.174943
0.933333 0.333333 0.120000 0.319757
1.000000 0.266667 0.180000 0.511929
0.866667 0.466667 0.000000 -0.050122
0.933333 0.400000 0.060000 0.126408
1.000000 0.333333 0.120000 0.310126
1.000000 0.400000 0.060000 0.128850
0.933333 0.466667 0.000000 -0.047681
1.000000 0.466667 0.000000 -0.045239
0.600000 0.533333 0.000000 -0.272672
0.666667 0.466667 0.060000 0.043191
0.733333 0.400000 0.120000 0.260540
0.800000 0.333333 0.180000 0.460583
0.866667 0.266667 0.240000 0.599617
0.933333 0.200000 0.300000 0.623829
0.533333 0.600000 0.000000 -0.432598
0.600000 0.533333 0.060000 -0.277871
0.666667 0.466667 0.120000 0.007778
0.733333 0.400000 0.180000 0.266344
0.800000 0.333333 0.240000 0.472771
0.866667 0.266667 0.300000 0.536836
0.800000 0.333333 0.300000 0.425171
0.733333 0.400000 0.240000 0.270723
0.666667 0.466667 0.180000 0.050915
0.600000 0.533333 0.120000 -0.249633
0.533333 0.600000 0.060000 -0.445448
0.466667 0.666667 0.000000 -0.297689
0.400000 0.733333 0.000000 -0.162615
0.466667 0.666667 0.060000 -0.310251
0.533333 0.600000 0.120000 -0.457519
0.600000 0.533333 0.180000 -0.223557
0.666667 0.466667 0.240000 0.036487
0.733333 0.400000 0.300000 0.287763
0.666667 0.466667 0.300000 0.087041
0.600000 0.533333 0.240000 -0.192205
0.533333 0.600000 0.180000 -0.380892
0.466667 0.666667 0.120000 -0.324377
0.400000 0.733333 0.060000 -0.175053
0.333333 0.800000 0.000000 -0.046655
0.600000 0.533333 0.300000 -0.130739
0.533333 0.600000 0.240000 -0.249023
0.466667 0.666667 0.180000 -0.256693
0.400000 0.733333 0.120000 -0.184465
0.333333 0.800000 0.060000 -0.049656
0.266667 0.866667 0.000000 0.007560
0.533333 0.600000 0.300000 -0.191958
0.466667 0.666667 0.240000 -0.240645
0.400000 0.733333 0.180000 -0.108730
0.333333 0.800000 0.120000 -0.031446
0.266667 0.866667 0.060000 0.000954
0.200000 0.933333 0.000000 0.064724
0.133333 1.000000 0.000000 0.110568
0.200000 0.933333 0.060000 0.052988
0.266667 0.866667 0.120000 0.023806
0.333333 0.800000 0.180000 0.014714
0.400000 0.733333 0.240000 -0.114989
0.466667 0.666667 0.300000 -0.197560
0.133333 1.000000 0.060000 0.094195
0.200000 0.933333 0.120000 0.079057
0.266667 0.866667 0.180000 0.046036
0.333333 0.800000 0.240000 0.007465
0.400000 0.733333 0.300000 -0.127158
0.133333 1.000000 0.120000 0.119005
0.200000 0.933333 0.180000 0.080121
0.266667 0.866667 0.240000 0.043612
0.333333 0.800000 0.300000 -0.002415
0.266667 0.866667 0.300000 0.043412
0.200000 0.933333 0.240000 0.079759
0.133333 1.000000 0.180000 0.116107
0.200000 0.933333 0.300000 0.079559
0.133333 1.000000 0.240000 0.115906
0.133333 1.000000 0.300000 0.115706
0.666667 0.533333 0.000000 -0.302602
0.733333 0.466667 0.060000 -0.018245
0.800000 0.400000 0.120000 0.186847
0.866667 0.333333 0.180000 0.413678
0.933333 0.266667 0.240000 0.536411
1.000000 0.200000 0.300000 0.562711
0.733333 0.533333 0.000000 -0.275411
0.800000 0.466667 0.060000 -0.079741
0.866667 0.400000 0.120000 0.155057
0.933333 0.333333 0.180000 0.336739
1.000000 0.266667 0.240000 0.489272
0.800000 0.533333 0.000000 -0.272970
0.866667 0.466667 0.060000 -0.096439
0.933333 0.400000 0.120000 0.135271
1.000000 0.333333 0.180000 0.280906
0.866667 0.533333 0.000000 -0.270529
0.933333 0.466667 0.060000 -0.093998
1.000000 0.400000 0.120000 0.143043
1.000000 0.466667 0.060000 -0.091557
0.933333 0.533333 0.000000 -0.268087
1.000000 0.533333 0.000000 -0.265646
0.600000 0.600000 0.000000 -0.617496
0.666667 0.533333 0.060000 -0.275657
0.733333 0.466667 0.120000 -0.053659
0.800000 0.400000 0.180000 0.202117
0.866667 0.333333 0.240000 0.396537
0.933333 0.266667 0.300000 0.491663
0.533333 0.666667 0.000000 -0.572418
0.600000 0.600000 0.060000 -0.649518
0.666667 0.533333 0.120000 -0.310433
0.733333 0.466667 0.180000 -0.014470
0.800000 0.400000 0.240000 0.202962
0.866667 0.333333 0.300000 0.373565
0.800000 0.400000 0.300000 0.224292
0.733333 0.466667 0.240000 -0.010236
0.666667 0.533333 0.180000 -0.258724
0.600000 0.600000 0.120000 -0.599193
0.533333 0.666667 0.060000 -0.570784
0.466667 0.733333 0.000000 -0.407166
0.400000 0.800000 0.000000 -0.241914
0.466667 0.733333 0.060000 -0.399756
0.533333 0.666667 0.120000 -0.547640
0.600000 0.600000 0.180000 -0.461097
0.666667 0.533333 0.240000 -0.241290
0.733333 0.466667 0.300000 0.009666
0.666667 0.533333 0.300000 -0.227038
0.600000 0.600000 0.240000 -0.432404
0.533333 0.666667 0.180000 -0.521170
0.466667 0.733333 0.120000 -0.398786
0.400000 0.800000 0.060000 -0.237886
0.333333 0.866667 0.000000 -0.072139
0.600000 0.600000 0.300000 -0.340905
0.533333 0.666667 0.240000 -0.476694
0.466667 0.733333 0.180000 -0.373207
0.400000 0.800000 0.120000 -0.249932
0.333333 0.866667 0.060000 -0.088849
0.266667 0.933333 0.000000 0.015379
0.533333 0.666667 0.300000 -0.391160
0.466667 0.733333 0.240000 -0.337688
0.400000 0.800000 0.180000 -0.225244
0.333333 0.866667 0.120000 -0.106441
0.266667 0.933333 0.060000 -0.001228
0.200000 1.000000 0.000000 0.069391
0.200000 1.000000 0.060000 0.050559
0.266667 0.933333 0.120000 -0.029808
0.333333 0.866667 0.180000 -0.077281
0.400000 0.800000 0.240000 -0.203973
0.466667 0.733333 0.300000 -0.340894
0.200000 1.000000 0.120000 0.012492
0.266667 0.933333 0.180000 -0.009820
0.333333 0.866667 0.240000 -0.079229
0.400000 0.800000 0.300000 -0.216151
0.200000 1.000000 0.180000 0.021939
0.266667 0.933333 0.240000 -0.018979
0.333333 0.866667 0.300000 -0.091408
0.266667 0.933333 0.300000 -0.019180
0.200000 1.000000 0.240000 0.017168
0.200000 1.000000 0.300000 0.016967
0.666667 0.600000 0.000000 -0.631840
0.733333 0.533333 0.060000 -0.319862
0.800000 0.466667 0.120000 -0.091166
0.866667 0.400000 0.180000 0.154870
0.933333 0.333333 0.240000 0.326047
1.000000 0.266667 0.300000 0.439663
0.733333 0.600000 0.000000 -0.546905
0.800000 0.533333 0.060000 -0.319287
0.866667 0.466667 0.120000 -0.074481
0.933333 0.400000 0.180000 0.116020
1.000000 0.333333 0.240000 0.271687
0.800000 0.600000 0.000000 -0.493376
0.866667 0.533333 0.060000 -0.316845
0.933333 0.466667 0.120000 -0.074974
1.000000 0.400000 0.180000 0.099912
0.866667 0.600000 0.000000 -0.490935
0.933333 0.533333 0.060000 -0.312457
1.000000 0.466667 0.120000 -0.071999
1.000000 0.533333 0.060000 -0.274153
0.933333 0.600000 0.000000 -0.488494
1.000000 0.600000 0.000000 -0.483696
0.600000 0.666667 0.000000 -0.668610
0.666667 0.600000 0.060000 -0.601985
0.733333 0.533333 0.120000 -0.317744
0.800000 0.466667 0.180000 -0.064721
0.866667 0.400000 0.240000 0.148998
0.933333 0.333333 0.300000 0.321958
0.533333 0.733333 0.000000 -0.575810
0.600000 0.666667 0.060000 -0.696947
0.666667 0.600000 0.120000 -0.525672
0.733333 0.533333 0.180000 -0.272172
0.800000 0.466667 0.240000 -0.026694
0.866667 0.400000 0.300000 0.160822
0.800000 0.466667 0.300000 -0.008900
0.733333 0.533333 0.240000 -0.257748
0.666667 0.600000 0.180000 -0.505102
0.600000 0.666667 0.120000 -0.669062
0.533333 0.733333 0.060000 -0.594533
0.466667 0.800000 0.000000 -0.426356
0.400000 0.866667 0.000000 -0.261104
0.466667 0.800000 0.060000 -0.432206
0.533333 0.733333 0.120000 -0.571343
0.600000 0.666667 0.180000 -0.669015
0.666667 0.600000 0.240000 -0.484501
0.733333 0.533333 0.300000 -0.239954
0.666667 0.600000 0.300000 -0.460258
0.600000 0.666667 0.240000 -0.629244
0.533333 0.733333 0.180000 -0.555518
0.466667 0.800000 0.120000 -0.422490
0.400000 0.866667 0.060000 -0.283352
0.333333 0.933333 0.000000 -0.104819
0.600000 0.666667 0.300000 -0.552713
0.533333 0.733333 0.240000 -0.555963
0.466667 0.800000 0.180000 -0.412825
0.400000 0.866667 0.120000 -0.273636
0.333333 0.933333 0.060000 -0.134498
0.266667 1.000000 0.000000 0.015175
0.533333 0.733333 0.300000 -0.542401
0.466667 0.800000 0.240000 -0.413270
0.400000 0.866667 0.180000 -0.270132
0.333333 0.933333 0.120000 -0.125799
0.266667 1.000000 0.060000 -0.002348
0.266667 1.000000 0.120000 -0.017768
0.333333 0.933333 0.180000 -0.127439
0.400000 0.866667 0.240000 -0.270577
0.466667 0.800000 0.300000 -0.408231
0.266667 1.000000 0.180000 -0.028112
0.333333 0.933333 0.240000 -0.126112
0.400000 0.866667 0.300000 -0.276981
0.266667 1.000000 0.240000 -0.035324
0.333333 0.933333 0.300000 -0.145731
0.266667 1.000000 0.300000 -0.040594
0.666667 0.666667 0.000000 -0.725450
0.733333 0.600000 0.060000 -0.541774
0.800000 0.533333 0.120000 -0.284233
0.866667 0.466667 0.180000 -0.087782
0.933333 0.400000 0.240000 0.140481
1.000000 0.333333 0.300000 0.270352
0.733333 0.666667 0.000000 -0.722949
0.800000 0.600000 0.060000 -0.539693
0.866667 0.533333 0.120000 -0.270777
0.933333 0.466667 0.180000 -0.093617
1.000000 0.400000 0.240000 0.133333
0.800000 0.666667 0.000000 -0.689124
0.866667 0.600000 0.060000 -0.505606
0.933333 0.533333 0.120000 -0.265528
1.000000 0.466667 0.180000 -0.088368
0.866667 0.666667 0.000000 -0.643270
0.933333 0.600000 0.060000 -0.455918
1.000000 0.533333 0.120000 -0.260279
1.000000 0.600000 0.060000 -0.456573
0.933333 0.666667 0.000000 -0.635092
1.000000 0.666667 0.000000 -0.626914
0.600000 0.733333 0.000000 -0.670785
0.666667 0.666667 0.060000 -0.738389
0.733333 0.600000 0.120000 -0.469723
0.800000 0.533333 0.180000 -0.291583
0.866667 0.466667 0.240000 -0.042519
0.933333 0.400000 0.300000 0.134802
0.533333 0.800000 0.000000 -0.577986
0.600000 0.733333 0.060000 -0.698717
0.666667 0.666667 0.120000 -0.683678
0.733333 0.600000 0.180000 -0.506882
0.800000 0.533333 0.240000 -0.274205
0.866667 0.466667 0.300000 -0.025358
0.800000 0.533333 0.300000 -0.256412
0.733333 0.600000 0.240000 -0.505259
0.666667 0.666667 0.180000 -0.666518
0.600000 0.733333 0.120000 -0.686171
0.533333 0.800000 0.060000 -0.594686
0.466667 0.866667 0.000000 -0.448704
0.400000 0.933333 0.000000 -0.291178
0.466667 0.866667 0.060000 -0.455909
0.533333 0.800000 0.120000 -0.591962
0.600000 0.733333 0.180000 -0.673948
0.666667 0.666667 0.240000 -0.647110
0.733333 0.600000 0.300000 -0.487465
0.666667 0.666667 0.300000 -0.625026
0.600000 0.733333 0.240000 -0.678870
0.533333 0.800000 0.180000 -0.567491
0.466667 0.866667 0.120000 -0.442073
0.400000 0.933333 0.060000 -0.307055
0.333333 1.000000 0.000000 -0.148910
0.600000 0.733333 0.300000 -0.669855
0.533333 0.800000 0.240000 -0.567935
0.466667 0.866667 0.180000 -0.424797
0.400000 0.933333 0.120000 -0.292184
0.333333 1.000000 0.060000 -0.158201
0.533333 0.800000 0.300000 -0.564290
0.466667 0.866667 0.240000 -0.425242
0.400000 0.933333 0.180000 -0.282104
0.333333 1.000000 0.120000 -0.142295
0.333333 1.000000 0.180000 -0.139411
0.400000 0.933333 0.240000 -0.282549
0.466667 0.866667 0.300000 -0.414605
0.333333 1.000000 0.240000 -0.137167
0.400000 0.933333 0.300000 -0.268692
0.333333 1.000000 0.300000 -0.137442
0.666667 0.733333 0.000000 -0.732482
0.733333 0.666667 0.060000 -0.729553
0.800000 0.600000 0.120000 -0.464306
0.866667 0.533333 0.180000 -0.287146
0.933333 0.466667 0.240000 -0.055967
1.000000 0.400000 0.300000 0.119462
0.733333 0.733333 0.000000 -0.753021
0.800000 0.666667 0.060000 -0.666708
0.866667 0.600000 0.120000 -0.459057
0.933333 0.533333 0.180000 -0.281897
1.000000 0.466667 0.240000 -0.069415
0.800000 0.733333 0.000000 -0.762965
0.866667 0.666667 0.060000 -0.645591
0.933333 0.600000 0.120000 -0.453808
1.000000 0.533333 0.180000 -0.276648
0.866667 0.733333 0.000000 -0.762026
0.933333 0.666667 0.060000 -0.646603
1.000000 0.600000 0.120000 -0.448559
1.000000 0.666667 0.060000 -0.647615
0.933333 0.733333 0.000000 -0.739227
1.000000 0.733333 0.000000 -0.733359
0.600000 0.800000 0.000000 -0.675481
0.666667 0.733333 0.060000 -0.757454
0.733333 0.666667 0.120000 -0.656382
0.800000 0.600000 0.180000 -0.492936
0.866667 0.533333 0.240000 -0.288898
0.933333 0.466667 0.300000 -0.041815
0.533333 0.866667 0.000000 -0.590306
0.600000 0.800000 0.060000 -0.697138
0.666667 0.733333 0.120000 -0.721107
0.733333 0.666667 0.180000 -0.690087
0.800000 0.600000 0.240000 -0.512211
0.866667 0.533333 0.300000 -0.272869
0.800000 0.600000 0.300000 -0.499974
0.733333 0.666667 0.240000 -0.671937
0.666667 0.733333 0.180000 -0.717013
0.600000 0.800000 0.120000 -0.688133
0.533333 0.866667 0.060000 -0.602993
0.466667 0.933333 0.000000 -0.482505
0.400000 1.000000 0.000000 -0.332388
0.466667 0.933333 0.060000 -0.479612
0.533333 0.866667 0.120000 -0.599375
0.600000 0.800000 0.180000 -0.675910
0.666667 0.733333 0.240000 -0.721183
0.733333 0.666667 0.300000 -0.649852
0.666667 0.733333 0.300000 -0.715663
0.600000 0.800000 0.240000 -0.680585
0.533333 0.866667 0.180000 -0.579488
0.466667 0.933333 0.120000 -0.458391
0.400000 1.000000 0.060000 -0.330759
0.600000 0.800000 0.300000 -0.687939
0.533333 0.866667 0.240000 -0.579907
0.466667 0.933333 0.180000 -0.436770
0.400000 1.000000 0.120000 -0.308502
0.533333 0.866667 0.300000 -0.579224
0.466667 0.933333 0.240000 -0.437215
0.400000 1.000000 0.180000 -0.294077
0.400000 1.000000 0.240000 -0.294521
0.466667 0.933333 0.300000 -0.429539
0.400000 1.000000 0.300000 -0.279855
0.666667 0.800000 0.000000 -0.753007
0.733333 0.733333 0.060000 -0.772343
0.800000 0.666667 0.120000 -0.652586
0.866667 0.600000 0.180000 -0.478991
0.933333 0.533333 0.240000 -0.302345
1.000000 0.466667 0.300000 -0.058273
0.733333 0.800000 0.000000 -0.789728
0.800000 0.733333 0.060000 -0.781103
0.866667 0.666667 0.120000 -0.647337
0.933333 0.600000 0.180000 -0.470178
1.000000 0.533333 0.240000 -0.312382
0.800000 0.800000 0.000000 -0.807969
0.866667 0.733333 0.060000 -0.766048
0.933333 0.666667 0.120000 -0.642088
1.000000 0.600000 0.180000 -0.464929
0.866667 0.800000 0.000000 -0.820656
0.933333 0.733333 0.060000 -0.765612
1.000000 0.666667 0.120000 -0.639545
1.000000 0.733333 0.060000 -0.757394
0.933333 0.800000 0.000000 -0.812515
1.000000 0.800000 0.000000 -0.796516
0.600000 0.866667 0.000000 -0.692268
0.666667 0.800000 0.060000 -0.773672
0.733333 0.733333 0.120000 -0.734783
0.800000 0.666667 0.180000 -0.670499
0.866667 0.600000 0.240000 -0.504535
0.933333 0.533333 0.300000 -0.289327
0.533333 0.933333 0.000000 -0.599331
0.600000 0.866667 0.060000 -0.700063
0.666667 0.800000 0.120000 -0.756247
0.733333 0.733333 0.180000 -0.730689
0.800000 0.666667 0.240000 -0.667154
0.866667 0.600000 0.300000 -0.478751
0.800000 0.666667 0.300000 -0.651357
0.733333 0.733333 0.240000 -0.727863
0.666667 0.800000 0.180000 -0.752153
0.600000 0.866667 0.120000 -0.690095
0.533333 0.933333 0.060000 -0.612341
0.466667 1.000000 0.000000 -0.499347
0.466667 1.000000 0.060000 -0.503316
0.533333 0.933333 0.120000 -0.601337
0.600000 0.866667 0.180000 -0.677872
0.666667 0.800000 0.240000 -0.749320
0.733333 0.733333 0.300000 -0.727266
0.666667 0.800000 0.300000 -0.756674
0.600000 0.866667 0.240000 -0.682300
0.533333 0.933333 0.180000 -0.589114
0.466667 1.000000 0.120000 -0.474709
0.600000 0.866667 0.300000 -0.689654
0.533333 0.933333 0.240000 -0.591880
0.466667 1.000000 0.180000 -0.448742
0.533333 0.933333 0.300000 -0.592324
0.466667 1.000000 0.240000 -0.449187
0.466667 1.000000 0.300000 -0.444474
0.666667 0.866667 0.000000 -0.782895
0.733333 0.800000 0.060000 -0.788700
0.800000 0.733333 0.120000 -0.751173
0.866667 0.666667 0.180000 -0.647582
0.933333 0.600000 0.240000 -0.487908
1.000000 0.533333 0.300000 -0.285671
0.733333 0.866667 0.000000 -0.824215
0.800000 0.800000 0.060000 -0.802304
0.866667 0.733333 0.120000 -0.750640
0.933333 0.666667 0.180000 -0.624664
1.000000 0.600000 0.240000 -0.464991
0.800000 0.866667 0.000000 -0.837419
0.866667 0.800000 0.060000 -0.814326
0.933333 0.733333 0.120000 -0.749972
1.000000 0.666667 0.180000 -0.601747
0.866667 0.866667 0.000000 -0.850880
0.933333 0.800000 0.060000 -0.807029
1.000000 0.733333 0.120000 -0.742711
1.000000 0.800000 0.060000 -0.798966
0.933333 0.866667 0.000000 -0.853629
1.000000 0.866667 0.000000 -0.837630
0.600000 0.933333 0.000000 -0.696185
0.666667 0.866667 0.060000 -0.780752
0.733333 0.800000 0.120000 -0.769923
0.800000 0.733333 0.180000 -0.743693
0.866667 0.666667 0.240000 -0.644237
0.933333 0.600000 0.300000 -0.457527
0.533333 1.000000 0.000000 -0.595554
0.600000 0.933333 0.060000 -0.703719
0.666667 0.866667 0.120000 -0.780814
0.733333 0.800000 0.180000 -0.765830
0.800000 0.733333 0.240000 -0.738790
0.866667 0.666667 0.300000 -0.630134
0.800000 0.733333 0.300000 -0.738868
0.733333 0.800000 0.240000 -0.761736
0.666667 0.866667 0.180000 -0.765534
0.600000 0.933333 0.120000 -0.692057
0.533333 1.000000 0.060000 -0.615523
0.533333 1.000000 0.120000 -0.603300
0.600000 0.933333 0.180000 -0.679834
0.666667 0.866667 0.240000 -0.751035
0.733333 0.800000 0.300000 -0.773034
0.666667 0.866667 0.300000 -0.758389
0.600000 0.933333 0.240000 -0.680934
0.533333 1.000000 0.180000 -0.591076
0.600000 0.933333 0.300000 -0.691369
0.533333 1.000000 0.240000 -0.599373
0.533333 1.000000 0.300000 -0.604297
0.666667 0.933333 0.000000 -0.793039
0.733333 0.866667 0.060000 -0.805328
0.800000 0.800000 0.120000 -0.783600
0.866667 0.733333 0.180000 -0.739914
0.933333 0.666667 0.240000 -0.621320
1.000000 0.600000 0.300000 -0.442351
0.733333 0.933333 0.000000 -0.837447
0.800000 0.866667 0.060000 -0.818932
0.866667 0.800000 0.120000 -0.797277
0.933333 0.733333 0.180000 -0.731769
1.000000 0.666667 0.240000 -0.598403
0.800000 0.933333 0.000000 -0.853904
0.866667 0.866667 0.060000 -0.832536
0.933333 0.800000 0.120000 -0.792500
1.000000 0.733333 0.180000 -0.723623
0.866667 0.933333 0.000000 -0.867508
0.933333 0.866667 0.060000 -0.846140
1.000000 0.800000 0.120000 -0.784282
1.000000 0.866667 0.060000 -0.840252
0.933333 0.933333 0.000000 -0.875630
1.000000 0.933333 0.000000 -0.878744
0.600000 1.000000 0.000000 -0.692136
0.666667 0.933333 0.060000 -0.788841
0.733333 0.866667 0.120000 -0.805064
0.800000 0.800000 0.180000 -0.779506
0.866667 0.733333 0.240000 -0.739480
0.933333 0.666667 0.300000 -0.608911
0.600000 1.000000 0.060000 -0.703212
0.666667 0.933333 0.120000 -0.782776
0.733333 0.866667 0.180000 -0.800970
0.800000 0.800000 0.240000 -0.774983
0.866667 0.733333 0.300000 -0.744295
0.800000 0.800000 0.300000 -0.779352
0.733333 0.866667 0.240000 -0.796876
0.666667 0.933333 0.180000 -0.770553
0.600000 1.000000 0.120000 -0.694019
0.600000 1.000000 0.180000 -0.681796
0.666667 0.933333 0.240000 -0.752750
0.733333 0.866667 0.300000 -0.806067
0.666667 0.933333 0.300000 -0.760104
0.600000 1.000000 0.240000 -0.678551
0.600000 1.000000 0.300000 -0.693083
0.666667 1.000000 0.000000 -0.788990
0.733333 0.933333 0.060000 -0.828442
0.800000 0.866667 0.120000 -0.818740
0.866667 0.800000 0.180000 -0.792640
0.933333 0.733333 0.240000 -0.731335
1.000000 0.666667 0.300000 -0.595058
0.733333 1.000000 0.000000 -0.843542
0.800000 0.933333 0.060000 -0.835561
0.866667 0.866667 0.120000 -0.832417
0.933333 0.800000 0.180000 -0.791852
1.000000 0.733333 0.240000 -0.723190
0.800000 1.000000 0.000000 -0.870534
0.866667 0.933333 0.060000 -0.849165
0.933333 0.866667 0.120000 -0.840389
1.000000 0.800000 0.180000 -0.783706
0.866667 1.000000 0.000000 -0.884137
0.933333 0.933333 0.060000 -0.862769
1.000000 0.866667 0.120000 -0.830968
1.000000 0.933333 0.060000 -0.876373
0.933333 1.000000 0.000000 -0.894822
1.000000 1.000000 0.000000 -0.898002
0.666667 1.000000 0.060000 -0.788333
0.733333 0.933333 0.120000 -0.840204
0.800000 0.866667 0.180000 -0.814646
0.866667 0.800000 0.240000 -0.787737
0.933333 0.733333 0.300000 -0.730901
0.666667 1.000000 0.120000 -0.784738
0.733333 0.933333 0.180000 -0.836110
0.800000 0.866667 0.240000 -0.810552
0.866667 0.800000 0.300000 -0.785670
0.800000 0.866667 0.300000 -0.813121
0.733333 0.933333 0.240000 -0.830714
0.666667 1.000000 0.180000 -0.772515
0.666667 1.000000 0.240000 -0.756889
0.733333 0.933333 0.300000 -0.828839
0.666667 1.000000 0.300000 -0.761818
0.733333 1.000000 0.060000 -0.853220
0.800000 0.933333 0.120000 -0.853881
0.866667 0.866667 0.180000 -0.828323
0.933333 0.800000 0.240000 -0.791418
1.000000 0.733333 0.300000 -0.722756
0.800000 1.000000 0.060000 -0.866378
0.866667 0.933333 0.120000 -0.866071
0.933333 0.866667 0.180000 -0.841588
1.000000 0.800000 0.240000 -0.783273
0.866667 1.000000 0.060000 -0.872505
0.933333 0.933333 0.120000 -0.872198
1.000000 0.866667 0.180000 -0.843789
0.933333 1.000000 0.060000 -0.879398
1.000000 0.933333 0.120000 -0.878325
1.000000 1.000000 0.060000 -0.893001
0.733333 1.000000 0.120000 -0.874093
0.800000 0.933333 0.180000 -0.849786
0.866667 0.866667 0.240000 -0.823930
0.933333 0.800000 0.300000 -0.790984
0.733333 1.000000 0.180000 -0.856832
0.800000 0.933333 0.240000 -0.845693
0.866667 0.866667 0.300000 -0.819439
0.800000 0.933333 0.300000 -0.846024
0.733333 1.000000 0.240000 -0.836538
0.733333 1.000000 0.300000 -0.830553
0.800000 1.000000 0.120000 -0.889021
0.866667 0.933333 0.180000 -0.863463
0.933333 0.866667 0.240000 -0.836685
1.000000 0.800000 0.300000 -0.782839
0.866667 1.000000 0.120000 -0.897881
0.933333 0.933333 0.180000 -0.877140
1.000000 0.866667 0.240000 -0.843355
0.933333 1.000000 0.120000 -0.904008
1.000000 0.933333 0.180000 -0.890535
1.000000 1.000000 0.120000 -0.910134
0.800000 1.000000 0.180000 -0.884927
0.866667 0.933333 0.240000 -0.859369
0.933333 0.866667 0.300000 -0.831782
0.800000 1.000000 0.240000 -0.880833
0.866667 0.933333 0.300000 -0.855220
0.800000 1.000000 0.300000 -0.878741
0.866667 1.000000 0.180000 -0.898603
0.933333 0.933333 0.240000 -0.872878
1.000000 0.866667 0.300000 -0.842922
0.933333 1.000000 0.180000 -0.912280
1.000000 0.933333 0.240000 -0.885632
1.000000 1.000000 0.180000 -0.925957
0.866667 1.000000 0.240000 -0.894510
0.933333 0.933333 0.300000 -0.867974
0.866667 1.000000 0.300000 -0.890415
0.933333 1.000000 0.240000 -0.908186
1.000000 0.933333 0.300000 -0.880729
1.000000 1.000000 0.240000 -0.921825
0.933333 1.000000 0.300000 -0.904092
1.000000 1.000000 0.300000 -0.916922
