0.042500 0.014231 0.042000 0.594613
0.042500 0.041154 0.042000 0.616334
0.042500 0.037308 0.042000 0.614099
0.044500 0.041154 0.042000 0.621830
0.044500 0.018077 0.042000 0.604022
0.042500 0.018077 0.042000 0.599014
0.044500 0.037308 0.042000 0.619027
0.044500 0.021923 0.042000 0.606828
0.044500 0.033462 0.042000 0.618017
0.044500 0.025769 0.042000 0.610446
0.044500 0.029615 0.042000 0.615131
0.042500 0.033462 0.042000 0.612661
0.043530 0.034123 0.040578 0.618017
0.042500 0.021923 0.042000 0.602312
0.042500 0.025769 0.042000 0.605838
0.042500 0.029615 0.042000 0.609847
0.044500 -0.001154 0.042000 0.578436
0.044500 -0.005000 0.042000 0.578291
0.044500 0.002692 0.042000 0.581928
0.044500 0.014231 0.042000 0.599590
0.044500 0.006538 0.042000 0.588426
0.044500 0.010385 0.042000 0.593966
0.043493 0.010418 0.040543 0.593966
0.042500 0.010385 0.042000 0.589222
0.042452 0.016257 0.038389 0.608538
0.044545 0.016040 0.038560 0.609917
0.042453 0.012517 0.038409 0.602788
0.042500 0.045000 0.042000 0.620121
0.044500 0.045000 0.042000 0.626169
0.044537 0.042261 0.039208 0.634716
0.042458 0.039197 0.038837 0.626091
0.042463 0.042256 0.039173 0.628981
0.042454 0.035689 0.038538 0.626091
0.044541 0.039165 0.038861 0.632062
0.042500 -0.005000 0.042000 0.572944
0.044544 0.019955 0.038635 0.614960
0.042452 0.019950 0.038385 0.608538
0.044546 0.035001 0.038515 0.630546
0.044545 0.023507 0.038615 0.618224
0.044545 0.031201 0.038611 0.627729
0.044543 0.027433 0.038739 0.622220
0.042453 0.031504 0.038463 0.623807
0.042452 0.023679 0.038320 0.615606
0.042448 0.027642 0.038049 0.619973
0.042500 -0.001154 0.042000 0.574825
0.042500 0.006538 0.042000 0.584086
0.042500 0.002692 0.042000 0.578573
0.044533 -0.002292 0.039500 0.583905
0.044537 0.000814 0.039208 0.591489
0.042465 -0.002315 0.039322 0.582931
0.044554 -0.005000 0.037871 0.586839
0.044540 0.004408 0.038931 0.591489
0.044548 0.012306 0.038373 0.604083
0.044547 0.008334 0.038423 0.598943
0.042452 0.008810 0.038319 0.597366
0.044592 0.018067 0.034973 0.620414
0.042407 0.018095 0.034910 0.616276
0.042408 0.014545 0.035004 0.610882
0.044596 0.014495 0.034713 0.615333
0.042408 0.010930 0.034996 0.605157
0.042417 0.033731 0.035728 0.631077
0.042446 0.045000 0.037871 0.634845
0.043500 0.043789 0.037696 0.639454
0.044554 0.045000 0.037871 0.639454
0.044580 0.041670 0.035894 0.643806
0.042403 0.037622 0.034598 0.635264
0.042420 0.041703 0.035906 0.636544
0.044603 0.037303 0.034186 0.642150
0.042446 -0.005000 0.037871 0.584694
0.044590 0.021842 0.035160 0.623975
0.042406 0.021884 0.034845 0.620439
0.044599 0.032610 0.034483 0.638333
0.044589 0.025286 0.035252 0.628709
0.044590 0.029127 0.035145 0.634383
0.042399 0.030446 0.034318 0.631655
0.042406 0.025808 0.034840 0.624961
0.042459 0.000773 0.038876 0.585335
0.042449 0.005043 0.038088 0.593165
0.044571 0.002557 0.036611 0.593661
0.042419 -0.001757 0.035829 0.587575
0.044583 -0.001298 0.035662 0.589785
0.044612 -0.005000 0.033518 0.593611
0.044587 0.005752 0.035422 0.601210
0.044604 0.010295 0.034118 0.609037
0.044632 0.019883 0.032000 0.626307
0.042360 0.020039 0.031386 0.623938
0.043499 0.018235 0.031673 0.626307
0.044637 0.016786 0.031613 0.626307
0.042401 0.007595 0.034451 0.601803
0.042365 0.016229 0.031729 0.619415
0.042376 0.013054 0.032577 0.612855
0.044641 0.013156 0.031287 0.621111
0.042360 0.010302 0.031347 0.609800
0.026833 0.014231 0.042000 0.587537
0.042349 0.030620 0.030526 0.638350
0.042363 0.033858 0.031559 0.638640
0.044654 0.033775 0.030312 0.647378
0.042388 0.045000 0.033518 0.644848
0.042332 0.037385 0.029245 0.644661
0.042359 0.041395 0.031293 0.645210
0.044612 0.045000 0.033518 0.650307
0.044639 0.041417 0.031433 0.653444
0.044672 0.037434 0.028954 0.650459
0.042388 -0.005000 0.033518 0.591011
0.044632 0.023627 0.031930 0.632396
0.042359 0.023820 0.031319 0.623938
0.044643 0.029791 0.031125 0.643822
0.044624 0.026758 0.032598 0.636090
0.042359 0.027480 0.031297 0.632451
0.044684 0.030849 0.028045 0.648617
0.042321 0.028976 0.028433 0.640079
0.042396 0.002749 0.034121 0.594581
0.044618 0.002349 0.033057 0.600063
0.042360 -0.001415 0.031375 0.592698
0.044644 -0.001078 0.031036 0.597514
0.044672 -0.005000 0.028929 0.600558
0.042312 0.025604 0.027708 0.635828
0.044667 0.021743 0.029331 0.633418
0.042314 0.021979 0.027853 0.631022
0.044637 0.006336 0.031575 0.609061
0.044654 0.010251 0.030294 0.616429
0.044678 0.018680 0.028475 0.632288
0.042320 0.018097 0.028298 0.626510
0.044671 0.015452 0.028990 0.627092
0.042347 0.006462 0.030393 0.605527
0.044675 0.002900 0.028675 0.606697
0.042324 0.013213 0.028653 0.619112
0.044692 0.012446 0.027393 0.627092
0.042321 0.009637 0.028381 0.613159
0.028833 -0.001154 0.042000 0.567528
0.028833 -0.005000 0.042000 0.565738
0.028833 0.002692 0.042000 0.571374
0.028833 0.014231 0.042000 0.587598
0.026833 0.041154 0.042000 0.610868
0.026833 0.037308 0.042000 0.608436
0.028833 0.041154 0.042000 0.610501
0.028833 0.037308 0.042000 0.607812
0.026833 0.033462 0.042000 0.606674
0.028833 0.018077 0.042000 0.592222
0.026833 0.018077 0.042000 0.592239
0.028833 0.033462 0.042000 0.606391
0.028833 0.029615 0.042000 0.603531
0.028833 0.025769 0.042000 0.598934
0.028833 0.021923 0.042000 0.595114
0.027882 0.030422 0.040167 0.615725
0.026833 0.029615 0.042000 0.603757
0.026833 0.025769 0.042000 0.599493
0.026833 0.021923 0.042000 0.595678
0.028833 0.006538 0.042000 0.576670
0.028833 0.010385 0.042000 0.581502
0.027826 0.010421 0.040549 0.581502
0.026833 0.010385 0.042000 0.581896
0.026787 0.012538 0.038447 0.593772
0.028879 0.016054 0.038557 0.598843
0.026787 0.016316 0.038457 0.599800
0.042305 0.032609 0.027207 0.645290
0.044708 0.033543 0.026195 0.652903
0.042328 0.045000 0.028929 0.652420
0.042265 0.036727 0.024123 0.654227
0.042295 0.041028 0.026418 0.652980
0.044737 0.037244 0.023956 0.657642
0.043500 0.041109 0.026524 0.659422
0.044672 0.045000 0.028929 0.659200
0.044702 0.041222 0.026643 0.659422
0.026833 0.045000 0.042000 0.614662
0.028833 0.045000 0.042000 0.614529
0.028870 0.042261 0.039208 0.622163
0.027833 0.042382 0.039300 0.622163
0.026796 0.042256 0.039173 0.621935
0.042328 -0.005000 0.028929 0.595451
0.026833 -0.005000 0.042000 0.565786
0.044682 0.026156 0.028135 0.641184
0.044734 0.029630 0.024218 0.652013
0.042267 0.028620 0.024274 0.647227
0.042326 0.002576 0.028801 0.601179
0.044704 -0.000981 0.026506 0.603032
0.042296 -0.001203 0.026524 0.598303
0.044736 -0.005000 0.024090 0.604717
0.042266 0.023769 0.024215 0.639801
0.044721 0.021522 0.025201 0.638595
0.042282 0.020107 0.025429 0.639801
0.044701 0.007778 0.026738 0.616762
0.044731 0.003067 0.024440 0.611911
0.044727 0.016194 0.024760 0.634129
0.042267 0.016339 0.024308 0.631726
0.042287 0.006602 0.025829 0.613414
0.044739 0.011480 0.023801 0.625453
0.042267 0.011366 0.024301 0.622155
0.026833 -0.001154 0.042000 0.567768
0.026833 0.006538 0.042000 0.577028
0.026833 0.002692 0.042000 0.571731
0.028870 0.000814 0.039208 0.580653
0.028866 -0.002292 0.039500 0.573849
0.026798 -0.002315 0.039322 0.573276
0.028888 -0.005000 0.037871 0.576218
0.028874 0.004408 0.038932 0.580653
0.028881 0.012307 0.038372 0.593350
0.026792 0.039197 0.038837 0.618650
0.026788 0.035689 0.038538 0.618650
0.028875 0.039165 0.038861 0.619886
0.028880 0.034905 0.038475 0.618528
0.026787 0.031504 0.038463 0.612978
0.028878 0.019974 0.038628 0.603984
0.026786 0.020001 0.038433 0.607522
0.028879 0.031006 0.038546 0.615725
0.028878 0.027284 0.038598 0.611146
0.028878 0.023509 0.038633 0.607416
0.026781 0.027778 0.038026 0.612978
0.026785 0.023674 0.038333 0.607522
0.028880 0.008332 0.038424 0.588331
0.026785 0.008808 0.038322 0.588484
0.026741 0.010931 0.034995 0.595273
0.026741 0.014545 0.035004 0.600831
0.028926 0.018081 0.034959 0.608505
0.028929 0.014495 0.034713 0.603112
0.026740 0.018149 0.034930 0.606753
0.027833 0.017281 0.033290 0.608505
0.044771 0.033305 0.021389 0.661416
0.044786 0.029707 0.020236 0.659793
0.042233 0.032582 0.021697 0.657683
0.042210 0.029135 0.019957 0.656488
0.042201 0.036818 0.019304 0.663831
0.042264 0.045000 0.024090 0.661600
0.042230 0.040751 0.021497 0.664283
0.044802 0.036687 0.019057 0.666821
0.044767 0.040922 0.021739 0.666601
0.044736 0.045000 0.024090 0.665440
0.026779 0.045000 0.037871 0.627186
0.028888 0.045000 0.037871 0.627946
0.028914 0.041690 0.035875 0.629810
0.026753 0.041703 0.035906 0.628538
0.042264 -0.005000 0.024090 0.601934
0.026779 -0.005000 0.037871 0.575427
0.044760 0.024896 0.022215 0.649458
0.042219 0.025044 0.020611 0.649312
0.042259 0.002912 0.023712 0.609398
0.044766 -0.000984 0.021797 0.609200
0.042230 -0.000936 0.021515 0.607754
0.044802 -0.005000 0.019078 0.611313
0.042226 0.020099 0.021207 0.642500
0.044776 0.019754 0.021043 0.644653
0.044796 0.003096 0.019527 0.619090
0.044761 0.007048 0.022132 0.622770
0.044789 0.010826 0.020068 0.630926
0.044782 0.014703 0.020597 0.637589
0.042219 0.014979 0.020659 0.635272
0.042231 0.007179 0.021558 0.621535
0.042210 0.010862 0.019947 0.628879
0.026792 0.000773 0.038876 0.575514
0.026782 0.005043 0.038088 0.584024
0.028904 0.002557 0.036611 0.581995
0.026752 -0.001756 0.035829 0.576972
0.028917 -0.001298 0.035662 0.578789
0.028945 -0.005000 0.033518 0.582462
0.028920 0.005754 0.035422 0.589747
0.028937 0.010295 0.034120 0.597212
0.026751 0.033731 0.035728 0.622691
0.026736 0.037622 0.034597 0.627214
0.028937 0.037268 0.034159 0.628881
0.028932 0.032602 0.034507 0.625979
0.026732 0.030445 0.034317 0.622194
0.028923 0.021869 0.035172 0.612123
0.026740 0.021869 0.034892 0.611314
0.028926 0.028963 0.034951 0.621520
0.028922 0.025290 0.035246 0.615842
0.026738 0.025894 0.034787 0.615973
0.026734 0.007595 0.034451 0.591901
0.026693 0.010302 0.031347 0.599007
0.026709 0.013055 0.032577 0.602136
0.028974 0.013156 0.031287 0.606042
0.028965 0.019889 0.031989 0.611765
0.026698 0.016229 0.031729 0.609015
0.028970 0.016788 0.031611 0.611765
0.026694 0.020074 0.031385 0.613818
0.044833 0.026966 0.016682 0.662043
0.044834 0.032314 0.016613 0.670292
0.042162 0.027406 0.016317 0.659420
0.043501 0.032426 0.016687 0.670292
0.042169 0.032561 0.016863 0.665720
0.042153 0.037011 0.015625 0.670053
0.042169 0.040628 0.016851 0.672757
0.042198 0.045000 0.019078 0.672515
0.044864 0.037083 0.014347 0.676218
0.044833 0.040756 0.016711 0.677050
0.044802 0.045000 0.019078 0.674759
0.026722 0.045000 0.033518 0.635707
0.028945 0.045000 0.033518 0.637426
0.028972 0.041433 0.031432 0.637893
0.026692 0.041396 0.031293 0.636218
0.042198 -0.005000 0.019078 0.609888
0.026722 -0.005000 0.033518 0.580655
0.044829 0.022339 0.016971 0.655244
0.042167 0.022450 0.016728 0.652410
0.042196 0.003128 0.018868 0.618078
0.042163 -0.000972 0.016366 0.614413
0.044828 -0.001058 0.017095 0.615776
0.044868 -0.005000 0.014052 0.618727
0.044847 0.002844 0.015599 0.624202
0.042167 0.017576 0.016706 0.646234
0.044832 0.017150 0.016732 0.649290
0.044832 0.007368 0.016801 0.631213
0.044833 0.012330 0.016681 0.640960
0.042163 0.012676 0.016370 0.638348
0.042162 0.007421 0.016278 0.629055
0.026730 0.002749 0.034121 0.583870
0.028951 0.002349 0.033057 0.586345
0.026694 -0.001416 0.031375 0.581709
0.028978 -0.001071 0.031043 0.584120
0.029005 -0.005000 0.028929 0.587184
0.028971 0.006344 0.031574 0.595223
0.028987 0.010250 0.030291 0.601951
0.026682 0.030620 0.030525 0.628211
0.026696 0.033858 0.031559 0.629656
0.028988 0.033731 0.030231 0.633586
0.026666 0.037385 0.029245 0.635850
0.029006 0.037440 0.028882 0.638175
0.028976 0.029814 0.031138 0.628938
0.026692 0.027480 0.031296 0.622361
0.026693 0.023820 0.031349 0.613818
0.028966 0.023629 0.031929 0.618426
0.028957 0.026757 0.032598 0.621454
0.029017 0.030881 0.028024 0.634605
0.026681 0.006462 0.030393 0.594901
0.029009 0.002924 0.028683 0.592712
0.026655 0.028976 0.028433 0.629718
0.029000 0.021744 0.029331 0.620214
0.026654 0.009637 0.028380 0.602120
0.026658 0.013213 0.028652 0.608152
0.029026 0.012447 0.027394 0.612776
0.029005 0.015453 0.028991 0.612776
0.026645 0.025595 0.027708 0.625153
0.029011 0.018682 0.028471 0.617965
0.026653 0.018093 0.028293 0.615555
0.026647 0.021969 0.027852 0.620152
0.011167 0.014231 0.042000 0.575634
0.044891 0.033306 0.012253 0.675905
0.044887 0.024646 0.012557 0.663884
0.044887 0.029507 0.012588 0.671681
0.042111 0.024924 0.012411 0.660085
0.042108 0.029742 0.012243 0.667378
0.042103 0.034684 0.011820 0.672589
0.044939 0.037240 0.008645 0.682375
0.042100 0.040396 0.011627 0.678690
0.042132 0.045000 0.014052 0.680963
0.044949 0.041711 0.007840 0.689919
0.044898 0.041304 0.011740 0.684544
0.044868 0.045000 0.014052 0.685146
0.026661 0.045000 0.028929 0.641891
0.029005 0.045000 0.028929 0.644528
0.011167 0.041154 0.042000 0.601113
0.013167 0.041154 0.042000 0.601425
0.029035 0.041169 0.026640 0.644935
0.027833 0.041098 0.026524 0.644935
0.026628 0.041031 0.026419 0.642925
0.042132 -0.005000 0.014052 0.615896
0.026661 -0.005000 0.028929 0.584445
0.044934 -0.005000 0.009026 0.622165
0.013167 -0.001154 0.042000 0.555061
0.013167 -0.005000 0.042000 0.552888
0.044886 0.020000 0.012660 0.656415
0.044888 0.014925 0.012499 0.648705
0.042114 0.020000 0.012660 0.652290
0.042100 -0.001448 0.011583 0.616523
0.042133 0.002781 0.014080 0.621453
0.044899 -0.000424 0.011675 0.619657
0.044892 0.004964 0.012211 0.630985
0.043501 -0.001251 0.008473 0.619657
0.044957 -0.001236 0.007285 0.623691
0.042111 0.015104 0.012400 0.645092
0.044887 0.009969 0.012619 0.639263
0.042108 0.010351 0.012224 0.636810
0.042105 0.006407 0.011966 0.630190
0.044943 0.012500 0.008330 0.648820
0.013167 0.018077 0.042000 0.581212
0.011167 0.018077 0.042000 0.580590
0.011167 0.037308 0.042000 0.598184
0.013167 0.037308 0.042000 0.598359
0.011167 0.033462 0.042000 0.596124
0.011167 0.021923 0.042000 0.584145
0.013167 0.021923 0.042000 0.584556
0.011167 0.029615 0.042000 0.592851
0.011167 0.025769 0.042000 0.588223
0.013167 0.025769 0.042000 0.588807
0.012218 0.030404 0.040167 0.604330
0.013167 0.033462 0.042000 0.596448
0.013167 0.029615 0.042000 0.593556
0.026660 0.002574 0.028801 0.590278
0.029037 -0.000964 0.026493 0.589209
0.026630 -0.001210 0.026513 0.586757
0.029069 -0.005000 0.024090 0.593064
0.029034 0.007801 0.026780 0.602749
0.029064 0.003133 0.024443 0.598534
0.026639 0.032609 0.027206 0.635383
0.029042 0.033531 0.026172 0.639543
0.026598 0.036727 0.024119 0.643515
0.029070 0.037240 0.023981 0.645972
0.029016 0.026156 0.028136 0.627353
0.029066 0.029657 0.024304 0.639217
0.045000 0.025000 0.000000 0.681232
0.045000 0.025000 0.004000 0.675957
0.044943 0.022500 0.008330 0.664949
0.042057 0.022500 0.008330 0.661046
0.045000 0.020000 0.000000 0.673330
0.026621 0.006602 0.025828 0.601315
0.026600 0.028620 0.024274 0.635895
0.029054 0.021529 0.025200 0.626940
0.029060 0.016196 0.024759 0.621388
0.029073 0.011483 0.023806 0.613531
0.026600 0.011366 0.024300 0.610379
0.026601 0.016339 0.024311 0.619807
0.026599 0.023760 0.024176 0.628107
0.026615 0.020049 0.025433 0.628107
0.013167 0.002692 0.042000 0.559600
0.013167 0.014231 0.042000 0.576413
0.013167 0.010385 0.042000 0.570156
0.013167 0.006538 0.042000 0.565139
0.012157 0.010419 0.040548 0.569589
0.011167 0.010385 0.042000 0.569589
0.011120 0.016321 0.038491 0.586734
0.013212 0.016054 0.038557 0.586468
0.011121 0.012534 0.038493 0.580322
0.011167 0.045000 0.042000 0.604813
0.013167 0.045000 0.042000 0.605188
0.044941 0.031808 0.008487 0.675707
0.044945 0.027298 0.008207 0.672025
0.042057 0.027500 0.008330 0.667740
0.042055 0.032382 0.008185 0.676769
0.045000 0.035000 0.004000 0.690584
0.045000 0.030000 0.004000 0.684267
0.045000 0.035000 0.000000 0.696548
0.045000 0.030000 0.000000 0.690041
0.013203 0.042261 0.039208 0.612172
0.012167 0.042382 0.039300 0.611894
0.011129 0.042256 0.039173 0.611894
0.045000 0.040000 0.004000 0.695314
0.042047 0.037297 0.007547 0.681419
0.042042 0.041434 0.007196 0.685877
0.042066 0.045000 0.009026 0.685499
0.045000 0.045000 0.004000 0.698575
0.043499 0.042893 0.006136 0.689919
0.044934 0.045000 0.009026 0.690804
0.045000 0.040000 0.000000 0.700726
0.045000 0.042500 0.002000 0.695314
0.026598 0.045000 0.024090 0.650027
0.029069 0.045000 0.024090 0.652947
0.045000 0.045000 0.000000 0.705670
0.011125 0.039201 0.038837 0.607860
0.011122 0.035686 0.038569 0.607860
0.013208 0.039165 0.038861 0.609694
0.011167 -0.005000 0.042000 0.552456
0.029099 0.040804 0.021793 0.654157
0.026564 0.040747 0.021495 0.652287
0.043500 -0.002505 0.006238 0.623691
0.042043 -0.001900 0.007260 0.620209
0.042066 -0.005000 0.009026 0.618462
0.026598 -0.005000 0.024090 0.589995
0.045000 -0.005000 0.004000 0.628420
0.045000 -0.002500 0.002000 0.628422
0.011167 -0.001154 0.042000 0.554164
0.011167 0.006538 0.042000 0.564437
0.011167 0.002692 0.042000 0.558598
0.013200 -0.002292 0.039500 0.561528
0.013203 0.000814 0.039208 0.568830
0.011131 -0.002314 0.039322 0.560086
0.013221 -0.005000 0.037871 0.563239
0.045000 0.000000 0.004000 0.628422
0.045000 0.000000 0.000000 0.632928
0.044943 0.017500 0.008330 0.657783
0.045000 0.020000 0.004000 0.667875
0.042057 0.017500 0.008330 0.653882
0.045000 0.015000 0.000000 0.663898
0.042059 0.002467 0.008453 0.624416
0.044944 0.007463 0.008268 0.638453
0.044951 0.002534 0.007687 0.629378
0.043501 -0.000001 0.006495 0.623691
0.045000 0.015000 0.004000 0.658773
0.042055 0.012664 0.008197 0.644732
0.042055 0.007817 0.008195 0.636025
0.045000 0.010000 0.004000 0.649255
0.045000 0.005000 0.004000 0.640653
0.045000 0.010000 0.000000 0.654393
0.045000 0.005000 0.000000 0.645723
0.013211 0.019974 0.038628 0.591504
0.011120 0.019998 0.038473 0.586734
0.013213 0.034905 0.038475 0.607715
0.011120 0.031490 0.038443 0.604330
0.011119 0.023668 0.038343 0.595243
0.013211 0.023509 0.038633 0.595559
0.011115 0.027643 0.038051 0.600054
0.013211 0.027284 0.038598 0.599844
0.013212 0.031006 0.038546 0.604554
0.026593 0.002912 0.023721 0.596739
0.029099 -0.000963 0.021804 0.596447
0.026564 -0.000927 0.021510 0.594553
0.029135 -0.005000 0.019078 0.599749
0.029129 0.003096 0.019532 0.604481
0.029095 0.007048 0.022134 0.609211
0.029135 0.036677 0.019067 0.653273
0.029104 0.033255 0.021403 0.647682
0.026566 0.032586 0.021696 0.644872
0.026535 0.036818 0.019304 0.651115
0.029120 0.029429 0.020230 0.645550
0.026543 0.029145 0.019946 0.643273
0.029096 0.024881 0.022036 0.636895
0.042500 0.027500 0.000000 0.668956
0.042000 0.025000 0.004000 0.669331
0.042500 0.022500 0.000000 0.665810
0.042000 0.020000 0.004000 0.661549
0.042500 0.017500 0.000000 0.658016
0.029122 0.010828 0.020069 0.617955
0.026564 0.007164 0.021554 0.607618
0.026552 0.025085 0.020587 0.636637
0.026543 0.010852 0.019953 0.615716
0.029115 0.014705 0.020597 0.624442
0.029109 0.019757 0.021033 0.631421
0.026553 0.014972 0.020677 0.622384
0.026560 0.020042 0.021211 0.629465
0.013207 0.004408 0.038932 0.568830
0.013214 0.012307 0.038373 0.580967
0.013259 0.018080 0.034959 0.594634
0.013214 0.008334 0.038424 0.576233
0.011118 0.008869 0.038271 0.575331
0.012166 0.018158 0.035060 0.592682
0.011075 0.018158 0.035013 0.592682
0.011075 0.014581 0.035034 0.586381
0.013263 0.014495 0.034713 0.589089
0.011074 0.010938 0.034972 0.580881
0.011112 0.045000 0.037871 0.616372
0.013221 0.045000 0.037871 0.617255
0.042500 0.037500 0.000000 0.685550
0.042000 0.030000 0.004000 0.677936
0.042000 0.035000 0.004000 0.684832
0.042500 0.032500 0.000000 0.682226
0.013247 0.041690 0.035875 0.617640
0.011086 0.041703 0.035906 0.616723
0.042000 0.040000 0.004000 0.689974
0.042000 0.045000 0.004000 0.694670
0.042500 0.042500 0.000000 0.690445
0.026532 0.045000 0.019078 0.659500
0.029135 0.045000 0.019078 0.662600
0.040000 0.045000 0.000000 0.699082
0.037778 0.045000 0.004000 0.691859
0.011084 0.033719 0.035701 0.610242
0.011069 0.037480 0.034580 0.614155
0.012175 0.039371 0.032862 0.621131
0.013270 0.037269 0.034159 0.615928
0.011112 -0.005000 0.037871 0.561750
0.045000 -0.005000 0.000000 0.633864
0.029166 0.040742 0.016695 0.662024
0.026502 0.040628 0.016851 0.659070
0.042000 0.000000 0.004000 0.625109
0.042000 -0.005000 0.004000 0.625374
0.026532 -0.005000 0.019078 0.596816
0.041725 -0.001112 0.002333 0.625109
0.042500 -0.002500 0.000000 0.635552
0.039375 -0.001657 0.004000 0.625109
0.011126 0.000772 0.038876 0.562933
0.011115 0.005047 0.038072 0.571293
0.013238 0.002557 0.036611 0.568186
0.011085 -0.001761 0.035827 0.561845
0.013250 -0.001298 0.035662 0.564510
0.013278 -0.005000 0.033518 0.568112
0.042500 0.002500 0.000000 0.629656
0.042000 0.015000 0.004000 0.651612
0.042500 0.012500 0.000000 0.663019
0.042000 0.005000 0.004000 0.635648
0.042000 0.010000 0.004000 0.643038
0.042500 0.007500 0.000000 0.639669
0.040000 0.002500 -0.002000 0.629656
0.040000 0.035000 0.000000 0.682226
0.040000 0.030000 0.000000 0.678035
0.040000 0.025000 0.000000 0.668956
0.040000 0.025000 -0.004000 0.664753
0.040000 0.030000 -0.004000 0.674376
0.040000 0.035000 -0.004000 0.677486
0.029197 0.037078 0.014345 0.659837
0.026486 0.037011 0.015625 0.656419
0.011074 0.021860 0.034962 0.597326
0.013257 0.021869 0.035172 0.598616
0.013265 0.032602 0.034507 0.612668
0.011066 0.030425 0.034332 0.608827
0.011073 0.025814 0.034883 0.602123
0.013256 0.025290 0.035246 0.602699
0.013259 0.028963 0.034951 0.608478
0.026529 0.003101 0.018900 0.603300
0.029161 -0.001057 0.017094 0.601076
0.026496 -0.001003 0.016375 0.599764
0.029201 -0.005000 0.014052 0.603170
0.029181 0.002845 0.015599 0.607993
0.040000 0.020000 0.000000 0.658016
0.040000 0.015000 0.000000 0.663019
0.040000 0.020000 -0.004000 0.657640
0.040000 0.015000 -0.004000 0.647935
0.029165 0.007370 0.016801 0.615142
0.029168 0.032315 0.016596 0.654264
0.027834 0.032404 0.016691 0.654264
0.026503 0.032560 0.016863 0.651919
0.029166 0.026938 0.016702 0.646334
0.026495 0.027421 0.016324 0.644861
0.029163 0.022324 0.016957 0.639922
0.037769 0.026675 0.004000 0.669688
0.037781 0.021681 0.004000 0.664275
0.037795 0.016711 0.004000 0.655973
0.029166 0.012331 0.016681 0.625320
0.026494 0.007390 0.016234 0.613539
0.026501 0.022453 0.016717 0.637917
0.026496 0.012693 0.016348 0.623783
0.029166 0.017162 0.016700 0.633726
0.026501 0.017619 0.016714 0.631891
0.013253 0.005754 0.035422 0.575983
0.013270 0.010295 0.034121 0.583092
0.013298 0.019889 0.031989 0.596230
0.011029 0.019934 0.031501 0.597395
0.013303 0.016788 0.031611 0.596230
0.011066 0.007668 0.034364 0.577725
0.011032 0.016213 0.031740 0.597395
0.011043 0.013060 0.032582 0.586381
0.013308 0.013155 0.031287 0.590341
0.011026 0.010411 0.031347 0.582396
0.011055 0.045000 0.033518 0.623183
0.013278 0.045000 0.033518 0.624684
0.040000 0.040000 0.000000 0.690445
0.037500 0.040000 -0.002000 0.686868
0.040000 0.040000 -0.004000 0.683408
0.037929 0.036615 0.004000 0.684159
0.037898 0.031775 0.004000 0.679648
0.013306 0.041433 0.031432 0.622866
0.011026 0.041317 0.031308 0.621131
0.037500 0.042500 0.000000 0.686868
0.037821 0.041435 0.004000 0.688430
0.034892 0.042125 0.002000 0.683779
0.026466 0.045000 0.014052 0.665474
0.029232 0.041330 0.011708 0.667638
0.029201 0.045000 0.014052 0.668704
0.035000 0.045000 0.000000 0.695124
0.033556 0.045000 0.004000 0.689245
0.036892 0.036708 0.000000 0.690929
0.036678 0.036176 -0.004000 0.668713
0.011016 0.030602 0.030529 0.612107
0.011030 0.033830 0.031576 0.614079
0.011000 0.037334 0.029320 0.617972
0.013339 0.037440 0.028882 0.621450
0.013322 0.033731 0.030231 0.617640
0.011055 -0.005000 0.033518 0.565654
0.040000 -0.005000 0.000000 0.627806
0.035670 0.022500 -0.004000 0.654166
0.029283 0.041711 0.007840 0.673319
0.026434 0.040396 0.011627 0.664435
0.038773 0.002223 0.004000 0.628280
0.040000 0.000000 0.000000 0.635552
0.036634 -0.000584 0.004000 0.622960
0.037778 -0.005000 0.004000 0.625203
0.037500 0.000000 -0.002000 0.623962
0.040000 0.000000 -0.004000 0.625153
0.026466 -0.005000 0.014052 0.600803
0.037500 -0.002500 0.000000 0.623962
0.011063 0.002753 0.034103 0.568733
0.013284 0.002349 0.033058 0.570126
0.011027 -0.001382 0.031378 0.563512
0.013311 -0.001072 0.031043 0.567259
0.013339 -0.005000 0.028929 0.568685
0.029267 -0.005000 0.009026 0.605423
0.040000 0.010000 0.000000 0.654025
0.040000 0.005000 0.000000 0.639669
0.037906 0.011786 0.004000 0.644439
0.037871 0.006468 0.004000 0.636226
0.036325 0.003314 0.000000 0.638854
0.040000 0.005000 -0.004000 0.633085
0.040000 0.010000 -0.004000 0.638978
0.036441 0.003171 -0.004000 0.624486
0.035670 0.022500 0.000000 0.673225
0.036407 0.032541 0.000000 0.676767
0.035996 0.027723 0.000000 0.680414
0.035835 0.027378 -0.004000 0.660213
0.036266 0.032276 -0.004000 0.667395
0.029225 0.033300 0.012270 0.659318
0.029272 0.037239 0.008645 0.665913
0.026436 0.034684 0.011820 0.659327
0.011028 0.023713 0.031430 0.601467
0.013299 0.023629 0.031929 0.603084
0.013310 0.029814 0.031139 0.613296
0.011028 0.027199 0.031450 0.605865
0.013290 0.026757 0.032598 0.606567
0.013351 0.030881 0.028024 0.617329
0.010988 0.028957 0.028428 0.611372
0.026433 -0.001443 0.011588 0.601991
0.026466 0.002789 0.014072 0.606587
0.029232 -0.000424 0.011675 0.603639
0.027834 -0.001251 0.008473 0.603639
0.029290 -0.001236 0.007285 0.607539
0.029225 0.004965 0.012211 0.613928
0.036100 0.017771 0.000000 0.654538
0.036094 0.013220 0.000000 0.653983
0.035693 0.017536 -0.004000 0.647903
0.035614 0.012788 -0.004000 0.637425
0.029220 0.009969 0.012620 0.622125
0.026438 0.006419 0.011967 0.614280
0.029220 0.029501 0.012610 0.654655
0.026442 0.029745 0.012248 0.652103
0.033676 0.028399 0.004000 0.668560
0.029221 0.024650 0.012567 0.646651
0.026444 0.024938 0.012391 0.644479
0.031630 0.020184 -0.004000 0.655682
0.029219 0.020000 0.012660 0.639541
0.033625 0.013343 0.004000 0.644204
0.032035 0.020358 0.000000 0.657115
0.033594 0.023341 0.004000 0.662456
0.033600 0.018355 0.004000 0.654534
0.029222 0.014942 0.012487 0.631560
0.026442 0.010349 0.012239 0.620691
0.029276 0.012500 0.008330 0.632030
0.026447 0.020000 0.012660 0.637142
0.026444 0.015119 0.012430 0.629322
0.010978 0.025623 0.027695 0.606641
0.013333 0.021744 0.029331 0.603305
0.010982 0.021720 0.027976 0.601375
0.013304 0.006341 0.031575 0.578959
0.013321 0.010249 0.030291 0.585631
0.013345 0.018681 0.028471 0.600707
0.013338 0.015453 0.028990 0.595505
0.010986 0.017775 0.028261 0.597041
0.011014 0.006482 0.030430 0.577427
0.013342 0.002923 0.028683 0.574658
0.010990 0.013316 0.028560 0.589814
0.013359 0.012446 0.027394 0.595505
0.010987 0.009671 0.028352 0.583070
0.010995 0.045000 0.028929 0.625019
0.013339 0.045000 0.028929 0.627193
0.033607 0.038084 0.004000 0.678910
0.035000 0.040000 0.000000 0.682228
0.035000 0.040000 -0.004000 0.676448
0.033686 0.033391 0.004000 0.674932
0.013369 0.041169 0.026640 0.627547
0.012167 0.041091 0.026534 0.625153
0.010963 0.041105 0.026494 0.625153
0.032500 0.042500 0.000000 0.682228
0.032283 0.041750 0.004000 0.683779
0.026399 0.045000 0.009026 0.668679
0.029267 0.045000 0.009026 0.672539
0.030000 0.045000 0.000000 0.688082
0.030000 0.040000 -0.004000 0.672566
0.029333 0.045000 0.004000 0.681850
0.026375 0.041434 0.007196 0.670740
0.027832 0.042893 0.006136 0.673319
0.032513 0.035513 0.000000 0.684251
0.032215 0.035409 -0.004000 0.664890
0.010972 0.032630 0.027233 0.616472
0.010932 0.036771 0.024178 0.624110
0.013404 0.037240 0.023981 0.628398
0.013375 0.033531 0.026173 0.621526
0.010995 -0.005000 0.028929 0.565263
0.035000 -0.005000 0.000000 0.627905
0.033556 -0.005000 0.004000 0.622068
0.031535 0.024813 -0.004000 0.655882
0.029333 0.040000 0.004000 0.676348
0.026380 0.037297 0.007547 0.666509
0.034181 0.002620 0.004000 0.624297
0.035000 0.000000 0.000000 0.620032
0.033561 -0.001760 0.004000 0.619821
0.035000 0.000000 -0.004000 0.623753
0.026399 -0.005000 0.009026 0.602502
0.029333 -0.005000 0.004000 0.613657
0.032500 -0.002500 0.000000 0.620032
0.010993 0.002631 0.028800 0.570645
0.010963 -0.001158 0.026489 0.566380
0.013371 -0.000964 0.026491 0.570402
0.013402 -0.005000 0.024090 0.573330
0.027833 -0.002505 0.006238 0.607539
0.026376 -0.001900 0.007260 0.604815
0.035495 0.007696 0.000000 0.634752
0.033775 0.008214 0.004000 0.635276
0.029333 0.000000 0.004000 0.610907
0.032501 0.003729 0.000000 0.624827
0.035376 0.007534 -0.004000 0.630555
0.032222 0.003492 -0.004000 0.622224
0.030000 0.000000 -0.004000 0.617492
0.031722 0.025100 0.000000 0.661419
0.032092 0.029997 0.000000 0.679356
0.032083 0.029792 -0.004000 0.662672
0.029333 0.035000 0.004000 0.667612
0.029275 0.031734 0.008413 0.660127
0.026388 0.032382 0.008187 0.661506
0.013349 0.026156 0.028136 0.610319
0.013400 0.029657 0.024303 0.620959
0.010934 0.028670 0.024295 0.615689
0.029333 0.005000 0.004000 0.622380
0.026392 0.002468 0.008453 0.609356
0.027834 -0.000000 0.006496 0.607539
0.029285 0.002533 0.007687 0.612918
0.029277 0.007463 0.008269 0.622577
0.031794 0.015623 0.000000 0.645721
0.032172 0.011647 0.000000 0.648360
0.031756 0.015360 -0.004000 0.640092
0.031951 0.011550 -0.004000 0.632661
0.029333 0.010000 0.004000 0.631435
0.026389 0.007823 0.008196 0.620078
0.029333 0.030000 0.004000 0.663063
0.029278 0.027219 0.008193 0.655219
0.026390 0.027500 0.008330 0.652673
0.029333 0.025000 0.004000 0.656556
0.029276 0.022500 0.008330 0.648229
0.026390 0.022500 0.008330 0.645421
0.027881 0.022644 0.000000 0.663543
0.027800 0.022389 -0.004000 0.647932
0.029629 0.014020 -0.002000 0.649761
0.027673 0.017611 -0.004000 0.639681
0.028160 0.017903 0.000000 0.644792
0.029276 0.017500 0.008330 0.640978
0.029333 0.015000 0.004000 0.639986
0.029333 0.020000 0.004000 0.648789
0.026388 0.012660 0.008190 0.630475
0.026390 0.017500 0.008330 0.638764
0.010934 0.023535 0.024325 0.607906
0.013388 0.021528 0.025200 0.608532
0.010948 0.019844 0.025349 0.599157
0.013367 0.007800 0.026780 0.584545
0.013398 0.003134 0.024441 0.579913
0.013394 0.016195 0.024758 0.602176
0.010932 0.016226 0.024161 0.599157
0.010954 0.006613 0.025801 0.581495
0.013406 0.011499 0.023820 0.594561
0.010932 0.011344 0.024139 0.589647
0.010931 0.045000 0.024090 0.631042
0.013402 0.045000 0.024090 0.634244
0.030000 0.040000 0.000000 0.690157
0.028574 0.032111 0.000000 0.674350
0.028328 0.031912 -0.004000 0.659425
0.013433 0.040804 0.021794 0.636504
0.010896 0.040666 0.021416 0.633205
0.025000 0.040000 -0.004000 0.665772
0.027500 0.042500 0.000000 0.670084
0.026333 0.045000 0.004000 0.676478
0.025000 0.045000 0.000000 0.679565
0.026830 0.035683 -0.004000 0.659024
0.026333 0.040000 0.004000 0.672931
0.027250 0.035856 0.000000 0.664060
0.010869 0.036863 0.019377 0.630968
0.010900 0.032613 0.021754 0.624569
0.013468 0.036677 0.019067 0.634854
0.013438 0.033255 0.021403 0.629260
0.010931 -0.005000 0.024090 0.569220
0.030000 -0.005000 0.000000 0.619025
0.027243 0.027428 -0.004000 0.653373
0.026333 0.035000 0.004000 0.665286
0.010878 0.029165 0.020046 0.621818
0.013453 0.029429 0.020230 0.626501
0.030000 0.000000 0.000000 0.623600
0.026333 -0.005000 0.004000 0.609086
0.027500 -0.002500 0.000000 0.615788
0.010926 0.002911 0.023707 0.576357
0.010896 -0.000984 0.021446 0.573683
0.013432 -0.000963 0.021802 0.577630
0.013468 -0.005000 0.019078 0.579648
0.026333 0.000000 0.004000 0.606945
0.023708 -0.001657 0.004000 0.600128
0.030186 0.008293 0.000000 0.640006
0.027611 0.004264 0.000000 0.624799
0.029611 0.007690 -0.004000 0.625672
0.027414 0.003980 -0.004000 0.614030
0.025000 0.000000 -0.004000 0.609867
0.027326 0.027746 0.000000 0.669791
0.026333 0.030000 0.004000 0.660298
0.013429 0.024881 0.022036 0.618482
0.010887 0.024963 0.020745 0.615636
0.026333 0.005000 0.004000 0.617305
0.027502 0.012680 0.000000 0.633493
0.027418 0.012820 -0.004000 0.631400
0.026333 0.010000 0.004000 0.628016
0.024149 0.023826 -0.004000 0.646142
0.023872 0.020014 -0.004000 0.646142
0.024221 0.016096 -0.004000 0.631400
0.024209 0.024019 0.000000 0.647582
0.026333 0.025000 0.004000 0.653247
0.026333 0.020000 0.004000 0.644895
0.023966 0.020048 0.000000 0.662018
0.024358 0.016249 0.000000 0.635661
0.026333 0.015000 0.004000 0.637254
0.010894 0.019960 0.021285 0.607279
0.013443 0.019757 0.021032 0.611275
0.013462 0.003097 0.019527 0.585327
0.013428 0.007049 0.022132 0.590704
0.013448 0.014704 0.020590 0.604248
0.013455 0.010827 0.020069 0.598331
0.010884 0.014945 0.020499 0.599949
0.010897 0.007171 0.021543 0.587360
0.010875 0.010784 0.019847 0.593704
0.010865 0.045000 0.019078 0.639010
0.013468 0.045000 0.019078 0.643200
0.025000 0.040000 0.000000 0.670084
0.024514 0.031970 0.000000 0.669306
0.024370 0.031578 -0.004000 0.652943
0.022500 0.042500 0.000000 0.667084
0.022111 0.045000 0.004000 0.671652
0.020000 0.040000 -0.004000 0.658033
0.013500 0.040742 0.016695 0.642493
0.010834 0.040608 0.016749 0.638197
0.022207 0.035828 -0.004000 0.651969
0.023032 0.041372 0.004000 0.669612
0.013531 0.037078 0.014345 0.638678
0.010818 0.037021 0.015533 0.635016
0.020000 0.045000 0.000000 0.671654
0.022423 0.035913 0.000000 0.670304
0.022827 0.036777 0.004000 0.662072
0.010835 0.032585 0.016806 0.630210
0.013501 0.032316 0.016594 0.634008
0.010865 -0.005000 0.019078 0.574843
0.025000 -0.005000 0.000000 0.611182
0.022191 0.027544 0.000000 0.649169
0.021968 0.027409 -0.004000 0.645212
0.022542 0.031852 0.004000 0.657863
0.010831 0.027433 0.016476 0.622713
0.013500 0.026938 0.016702 0.626293
0.025000 0.000000 0.000000 0.615788
0.022111 -0.005000 0.004000 0.604605
0.022500 -0.002500 0.000000 0.602096
0.010862 0.003066 0.018813 0.581949
0.010829 -0.000996 0.016343 0.577046
0.013494 -0.001057 0.017095 0.581000
0.013534 -0.005000 0.014052 0.581685
0.013514 0.002845 0.015599 0.587558
0.023106 0.002223 0.004000 0.604711
0.020967 -0.000584 0.004000 0.600128
0.025131 0.008580 0.000000 0.622620
0.022500 0.004330 0.000000 0.617740
0.021979 0.002318 -0.002222 0.617740
0.020000 0.000000 -0.004000 0.603666
0.024652 0.008062 -0.004000 0.618108
0.022500 0.004330 -0.004000 0.606774
0.019934 0.022834 -0.004000 0.634406
0.022205 0.026697 0.004000 0.649702
0.013496 0.022324 0.016957 0.619395
0.010836 0.022404 0.016838 0.616048
0.022283 0.012528 -0.004000 0.623228
0.022205 0.006453 0.004000 0.612923
0.019996 0.016982 -0.004000 0.627593
0.022507 0.012916 0.000000 0.639428
0.022147 0.011681 0.004000 0.625076
0.020029 0.023014 0.000000 0.650832
0.020046 0.017115 0.000000 0.629834
0.022201 0.021711 0.004000 0.641164
0.022118 0.016743 0.004000 0.634753
0.010835 0.017510 0.016815 0.608872
0.013500 0.017159 0.016698 0.612488
0.013498 0.007369 0.016801 0.594887
0.013500 0.012331 0.016681 0.604267
0.010828 0.012562 0.016287 0.600337
0.010829 0.007428 0.016331 0.591557
0.010799 0.045000 0.014052 0.643209
0.013565 0.041330 0.011708 0.645828
0.013534 0.045000 0.014052 0.647759
0.020000 0.040000 0.000000 0.658477
0.017889 0.045000 0.004000 0.664625
0.017500 0.042500 0.000000 0.658477
0.019936 0.031816 0.000000 0.649436
0.019594 0.031538 -0.004000 0.649940
0.015000 0.040000 -0.004000 0.651290
0.017889 0.042385 0.004000 0.661177
0.013616 0.041711 0.007840 0.650242
0.017500 0.035670 -0.004000 0.645079
0.017478 0.037465 -0.002000 0.663000
0.010767 0.040396 0.011605 0.641194
0.017500 0.035670 0.000000 0.663000
0.018452 0.038430 0.004000 0.654409
0.013558 0.033300 0.012270 0.636928
0.013606 0.037239 0.008645 0.642425
0.010770 0.034683 0.011835 0.634707
0.015000 0.045000 0.000000 0.661182
0.017487 0.027090 -0.004000 0.639185
0.018350 0.033518 0.004000 0.650715
0.013553 0.029501 0.012610 0.632381
0.010776 0.029809 0.012282 0.628315
0.010799 -0.005000 0.014052 0.577183
0.020000 -0.005000 0.000000 0.604769
0.017889 -0.005000 0.004000 0.597355
0.017743 0.027585 0.000000 0.641558
0.018308 0.028548 0.004000 0.646888
0.013554 0.024650 0.012567 0.624889
0.010778 0.024916 0.012464 0.620778
0.015590 0.023688 -0.004000 0.631371
0.020000 0.000000 0.000000 0.595039
0.017894 -0.001760 0.004000 0.594262
0.013601 -0.005000 0.009026 0.582009
0.017500 -0.002500 0.000000 0.595039
0.015000 0.000000 -0.004000 0.596691
0.010799 0.002785 0.014076 0.582311
0.010767 -0.001445 0.011588 0.576281
0.013566 -0.000424 0.011675 0.580509
0.013559 0.004964 0.012211 0.591743
0.013623 -0.001236 0.007285 0.583710
0.018514 0.002620 0.004000 0.598328
0.020403 0.008472 0.000000 0.627334
0.017789 0.004186 0.000000 0.612774
0.017605 0.004038 -0.004000 0.600762
0.019983 0.008151 -0.004000 0.610904
0.016040 0.019909 -0.004000 0.615898
0.016130 0.019988 0.000000 0.629026
0.015764 0.023894 0.000000 0.632220
0.018018 0.023362 0.004000 0.634940
0.013553 0.020000 0.012660 0.617541
0.010781 0.020000 0.012660 0.613993
0.017810 0.012454 -0.004000 0.617994
0.015793 0.015981 -0.004000 0.617696
0.018032 0.012590 0.000000 0.618665
0.018078 0.008211 0.004000 0.608983
0.015894 0.016161 0.000000 0.629026
0.018048 0.013341 0.004000 0.620535
0.018012 0.018437 0.004000 0.628041
0.010777 0.015122 0.012407 0.605778
0.013555 0.014942 0.012486 0.609522
0.013553 0.009969 0.012620 0.600181
0.013610 0.012500 0.008330 0.607909
0.010775 0.010450 0.012215 0.597055
0.010772 0.006423 0.011969 0.590320
0.010733 0.045000 0.009026 0.644555
0.013601 0.045000 0.009026 0.649215
0.015000 0.040000 0.000000 0.653237
0.013667 0.045000 0.004000 0.654463
0.012500 0.042500 0.000000 0.653237
0.010709 0.041434 0.007196 0.646365
0.012166 0.042893 0.006136 0.646365
0.015220 0.031662 0.000000 0.657323
0.015002 0.031456 -0.004000 0.642795
0.012503 0.035769 -0.004000 0.639398
0.010000 0.040000 -0.004000 0.642861
0.013667 0.040000 0.004000 0.652397
0.012644 0.035802 0.000000 0.642150
0.010713 0.037297 0.007544 0.641378
0.013667 0.035000 0.004000 0.644489
0.013609 0.031734 0.008413 0.637055
0.010722 0.032377 0.008191 0.635146
0.010000 0.045000 0.000000 0.651172
0.012469 0.027143 -0.004000 0.632221
0.012514 0.027128 0.000000 0.632220
0.013667 0.030000 0.004000 0.639416
0.013611 0.027219 0.008193 0.631932
0.010724 0.027500 0.008330 0.627482
0.010733 -0.005000 0.009026 0.577342
0.013667 -0.005000 0.004000 0.588152
0.015000 -0.005000 0.000000 0.594703
0.013667 0.025000 0.004000 0.632737
0.013610 0.022500 0.008330 0.624438
0.010724 0.022500 0.008330 0.620200
0.012362 0.022375 0.000000 0.624209
0.011898 0.022031 -0.004000 0.622755
0.015000 0.000000 0.000000 0.591290
0.013667 0.000000 0.004000 0.587793
0.010710 -0.001900 0.007260 0.579009
0.012167 -0.002571 0.006121 0.579009
0.012500 -0.002500 0.000000 0.591290
0.012747 0.004147 -0.004000 0.595286
0.010000 0.000000 -0.004000 0.587481
0.010725 0.002467 0.008452 0.582890
0.012167 -0.000000 0.006496 0.579009
0.013610 0.007464 0.008270 0.598639
0.013618 0.002534 0.007687 0.589115
0.013148 0.004327 0.000000 0.593940
0.013667 0.005000 0.004000 0.598736
0.015623 0.008426 0.000000 0.606930
0.015482 0.008026 -0.004000 0.607049
0.011426 0.007887 -0.004000 0.599179
0.012677 0.012254 -0.004000 0.608116
0.012124 0.017352 -0.004000 0.613104
0.012202 0.017619 0.000000 0.626698
0.013667 0.020000 0.004000 0.621225
0.013610 0.017500 0.008330 0.616509
0.010724 0.017500 0.008330 0.612378
0.012751 0.012570 0.000000 0.619399
0.013667 0.010000 0.004000 0.606476
0.013667 0.015000 0.004000 0.613081
0.010722 0.012718 0.008220 0.604118
0.010722 0.007825 0.008193 0.594409
0.010667 0.045000 0.004000 0.648775
0.007500 0.042500 0.000000 0.638782
0.005000 0.045000 0.000000 0.643223
0.010000 0.040000 0.000000 0.645070
0.010667 0.040000 0.004000 0.648007
0.005000 0.040000 -0.004000 0.633362
0.010052 0.031794 -0.004000 0.631455
0.007570 0.036317 -0.004000 0.627178
0.010363 0.032193 0.000000 0.631771
0.007680 0.036544 0.000000 0.644013
0.010667 0.035000 0.004000 0.638343
0.007951 0.028265 -0.004000 0.623175
0.010667 0.030000 0.004000 0.632982
0.007939 0.028454 0.000000 0.638785
0.006444 0.045000 0.004000 0.643084
0.002222 0.045000 0.004000 0.634248
0.000000 0.045000 0.000000 0.631404
-0.005000 0.045000 0.000000 0.631534
0.008263 0.024234 -0.004000 0.618244
0.008136 0.024640 0.000000 0.617718
0.010667 0.025000 0.004000 0.627460
0.010667 -0.005000 0.004000 0.582248
0.010271 -0.002078 0.002000 0.582352
0.010000 -0.005000 0.000000 0.584619
0.008042 0.019690 -0.004000 0.606964
0.010667 0.020000 0.004000 0.614791
0.008321 0.019872 0.000000 0.609865
0.010000 0.000000 0.000000 0.581513
0.010667 0.000000 0.004000 0.582352
0.007500 -0.002500 0.000000 0.574236
0.008041 -0.001657 0.004000 0.570859
0.005000 0.000000 -0.004000 0.578010
0.003108 0.003292 -0.004000 0.574433
0.008290 0.014885 -0.004000 0.599651
0.007487 0.004487 -0.004000 0.581898
0.007912 0.010004 -0.004000 0.591990
0.007785 0.004591 0.000000 0.593530
0.010667 0.005000 0.004000 0.592464
0.011657 0.008079 0.000000 0.597884
0.007890 0.010228 0.000000 0.602869
0.008491 0.015154 0.000000 0.613355
0.010667 0.015000 0.004000 0.606490
0.010667 0.010000 0.004000 0.600261
0.005000 0.040000 0.000000 0.638782
0.007365 0.041372 0.004000 0.641206
0.002500 0.042500 0.000000 0.627052
0.004861 0.042442 0.002000 0.641206
0.003769 0.036725 -0.004000 0.619592
0.000000 0.040000 -0.004000 0.628817
0.004611 0.032145 -0.004000 0.619471
0.000000 0.035000 -0.004000 0.624607
0.007160 0.036777 0.004000 0.631240
0.003592 0.036860 0.000000 0.634248
0.004090 0.026705 -0.004000 0.614538
0.000000 0.030000 -0.004000 0.620834
0.004721 0.032399 0.000000 0.634369
0.006875 0.031852 0.004000 0.624974
0.003918 0.022258 -0.004000 0.605209
0.000000 0.025000 -0.004000 0.611554
0.004291 0.027182 0.000000 0.612848
0.006538 0.026697 0.004000 0.620414
0.002222 0.042385 0.004000 0.631070
0.000000 0.040000 0.000000 0.641108
-0.002500 0.042500 0.000000 0.641108
-0.005000 0.042500 0.002000 0.624168
-0.005000 0.040000 0.000000 0.626045
-0.002000 0.045000 0.004000 0.629836
-0.003501 0.042893 0.006136 0.621730
-0.005000 0.045000 0.004000 0.627758
0.004330 0.017500 -0.004000 0.599145
0.000000 0.020000 -0.004000 0.603666
0.004259 0.022455 0.000000 0.618848
0.006534 0.021711 0.004000 0.610448
0.000000 0.000000 -0.004000 0.574801
0.006444 -0.005000 0.004000 0.575437
0.005000 -0.005000 0.000000 0.576353
0.004012 0.012276 -0.004000 0.589002
0.000000 0.015000 -0.004000 0.594712
0.000000 0.010000 -0.004000 0.585840
0.004330 0.017500 0.000000 0.609501
0.006452 0.016743 0.004000 0.600356
0.005000 0.000000 0.000000 0.574236
0.007439 0.002223 0.004000 0.576163
0.002500 -0.002500 0.000000 0.565507
0.005300 -0.000584 0.004000 0.570859
0.003593 0.007459 -0.004000 0.580504
0.000000 0.005000 -0.004000 0.579627
0.000000 0.002500 -0.002000 0.565616
0.003322 0.003824 0.000000 0.583078
0.004186 0.012639 0.000000 0.599650
0.003733 0.007704 0.000000 0.589825
0.006538 0.006453 0.004000 0.582252
0.006480 0.011681 0.004000 0.590647
0.000000 -0.005000 0.000000 0.565469
-0.005000 -0.005000 0.000000 0.565343
0.002222 -0.005000 0.004000 0.567124
0.002785 0.038430 0.004000 0.624039
0.000000 0.035000 0.000000 0.617128
-0.002500 0.037500 0.000000 0.619780
0.000000 0.030000 0.000000 0.614531
0.002684 0.033518 0.004000 0.620288
-0.002500 0.032500 0.000000 0.617128
-0.005000 0.035000 0.000000 0.623019
-0.005000 0.030000 0.000000 0.615967
0.000000 0.025000 0.000000 0.606374
-0.002500 0.027500 0.000000 0.606374
0.002641 0.028548 0.004000 0.616662
-0.005000 0.025000 0.000000 0.608157
0.000000 0.020000 0.000000 0.592585
-0.002500 0.022500 0.000000 0.601639
0.002352 0.023362 0.004000 0.604469
-0.005000 0.040000 0.004000 0.624168
-0.004934 0.045000 0.009026 0.624639
-0.002066 0.045000 0.009026 0.625166
-0.002000 0.040000 0.004000 0.626654
-0.002051 0.041711 0.007840 0.626221
-0.004958 0.041434 0.007196 0.621730
-0.005000 0.020000 0.000000 0.599697
0.000000 0.015000 0.000000 0.600643
0.002345 0.018437 0.004000 0.595339
-0.002500 0.017500 0.000000 0.592585
-0.005000 0.015000 0.000000 0.589450
0.000000 0.000000 0.000000 0.563042
0.002227 -0.001760 0.004000 0.564621
-0.002500 -0.002500 0.000000 0.563042
-0.005000 -0.002500 0.002000 0.561906
-0.005000 0.000000 0.000000 0.564855
0.000000 0.010000 0.000000 0.591402
0.002382 0.013341 0.004000 0.586144
-0.002500 0.012500 0.000000 0.600643
-0.005000 0.010000 0.000000 0.580854
0.002848 0.002620 0.004000 0.568037
0.000000 0.005000 0.000000 0.574408
0.002411 0.008211 0.004000 0.576808
-0.002500 0.002500 0.000000 0.565616
-0.002500 0.007500 0.000000 0.574408
-0.005000 0.005000 0.000000 0.573795
-0.005000 -0.005000 0.004000 0.562072
-0.002000 -0.005000 0.004000 0.563002
-0.003500 -0.002505 0.006238 0.556896
-0.005000 0.035000 0.004000 0.619691
-0.002000 0.035000 0.004000 0.621887
-0.002000 0.030000 0.004000 0.616131
-0.005000 0.030000 0.004000 0.613337
-0.005000 0.025000 0.004000 0.605365
-0.002000 0.025000 0.004000 0.608176
-0.005000 0.020000 0.004000 0.596689
-0.002000 0.020000 0.004000 0.597480
-0.002132 0.045000 0.014052 0.626031
-0.004868 0.045000 0.014052 0.626136
-0.004953 0.037297 0.007547 0.616251
-0.004900 0.040396 0.011627 0.620127
-0.002102 0.041304 0.011740 0.623997
-0.002061 0.037240 0.008645 0.619938
-0.002198 0.045000 0.019078 0.624072
-0.004802 0.045000 0.019078 0.623002
-0.002264 0.045000 0.024090 0.617707
-0.005000 0.015000 0.004000 0.587425
-0.005000 0.010000 0.004000 0.578524
-0.002000 0.015000 0.004000 0.588626
-0.005000 0.000000 0.004000 0.561906
-0.004957 -0.001900 0.007260 0.556896
-0.002000 0.000000 0.004000 0.562081
-0.003499 -0.000000 0.006496 0.556896
-0.005000 0.005000 0.004000 0.570616
-0.002000 0.010000 0.004000 0.580026
-0.002000 0.005000 0.004000 0.571437
-0.003499 -0.001251 0.008473 0.555048
-0.002043 -0.001236 0.007285 0.558639
-0.004934 -0.005000 0.009026 0.557566
-0.002066 -0.005000 0.009026 0.557863
-0.004945 0.032382 0.008188 0.611682
-0.004943 0.022500 0.008330 0.595819
-0.004943 0.017500 0.008330 0.588707
-0.002059 0.031808 0.008487 0.614143
-0.004943 0.027500 0.008330 0.603477
-0.002057 0.017500 0.008330 0.592110
-0.002055 0.027274 0.008205 0.607408
-0.002057 0.022500 0.008330 0.599722
-0.002167 0.040758 0.016711 0.622916
-0.004831 0.040627 0.016843 0.622898
-0.004897 0.034686 0.011820 0.612078
-0.004847 0.037012 0.015628 0.619120
-0.002136 0.037083 0.014347 0.618340
-0.002109 0.033306 0.012253 0.613678
-0.002233 0.040946 0.021710 0.619163
-0.003488 0.043366 0.024016 0.615283
-0.004736 0.045000 0.024090 0.615283
-0.004770 0.040741 0.021502 0.617543
-0.002297 0.041212 0.026597 0.612327
-0.004672 0.045000 0.028929 0.610069
-0.002328 0.045000 0.028929 0.612287
-0.002388 0.045000 0.033518 0.610541
-0.002446 0.045000 0.037871 0.605950
-0.004612 0.045000 0.033518 0.609210
-0.004554 0.045000 0.037871 0.603012
-0.002500 0.045000 0.042000 0.596594
-0.004945 0.012657 0.008190 0.580374
-0.004900 -0.001443 0.011588 0.555048
-0.004945 0.007823 0.008197 0.570211
-0.002057 0.012500 0.008330 0.583613
-0.004941 0.002468 0.008453 0.559871
-0.002049 0.002533 0.007687 0.563065
-0.002056 0.007463 0.008269 0.572773
-0.002101 -0.000424 0.011675 0.557050
-0.004868 -0.005000 0.014052 0.559303
-0.002132 -0.005000 0.014052 0.559513
-0.004891 0.029751 0.012247 0.609270
-0.004889 0.024954 0.012419 0.601764
-0.002112 0.014927 0.012499 0.586739
-0.004890 0.015112 0.012395 0.586322
-0.004886 0.020000 0.012660 0.593812
-0.002113 0.029507 0.012588 0.609079
-0.002114 0.020000 0.012660 0.594017
-0.002113 0.024660 0.012575 0.602239
-0.004831 0.032574 0.016860 0.614531
-0.002198 0.036701 0.019070 0.616922
-0.004798 0.036831 0.019322 0.614919
-0.003499 0.032422 0.016694 0.614531
-0.002166 0.032314 0.016613 0.612732
-0.002262 0.037302 0.023947 0.613328
-0.004705 0.041038 0.026423 0.608189
-0.003500 0.039263 0.027801 0.608189
-0.004735 0.036724 0.024124 0.606802
-0.002361 0.041399 0.031435 0.608605
-0.002328 0.037413 0.028947 0.607954
-0.004500 0.045000 0.042000 0.591210
-0.002420 0.041670 0.035894 0.605262
-0.002463 0.042261 0.039208 0.601843
-0.004641 0.041397 0.031294 0.606700
-0.003505 0.042311 0.039022 0.599635
-0.003548 0.041473 0.035637 0.604512
-0.004580 0.041703 0.035906 0.604512
-0.004537 0.042256 0.039173 0.599635
-0.002500 0.041154 0.042000 0.593069
-0.004892 0.010346 0.012239 0.577981
-0.004895 0.006418 0.011968 0.570989
-0.004867 0.002789 0.014071 0.562868
-0.004836 -0.000857 0.016435 0.559339
-0.002113 0.009969 0.012619 0.577352
-0.002108 0.004965 0.012211 0.567997
-0.002153 0.002845 0.015599 0.564512
-0.002172 -0.001057 0.017094 0.559505
-0.004802 -0.005000 0.019078 0.558327
-0.002198 -0.005000 0.019078 0.559266
-0.004838 0.027415 0.016309 0.606616
-0.004833 0.022468 0.016723 0.599627
-0.004838 0.012690 0.016348 0.584439
-0.002167 0.012331 0.016682 0.582547
-0.002168 0.017150 0.016730 0.590613
-0.004833 0.017571 0.016700 0.592855
-0.002167 0.026966 0.016682 0.605589
-0.002170 0.022328 0.016952 0.598251
-0.004790 0.029147 0.019964 0.606774
-0.004767 0.032626 0.021730 0.610076
-0.002230 0.033351 0.021448 0.611464
-0.002213 0.029477 0.020217 0.607383
-0.002292 0.033536 0.026186 0.605849
-0.004668 0.037397 0.029250 0.600975
-0.004695 0.032629 0.027196 0.598932
-0.002346 0.033788 0.030300 0.602644
-0.002397 0.037295 0.034163 0.603477
-0.004500 0.041154 0.042000 0.586645
-0.002459 0.039165 0.038861 0.599696
-0.004597 0.037622 0.034603 0.601007
-0.004542 0.039197 0.038837 0.595041
-0.002500 0.037308 0.042000 0.590458
-0.004839 0.007395 0.016245 0.574830
-0.004804 0.003101 0.018879 0.564961
-0.004770 -0.000874 0.021490 0.556708
-0.004736 -0.005000 0.024090 0.552628
-0.002168 0.007370 0.016801 0.571792
-0.002204 0.003096 0.019531 0.562983
-0.002234 -0.000982 0.021805 0.557098
-0.002264 -0.005000 0.024090 0.555452
-0.002211 0.010828 0.020069 0.578147
-0.004781 0.025060 0.020616 0.599898
-0.004790 0.010862 0.019948 0.577690
-0.004781 0.014975 0.020666 0.584441
-0.004774 0.020098 0.021199 0.593069
-0.002218 0.014707 0.020596 0.584508
-0.002224 0.019756 0.021034 0.591784
-0.004733 0.028610 0.024264 0.599070
-0.002238 0.024883 0.022074 0.600153
-0.002267 0.029644 0.024282 0.603873
-0.002316 0.030871 0.028021 0.601046
-0.004679 0.028975 0.028426 0.594255
-0.002357 0.029840 0.031147 0.597417
-0.004637 0.033857 0.031556 0.598162
-0.004651 0.030625 0.030524 0.595979
-0.002402 0.032671 0.034516 0.599507
-0.004583 0.033736 0.035718 0.596651
-0.002453 0.034918 0.038419 0.597570
-0.004500 0.037308 0.042000 0.583473
-0.004546 0.035688 0.038540 0.595041
-0.002500 0.033462 0.042000 0.588603
-0.004769 0.007164 0.021545 0.571012
-0.004740 0.002979 0.023765 0.557658
-0.004672 -0.005000 0.028929 0.548783
-0.004703 -0.001193 0.026541 0.547474
-0.002328 -0.005000 0.028929 0.552420
-0.002239 0.007048 0.022133 0.569757
-0.002269 0.003071 0.024440 0.559976
-0.002296 -0.000978 0.026503 0.553164
-0.004612 -0.005000 0.033518 0.548615
-0.002388 -0.005000 0.033518 0.553040
-0.004554 -0.005000 0.037871 0.545211
-0.002446 -0.005000 0.037871 0.550532
-0.002261 0.011486 0.023813 0.576820
-0.004734 0.023770 0.024210 0.590741
-0.004733 0.011343 0.024269 0.571766
-0.004733 0.016333 0.024308 0.581694
-0.004718 0.020081 0.025451 0.590741
-0.002273 0.016198 0.024747 0.584503
-0.002279 0.021542 0.025204 0.592043
-0.004688 0.025616 0.027709 0.588767
-0.002318 0.026084 0.028154 0.594302
-0.004639 0.027268 0.031429 0.589641
-0.002376 0.026714 0.032572 0.591742
-0.002408 0.028940 0.034981 0.594878
-0.004601 0.030448 0.034307 0.594895
-0.002455 0.031067 0.038576 0.594566
-0.004547 0.031497 0.038454 0.591361
-0.004500 0.033462 0.042000 0.582140
-0.002500 0.029615 0.042000 0.585260
-0.004712 0.006686 0.025924 0.563904
-0.004674 0.002551 0.028791 0.551630
-0.004640 -0.001440 0.031331 0.545153
-0.002356 -0.001079 0.031036 0.551126
-0.002299 0.007780 0.026744 0.567112
-0.002325 0.002899 0.028674 0.557371
-0.004581 -0.001727 0.035821 0.544201
-0.004535 -0.002307 0.039325 0.542679
-0.002417 -0.001298 0.035662 0.550082
-0.002467 -0.002292 0.039500 0.549296
-0.004500 -0.005000 0.042000 0.536287
-0.002500 -0.005000 0.042000 0.542046
-0.002308 0.012447 0.027394 0.579054
-0.004679 0.009630 0.028393 0.564769
-0.004686 0.021977 0.027848 0.583437
-0.004675 0.013263 0.028669 0.571275
-0.004679 0.018098 0.028377 0.578722
-0.002329 0.015453 0.028990 0.579054
-0.002322 0.018680 0.028475 0.583907
-0.002333 0.021818 0.029298 0.587959
-0.004640 0.023750 0.031387 0.584470
-0.002367 0.023625 0.031905 0.588157
-0.004594 0.025843 0.034894 0.587587
-0.002412 0.025222 0.035286 0.589521
-0.002455 0.027294 0.038583 0.589669
-0.004552 0.027643 0.038040 0.585995
-0.004500 0.029615 0.042000 0.578466
-0.002500 0.025769 0.042000 0.579925
-0.004500 -0.001154 0.042000 0.536228
-0.002346 0.010253 0.030296 0.569815
-0.004652 0.006453 0.030417 0.559532
-0.004603 0.002748 0.034154 0.551231
-0.002382 0.002349 0.033057 0.554798
-0.002363 0.006333 0.031580 0.563195
-0.004541 0.000772 0.038887 0.546029
-0.002429 0.002557 0.036611 0.554774
-0.002463 0.000814 0.039208 0.557240
-0.002500 -0.001154 0.042000 0.544343
-0.002359 0.013158 0.031288 0.574352
-0.004639 0.010327 0.031402 0.565257
-0.004623 0.013008 0.032658 0.569562
-0.002364 0.016755 0.031647 0.580170
-0.004641 0.020066 0.031303 0.584470
-0.004634 0.016148 0.031832 0.569562
-0.002368 0.019965 0.031944 0.580170
-0.003500 0.017303 0.033348 0.577827
-0.004593 0.021866 0.034932 0.582442
-0.002411 0.021820 0.035214 0.585396
-0.004549 0.023681 0.038307 0.581314
-0.002455 0.023472 0.038602 0.585161
-0.004500 0.025769 0.042000 0.572835
-0.002500 0.021923 0.042000 0.575357
-0.004500 0.002692 0.042000 0.540416
-0.002396 0.010297 0.034118 0.568828
-0.004600 0.007651 0.034432 0.561217
-0.004551 0.005033 0.038093 0.555170
-0.002413 0.005754 0.035422 0.562096
-0.002460 0.004408 0.038932 0.557240
-0.002500 0.002692 0.042000 0.549069
-0.002404 0.014495 0.034713 0.575316
-0.004592 0.010912 0.035016 0.565401
-0.004591 0.014495 0.035076 0.571452
-0.002408 0.018130 0.034997 0.581039
-0.004593 0.018179 0.034916 0.577827
-0.004547 0.019965 0.038425 0.572961
-0.002456 0.019930 0.038652 0.580779
-0.004500 0.021923 0.042000 0.568614
-0.002500 0.018077 0.042000 0.571820
-0.004549 0.008855 0.038299 0.560079
-0.004500 0.006538 0.042000 0.547504
-0.002452 0.012307 0.038372 0.568921
-0.002453 0.008332 0.038424 0.564345
-0.002500 0.006538 0.042000 0.554710
-0.002455 0.016061 0.038577 0.574964
-0.004546 0.012499 0.038501 0.566036
-0.003512 0.010399 0.040536 0.553183
-0.004547 0.016274 0.038433 0.572961
-0.004500 0.018077 0.042000 0.565037
-0.002500 0.014231 0.042000 0.566266
-0.004500 0.010385 0.042000 0.553183
-0.002500 0.010385 0.042000 0.559544
-0.004500 0.014231 0.042000 0.559523
