0.000000 0.000000 0.000000 2.447754
0.000000 0.000000 0.060000 2.454201
0.000000 0.000000 0.120000 2.458597
0.000000 0.000000 0.180000 2.462292
0.000000 0.000000 0.240000 2.465988
0.000000 0.000000 0.300000 2.469684
0.066667 0.000000 0.000000 2.390235
0.000000 0.066667 0.000000 2.340655
0.066667 0.000000 0.060000 2.394491
0.066667 0.000000 0.120000 2.398634
0.000000 0.066667 0.060000 2.345726
0.066667 0.000000 0.180000 2.402330
0.000000 0.066667 0.120000 2.350465
0.066667 0.000000 0.240000 2.406026
0.000000 0.066667 0.180000 2.355204
0.066667 0.000000 0.300000 2.409722
0.000000 0.066667 0.240000 2.359944
0.000000 0.066667 0.300000 2.364683
0.133333 0.000000 0.000000 2.330148
0.066667 0.066667 0.000000 2.284275
0.133333 0.000000 0.060000 2.334404
0.000000 0.133333 0.000000 2.231528
0.066667 0.066667 0.060000 2.289726
0.133333 0.000000 0.120000 2.338660
0.133333 0.000000 0.180000 2.342368
0.066667 0.066667 0.120000 2.294005
0.000000 0.133333 0.060000 2.236267
0.133333 0.000000 0.240000 2.346064
0.066667 0.066667 0.180000 2.297701
0.000000 0.133333 0.120000 2.241006
0.133333 0.000000 0.300000 2.349759
0.066667 0.066667 0.240000 2.301396
0.000000 0.133333 0.180000 2.245745
0.066667 0.066667 0.300000 2.305092
0.000000 0.133333 0.240000 2.250484
0.000000 0.133333 0.300000 2.255224
0.200000 0.000000 0.000000 2.270061
0.133333 0.066667 0.000000 2.226293
0.200000 0.000000 0.060000 2.274317
0.066667 0.133333 0.000000 2.175528
0.133333 0.066667 0.060000 2.230347
0.200000 0.000000 0.120000 2.278573
0.000000 0.200000 0.000000 2.122069
0.066667 0.133333 0.060000 2.180267
0.133333 0.066667 0.120000 2.234043
0.200000 0.000000 0.180000 2.282406
0.200000 0.000000 0.240000 2.286101
0.133333 0.066667 0.180000 2.237739
0.066667 0.133333 0.120000 2.185006
0.000000 0.200000 0.060000 2.126808
0.200000 0.000000 0.300000 2.289797
0.133333 0.066667 0.240000 2.241434
0.066667 0.133333 0.180000 2.189746
0.000000 0.200000 0.120000 2.131547
0.133333 0.066667 0.300000 2.245130
0.066667 0.133333 0.240000 2.194485
0.000000 0.200000 0.180000 2.136286
0.066667 0.133333 0.300000 2.199224
0.000000 0.200000 0.240000 2.141026
0.000000 0.200000 0.300000 2.145765
0.266667 0.000000 0.000000 2.209974
0.266667 0.000000 0.060000 2.214230
0.200000 0.066667 0.000000 2.166206
0.133333 0.133333 0.000000 2.119528
0.200000 0.066667 0.060000 2.170384
0.266667 0.000000 0.120000 2.218486
0.066667 0.200000 0.000000 2.066069
0.133333 0.133333 0.060000 2.124268
0.200000 0.066667 0.120000 2.174080
0.266667 0.000000 0.180000 2.222443
0.000000 0.266667 0.000000 2.012610
0.066667 0.200000 0.060000 2.070808
0.133333 0.133333 0.120000 2.129007
0.200000 0.066667 0.180000 2.177776
0.266667 0.000000 0.240000 2.226139
0.266667 0.000000 0.300000 2.229835
0.200000 0.066667 0.240000 2.181472
0.133333 0.133333 0.180000 2.133109
0.066667 0.200000 0.120000 2.075547
0.000000 0.266667 0.060000 2.017349
0.200000 0.066667 0.300000 2.185168
0.133333 0.133333 0.240000 2.136805
0.066667 0.200000 0.180000 2.080287
0.000000 0.266667 0.120000 2.022089
0.133333 0.133333 0.300000 2.140501
0.066667 0.200000 0.240000 2.085026
0.000000 0.266667 0.180000 2.026828
0.066667 0.200000 0.300000 2.089765
0.000000 0.266667 0.240000 2.031567
0.000000 0.266667 0.300000 2.036306
0.333333 0.000000 0.000000 2.149887
0.333333 0.000000 0.060000 2.154143
0.266667 0.066667 0.000000 2.106119
0.333333 0.000000 0.120000 2.158399
0.266667 0.066667 0.060000 2.110375
0.200000 0.133333 0.000000 2.062060
0.133333 0.200000 0.000000 2.010069
0.200000 0.133333 0.060000 2.065755
0.266667 0.066667 0.120000 2.114118
0.333333 0.000000 0.180000 2.162481
0.066667 0.266667 0.000000 1.956610
0.133333 0.200000 0.060000 2.014808
0.200000 0.133333 0.120000 2.069451
0.266667 0.066667 0.180000 2.117814
0.333333 0.000000 0.240000 2.166177
0.000000 0.333333 0.000000 1.903151
0.066667 0.266667 0.060000 1.961349
0.133333 0.200000 0.120000 2.019548
0.200000 0.133333 0.180000 2.073147
0.266667 0.066667 0.240000 2.121510
0.333333 0.000000 0.300000 2.169873
0.266667 0.066667 0.300000 2.125206
0.200000 0.133333 0.240000 2.076842
0.133333 0.200000 0.180000 2.024287
0.066667 0.266667 0.120000 1.966089
0.000000 0.333333 0.060000 1.907890
0.200000 0.133333 0.300000 2.080539
0.133333 0.200000 0.240000 2.029027
0.066667 0.266667 0.180000 1.970828
0.000000 0.333333 0.120000 1.912630
0.133333 0.200000 0.300000 2.033766
0.066667 0.266667 0.240000 1.975567
0.000000 0.333333 0.180000 1.917369
0.066667 0.266667 0.300000 1.980306
0.000000 0.333333 0.240000 1.922108
0.000000 0.333333 0.300000 1.926847
0.400000 0.000000 0.000000 2.089801
0.400000 0.000000 0.060000 2.094056
0.333333 0.066667 0.000000 2.046032
0.400000 0.000000 0.120000 2.098312
0.333333 0.066667 0.060000 2.050288
0.266667 0.133333 0.000000 2.002097
0.400000 0.000000 0.180000 2.102519
0.333333 0.066667 0.120000 2.054156
0.266667 0.133333 0.060000 2.005793
0.200000 0.200000 0.000000 1.954070
0.133333 0.266667 0.000000 1.900611
0.200000 0.200000 0.060000 1.958809
0.266667 0.133333 0.120000 2.009489
0.333333 0.066667 0.180000 2.057852
0.400000 0.000000 0.240000 2.098724
0.066667 0.333333 0.000000 1.847151
0.133333 0.266667 0.060000 1.905350
0.200000 0.200000 0.120000 1.963548
0.266667 0.133333 0.180000 2.013185
0.333333 0.066667 0.240000 2.061547
0.400000 0.000000 0.300000 2.090474
0.000000 0.400000 0.000000 1.793692
0.066667 0.333333 0.060000 1.851891
0.133333 0.266667 0.120000 1.910089
0.200000 0.200000 0.180000 1.968287
0.266667 0.133333 0.240000 2.016880
0.333333 0.066667 0.300000 2.065243
0.266667 0.133333 0.300000 2.020576
0.200000 0.200000 0.240000 1.972213
0.133333 0.266667 0.180000 1.914828
0.066667 0.333333 0.120000 1.856630
0.000000 0.400000 0.060000 1.798432
0.200000 0.200000 0.300000 1.975909
0.133333 0.266667 0.240000 1.919567
0.066667 0.333333 0.180000 1.861369
0.000000 0.400000 0.120000 1.803171
0.133333 0.266667 0.300000 1.924307
0.066667 0.333333 0.240000 1.866109
0.000000 0.400000 0.180000 1.807910
0.066667 0.333333 0.300000 1.870847
0.000000 0.400000 0.240000 1.812649
0.000000 0.400000 0.300000 1.817389
0.466667 0.000000 0.000000 2.009438
0.400000 0.066667 0.000000 1.985945
0.466667 0.000000 0.060000 2.001312
0.466667 0.000000 0.120000 1.993187
0.400000 0.066667 0.060000 1.990201
0.333333 0.133333 0.000000 1.942135
0.466667 0.000000 0.180000 1.985062
0.400000 0.066667 0.120000 1.994193
0.333333 0.133333 0.060000 1.945831
0.266667 0.200000 0.000000 1.897468
0.466667 0.000000 0.240000 1.976829
0.400000 0.066667 0.180000 1.997889
0.333333 0.133333 0.120000 1.949526
0.266667 0.200000 0.060000 1.901163
0.200000 0.266667 0.000000 1.844611
0.133333 0.333333 0.000000 1.791152
0.200000 0.266667 0.060000 1.849350
0.266667 0.200000 0.120000 1.904860
0.333333 0.133333 0.180000 1.953223
0.400000 0.066667 0.240000 1.993380
0.466667 0.000000 0.300000 1.968579
0.066667 0.400000 0.000000 1.737693
0.133333 0.333333 0.060000 1.795891
0.200000 0.266667 0.120000 1.854089
0.266667 0.200000 0.180000 1.908555
0.333333 0.133333 0.240000 1.956918
0.400000 0.066667 0.300000 1.985129
0.000000 0.466667 0.000000 1.646826
0.066667 0.400000 0.060000 1.742432
0.133333 0.333333 0.120000 1.800630
0.200000 0.266667 0.180000 1.858828
0.266667 0.200000 0.240000 1.912251
0.333333 0.133333 0.300000 1.960614
0.266667 0.200000 0.300000 1.915947
0.200000 0.266667 0.240000 1.863568
0.133333 0.333333 0.180000 1.805369
0.066667 0.400000 0.120000 1.747171
0.000000 0.466667 0.060000 1.639053
0.200000 0.266667 0.300000 1.868307
0.133333 0.333333 0.240000 1.810108
0.066667 0.400000 0.180000 1.751910
0.000000 0.466667 0.120000 1.631280
0.133333 0.333333 0.300000 1.814848
0.066667 0.400000 0.240000 1.756650
0.000000 0.466667 0.180000 1.623507
0.066667 0.400000 0.300000 1.761389
0.000000 0.466667 0.240000 1.615734
0.000000 0.466667 0.300000 1.607961
0.533333 0.000000 0.000000 1.887515
0.533333 0.000000 0.060000 1.879389
0.466667 0.066667 0.000000 1.904266
0.400000 0.133333 0.000000 1.882090
0.466667 0.066667 0.060000 1.896140
0.533333 0.000000 0.120000 1.871264
0.533333 0.000000 0.180000 1.863139
0.466667 0.066667 0.120000 1.887984
0.400000 0.133333 0.060000 1.885868
0.333333 0.200000 0.000000 1.837506
0.533333 0.000000 0.240000 1.854933
0.466667 0.066667 0.180000 1.879734
0.400000 0.133333 0.120000 1.889564
0.333333 0.200000 0.060000 1.841201
0.266667 0.266667 0.000000 1.788611
0.533333 0.000000 0.300000 1.846683
0.466667 0.066667 0.240000 1.871484
0.400000 0.133333 0.180000 1.893260
0.333333 0.200000 0.120000 1.844897
0.266667 0.266667 0.060000 1.793350
0.200000 0.333333 0.000000 1.735152
0.133333 0.400000 0.000000 1.681693
0.200000 0.333333 0.060000 1.739891
0.266667 0.266667 0.120000 1.798089
0.333333 0.200000 0.180000 1.848593
0.400000 0.133333 0.240000 1.888035
0.466667 0.066667 0.300000 1.863234
0.066667 0.466667 0.000000 1.573711
0.133333 0.400000 0.060000 1.686432
0.200000 0.333333 0.120000 1.744631
0.266667 0.266667 0.180000 1.802829
0.333333 0.200000 0.240000 1.852289
0.400000 0.133333 0.300000 1.879785
0.000000 0.533333 0.000000 1.324103
0.066667 0.466667 0.060000 1.565938
0.133333 0.400000 0.120000 1.691171
0.200000 0.333333 0.180000 1.749370
0.266667 0.266667 0.240000 1.807568
0.333333 0.200000 0.300000 1.855984
0.266667 0.266667 0.300000 1.811317
0.200000 0.333333 0.240000 1.754109
0.133333 0.400000 0.180000 1.695910
0.066667 0.466667 0.120000 1.558165
0.000000 0.533333 0.060000 1.335776
0.200000 0.333333 0.300000 1.758848
0.133333 0.400000 0.240000 1.700650
0.066667 0.466667 0.180000 1.550392
0.000000 0.533333 0.120000 1.339467
0.133333 0.400000 0.300000 1.705389
0.066667 0.466667 0.240000 1.542619
0.000000 0.533333 0.180000 1.331693
0.066667 0.466667 0.300000 1.534846
0.000000 0.533333 0.240000 1.327970
0.000000 0.533333 0.300000 1.327337
0.600000 0.000000 0.000000 1.737768
0.533333 0.066667 0.000000 1.782342
0.600000 0.000000 0.060000 1.736280
0.600000 0.000000 0.120000 1.734792
0.533333 0.066667 0.060000 1.774217
0.466667 0.133333 0.000000 1.799094
0.400000 0.200000 0.000000 1.777543
0.466667 0.133333 0.060000 1.790890
0.533333 0.066667 0.120000 1.766089
0.600000 0.000000 0.180000 1.733304
0.600000 0.000000 0.240000 1.728041
0.533333 0.066667 0.180000 1.757838
0.466667 0.133333 0.120000 1.782640
0.400000 0.200000 0.060000 1.781239
0.333333 0.266667 0.000000 1.732611
0.600000 0.000000 0.300000 1.727003
0.533333 0.066667 0.240000 1.749589
0.466667 0.133333 0.180000 1.774390
0.400000 0.200000 0.120000 1.784935
0.333333 0.266667 0.060000 1.736572
0.266667 0.333333 0.000000 1.679152
0.533333 0.066667 0.300000 1.741340
0.466667 0.133333 0.240000 1.766140
0.400000 0.200000 0.180000 1.788631
0.333333 0.266667 0.120000 1.740268
0.266667 0.333333 0.060000 1.683891
0.200000 0.400000 0.000000 1.625693
0.133333 0.466667 0.000000 1.500597
0.200000 0.400000 0.060000 1.630432
0.266667 0.333333 0.120000 1.688631
0.333333 0.266667 0.180000 1.743964
0.400000 0.200000 0.240000 1.782690
0.466667 0.133333 0.300000 1.757889
0.066667 0.533333 0.000000 1.227353
0.133333 0.466667 0.060000 1.492823
0.200000 0.400000 0.120000 1.635172
0.266667 0.333333 0.180000 1.693370
0.333333 0.266667 0.240000 1.747659
0.400000 0.200000 0.300000 1.774441
0.000000 0.600000 0.000000 1.001622
0.066667 0.533333 0.060000 1.239027
0.133333 0.466667 0.120000 1.485050
0.200000 0.400000 0.180000 1.639911
0.266667 0.333333 0.240000 1.698109
0.333333 0.266667 0.300000 1.751355
0.266667 0.333333 0.300000 1.702849
0.200000 0.400000 0.240000 1.644650
0.133333 0.466667 0.180000 1.477277
0.066667 0.533333 0.120000 1.250701
0.000000 0.600000 0.060000 1.005885
0.200000 0.400000 0.300000 1.649389
0.133333 0.466667 0.240000 1.469504
0.066667 0.533333 0.180000 1.258579
0.000000 0.600000 0.120000 1.010148
0.133333 0.466667 0.300000 1.461731
0.066667 0.533333 0.240000 1.250805
0.000000 0.600000 0.180000 1.019574
0.066667 0.533333 0.300000 1.247539
0.000000 0.600000 0.240000 1.042051
0.000000 0.600000 0.300000 1.064528
0.666667 0.000000 0.000000 1.480488
0.733333 0.000000 0.000000 1.233823
0.800000 0.000000 0.000000 1.071048
0.866667 0.000000 0.000000 0.992401
0.933333 0.000000 0.000000 0.938396
1.000000 0.000000 0.000000 0.887707
0.600000 0.066667 0.000000 1.590813
0.666667 0.000000 0.060000 1.479000
0.533333 0.133333 0.000000 1.677170
0.600000 0.066667 0.060000 1.589325
0.666667 0.000000 0.120000 1.478046
0.666667 0.000000 0.180000 1.480967
0.600000 0.066667 0.120000 1.587838
0.533333 0.133333 0.060000 1.668994
0.466667 0.200000 0.000000 1.693795
0.400000 0.266667 0.000000 1.672914
0.466667 0.200000 0.060000 1.685545
0.533333 0.133333 0.120000 1.660744
0.600000 0.066667 0.180000 1.579141
0.666667 0.000000 0.240000 1.483670
0.666667 0.000000 0.300000 1.485486
0.600000 0.066667 0.240000 1.570140
0.533333 0.133333 0.180000 1.652494
0.466667 0.200000 0.120000 1.677295
0.400000 0.266667 0.060000 1.676610
0.333333 0.333333 0.000000 1.623153
0.600000 0.066667 0.300000 1.571956
0.533333 0.133333 0.240000 1.644244
0.466667 0.200000 0.180000 1.669045
0.400000 0.266667 0.120000 1.680305
0.333333 0.333333 0.060000 1.627892
0.266667 0.400000 0.000000 1.569693
0.533333 0.133333 0.300000 1.640323
0.466667 0.200000 0.240000 1.660795
0.400000 0.266667 0.180000 1.684002
0.333333 0.333333 0.120000 1.632631
0.266667 0.400000 0.060000 1.574433
0.200000 0.466667 0.000000 1.427482
0.133333 0.533333 0.000000 1.130604
0.200000 0.466667 0.060000 1.419708
0.266667 0.400000 0.120000 1.579172
0.333333 0.333333 0.180000 1.637370
0.400000 0.266667 0.240000 1.677346
0.466667 0.200000 0.300000 1.652545
0.066667 0.600000 0.000000 0.894022
0.133333 0.533333 0.060000 1.142278
0.200000 0.466667 0.120000 1.411936
0.266667 0.400000 0.180000 1.583911
0.333333 0.333333 0.240000 1.642109
0.400000 0.266667 0.300000 1.669096
0.000000 0.666667 0.000000 0.741436
0.066667 0.600000 0.060000 0.898285
0.133333 0.533333 0.120000 1.153951
0.200000 0.466667 0.180000 1.404162
0.266667 0.400000 0.240000 1.588650
0.333333 0.333333 0.300000 1.646726
0.266667 0.400000 0.300000 1.593389
0.200000 0.466667 0.240000 1.396389
0.133333 0.533333 0.180000 1.165625
0.066667 0.600000 0.120000 0.902548
0.000000 0.666667 0.060000 0.745698
0.200000 0.466667 0.300000 1.388616
0.133333 0.533333 0.240000 1.177299
0.066667 0.600000 0.180000 0.912713
0.000000 0.666667 0.120000 0.749961
0.133333 0.533333 0.300000 1.169918
0.066667 0.600000 0.240000 0.935190
0.000000 0.666667 0.180000 0.754224
0.066667 0.600000 0.300000 0.957667
0.000000 0.666667 0.240000 0.758487
0.000000 0.666667 0.300000 0.762749
0.666667 0.066667 0.000000 1.333534
0.733333 0.000000 0.060000 1.233362
0.733333 0.066667 0.000000 1.111382
0.800000 0.000000 0.060000 1.048656
0.800000 0.066667 0.000000 0.980251
0.866667 0.000000 0.060000 0.977431
0.866667 0.066667 0.000000 0.907143
0.933333 0.000000 0.060000 0.926106
1.000000 0.000000 0.060000 0.875035
0.933333 0.066667 0.000000 0.853625
1.000000 0.066667 0.000000 0.802937
0.600000 0.133333 0.000000 1.443859
0.666667 0.066667 0.060000 1.332046
0.733333 0.000000 0.120000 1.236283
0.533333 0.200000 0.000000 1.547095
0.600000 0.133333 0.060000 1.440716
0.666667 0.066667 0.120000 1.330558
0.733333 0.000000 0.180000 1.239204
0.733333 0.000000 0.240000 1.242126
0.666667 0.066667 0.180000 1.326808
0.600000 0.133333 0.120000 1.430242
0.533333 0.200000 0.060000 1.536620
0.466667 0.266667 0.000000 1.588451
0.400000 0.333333 0.000000 1.567153
0.466667 0.266667 0.060000 1.580200
0.533333 0.200000 0.120000 1.526146
0.600000 0.133333 0.180000 1.419767
0.666667 0.066667 0.240000 1.328623
0.733333 0.000000 0.300000 1.249454
0.666667 0.066667 0.300000 1.330439
0.600000 0.133333 0.240000 1.415093
0.533333 0.200000 0.180000 1.515671
0.466667 0.266667 0.120000 1.571950
0.400000 0.333333 0.060000 1.571892
0.333333 0.400000 0.000000 1.513694
0.600000 0.133333 0.300000 1.416909
0.533333 0.200000 0.240000 1.505197
0.466667 0.266667 0.180000 1.563701
0.400000 0.333333 0.120000 1.575676
0.333333 0.400000 0.060000 1.518433
0.266667 0.466667 0.000000 1.337061
0.533333 0.200000 0.300000 1.503379
0.466667 0.266667 0.240000 1.555450
0.400000 0.333333 0.180000 1.579372
0.333333 0.400000 0.120000 1.523172
0.266667 0.466667 0.060000 1.346593
0.200000 0.533333 0.000000 1.033854
0.133333 0.600000 0.000000 0.786423
0.200000 0.533333 0.060000 1.045528
0.266667 0.466667 0.120000 1.338821
0.333333 0.400000 0.180000 1.527911
0.400000 0.333333 0.240000 1.572001
0.466667 0.266667 0.300000 1.547200
0.066667 0.666667 0.000000 0.635853
0.133333 0.600000 0.060000 0.790686
0.200000 0.533333 0.120000 1.057202
0.266667 0.466667 0.180000 1.331047
0.333333 0.400000 0.240000 1.532651
0.400000 0.333333 0.300000 1.563751
0.000000 0.733333 0.000000 0.535614
0.066667 0.666667 0.060000 0.638099
0.133333 0.600000 0.120000 0.794949
0.200000 0.533333 0.180000 1.068876
0.266667 0.466667 0.240000 1.323274
0.333333 0.400000 0.300000 1.534200
0.266667 0.466667 0.300000 1.315502
0.200000 0.533333 0.240000 1.080550
0.133333 0.600000 0.180000 0.805851
0.066667 0.666667 0.120000 0.642362
0.000000 0.733333 0.060000 0.530403
0.200000 0.533333 0.300000 1.092223
0.133333 0.600000 0.240000 0.828329
0.066667 0.666667 0.180000 0.646625
0.000000 0.733333 0.120000 0.525191
0.133333 0.600000 0.300000 0.850806
0.066667 0.666667 0.240000 0.650887
0.000000 0.733333 0.180000 0.519980
0.066667 0.666667 0.300000 0.655150
0.000000 0.733333 0.240000 0.514769
0.000000 0.733333 0.300000 0.509558
0.666667 0.133333 0.000000 1.187662
0.733333 0.066667 0.060000 1.083439
0.800000 0.000000 0.120000 1.052385
0.733333 0.133333 0.000000 0.998240
0.800000 0.066667 0.060000 0.961275
0.866667 0.000000 0.120000 0.965635
0.800000 0.133333 0.000000 0.896560
0.866667 0.066667 0.060000 0.891642
0.933333 0.000000 0.120000 0.914310
0.866667 0.133333 0.000000 0.822028
0.933333 0.066667 0.060000 0.840953
1.000000 0.000000 0.120000 0.862985
1.000000 0.066667 0.060000 0.790265
0.933333 0.133333 0.000000 0.768856
1.000000 0.133333 0.000000 0.718168
0.600000 0.200000 0.000000 1.291816
0.666667 0.133333 0.060000 1.185092
0.733333 0.066667 0.120000 1.082764
0.800000 0.000000 0.180000 1.057112
0.533333 0.266667 0.000000 1.387720
0.600000 0.200000 0.060000 1.281342
0.666667 0.133333 0.120000 1.174962
0.733333 0.066667 0.180000 1.087407
0.800000 0.000000 0.240000 1.074174
0.800000 0.000000 0.300000 1.095956
0.733333 0.066667 0.240000 1.108914
0.666667 0.133333 0.180000 1.171761
0.600000 0.200000 0.120000 1.270867
0.533333 0.266667 0.060000 1.377246
0.466667 0.333333 0.000000 1.483106
0.400000 0.400000 0.000000 1.457694
0.466667 0.333333 0.060000 1.473150
0.533333 0.266667 0.120000 1.366771
0.600000 0.200000 0.180000 1.260393
0.666667 0.133333 0.240000 1.173576
0.733333 0.066667 0.300000 1.130421
0.666667 0.133333 0.300000 1.175392
0.600000 0.200000 0.240000 1.260046
0.533333 0.266667 0.180000 1.356296
0.466667 0.333333 0.120000 1.462676
0.400000 0.400000 0.060000 1.462433
0.333333 0.466667 0.000000 1.240312
0.600000 0.200000 0.300000 1.261862
0.533333 0.266667 0.240000 1.346516
0.466667 0.333333 0.180000 1.452201
0.400000 0.400000 0.120000 1.467172
0.333333 0.466667 0.060000 1.251986
0.266667 0.533333 0.000000 0.937105
0.533333 0.266667 0.300000 1.348332
0.466667 0.333333 0.240000 1.441727
0.400000 0.400000 0.180000 1.470920
0.333333 0.466667 0.120000 1.263660
0.266667 0.533333 0.060000 0.948779
0.200000 0.600000 0.000000 0.681030
0.133333 0.666667 0.000000 0.544218
0.200000 0.600000 0.060000 0.683087
0.266667 0.533333 0.120000 0.960453
0.333333 0.466667 0.180000 1.257932
0.400000 0.400000 0.240000 1.455609
0.466667 0.333333 0.300000 1.434802
0.066667 0.733333 0.000000 0.443979
0.133333 0.666667 0.060000 0.539006
0.200000 0.600000 0.120000 0.687349
0.266667 0.533333 0.180000 0.972126
0.333333 0.466667 0.240000 1.250160
0.400000 0.400000 0.300000 1.435131
0.000000 0.800000 0.000000 0.343740
0.066667 0.733333 0.060000 0.438768
0.133333 0.666667 0.120000 0.534763
0.200000 0.600000 0.180000 0.698990
0.266667 0.533333 0.240000 0.983801
0.333333 0.466667 0.300000 1.242386
0.266667 0.533333 0.300000 0.995474
0.200000 0.600000 0.240000 0.721468
0.133333 0.666667 0.180000 0.539025
0.066667 0.733333 0.120000 0.433557
0.000000 0.800000 0.060000 0.338529
0.200000 0.600000 0.300000 0.743945
0.133333 0.666667 0.240000 0.543288
0.066667 0.733333 0.180000 0.428345
0.000000 0.800000 0.120000 0.333318
0.133333 0.666667 0.300000 0.547551
0.066667 0.733333 0.240000 0.423134
0.000000 0.800000 0.180000 0.328107
0.066667 0.733333 0.300000 0.418357
0.000000 0.800000 0.240000 0.322895
0.000000 0.800000 0.300000 0.318705
0.666667 0.200000 0.000000 1.054062
0.733333 0.133333 0.060000 0.953908
0.800000 0.066667 0.120000 0.952617
0.866667 0.000000 0.180000 0.964800
0.733333 0.200000 0.000000 0.884503
0.800000 0.133333 0.060000 0.876161
0.866667 0.066667 0.120000 0.878970
0.933333 0.000000 0.180000 0.902514
0.800000 0.200000 0.000000 0.794114
0.866667 0.133333 0.060000 0.806872
0.933333 0.066667 0.120000 0.828282
1.000000 0.000000 0.180000 0.851189
0.866667 0.200000 0.000000 0.704305
0.933333 0.133333 0.060000 0.756184
1.000000 0.066667 0.120000 0.777594
1.000000 0.133333 0.060000 0.705496
0.933333 0.200000 0.000000 0.636792
1.000000 0.200000 0.000000 0.576003
0.600000 0.266667 0.000000 1.136720
0.666667 0.200000 0.060000 1.026062
0.733333 0.133333 0.120000 0.950911
0.800000 0.066667 0.180000 0.957494
0.866667 0.000000 0.240000 0.964969
0.533333 0.333333 0.000000 1.228346
0.600000 0.266667 0.060000 1.121967
0.666667 0.200000 0.120000 1.015588
0.733333 0.133333 0.180000 0.968375
0.800000 0.066667 0.240000 0.961414
0.866667 0.000000 0.300000 0.965781
0.800000 0.066667 0.300000 0.976923
0.733333 0.133333 0.240000 0.989882
0.666667 0.200000 0.180000 1.016714
0.600000 0.266667 0.120000 1.111492
0.533333 0.333333 0.060000 1.217871
0.466667 0.400000 0.000000 1.321435
0.400000 0.466667 0.000000 1.143563
0.466667 0.400000 0.060000 1.312430
0.533333 0.333333 0.120000 1.207396
0.600000 0.266667 0.180000 1.103183
0.666667 0.200000 0.240000 1.024348
0.733333 0.133333 0.300000 1.011389
0.666667 0.200000 0.300000 1.045855
0.600000 0.266667 0.240000 1.104999
0.533333 0.333333 0.180000 1.196922
0.466667 0.400000 0.120000 1.303301
0.400000 0.466667 0.060000 1.155236
0.333333 0.533333 0.000000 0.840356
0.600000 0.266667 0.300000 1.106815
0.533333 0.333333 0.240000 1.191469
0.466667 0.400000 0.180000 1.280394
0.400000 0.466667 0.120000 1.157696
0.333333 0.533333 0.060000 0.852030
0.266667 0.600000 0.000000 0.582961
0.533333 0.333333 0.300000 1.193285
0.466667 0.400000 0.240000 1.257369
0.400000 0.466667 0.180000 1.157741
0.333333 0.533333 0.120000 0.863704
0.266667 0.600000 0.060000 0.577041
0.200000 0.666667 0.000000 0.452583
0.133333 0.733333 0.000000 0.352344
0.200000 0.666667 0.060000 0.447372
0.266667 0.600000 0.120000 0.579750
0.333333 0.533333 0.180000 0.875377
0.400000 0.466667 0.240000 1.143842
0.466667 0.400000 0.300000 1.244037
0.066667 0.800000 0.000000 0.301170
0.133333 0.733333 0.060000 0.347133
0.200000 0.666667 0.120000 0.442160
0.266667 0.600000 0.180000 0.592129
0.333333 0.533333 0.240000 0.887051
0.400000 0.466667 0.300000 1.131644
0.000000 0.866667 0.000000 0.252879
0.066667 0.800000 0.060000 0.287214
0.133333 0.733333 0.120000 0.341921
0.200000 0.666667 0.180000 0.436949
0.266667 0.600000 0.240000 0.614606
0.333333 0.533333 0.300000 0.898798
0.266667 0.600000 0.300000 0.638278
0.200000 0.666667 0.240000 0.435689
0.133333 0.733333 0.180000 0.336710
0.066667 0.800000 0.120000 0.273258
0.000000 0.866667 0.060000 0.238923
0.200000 0.666667 0.300000 0.441731
0.133333 0.733333 0.240000 0.331953
0.066667 0.800000 0.180000 0.259302
0.000000 0.866667 0.120000 0.224968
0.133333 0.733333 0.300000 0.328654
0.066667 0.800000 0.240000 0.246922
0.000000 0.866667 0.180000 0.211012
0.066667 0.800000 0.300000 0.235863
0.000000 0.866667 0.240000 0.199519
0.000000 0.866667 0.300000 0.188461
0.666667 0.266667 0.000000 0.895923
0.733333 0.200000 0.060000 0.867162
0.800000 0.133333 0.120000 0.856615
0.866667 0.066667 0.180000 0.871279
0.933333 0.000000 0.240000 0.898075
0.733333 0.266667 0.000000 0.757371
0.800000 0.200000 0.060000 0.790053
0.866667 0.133333 0.120000 0.795360
0.933333 0.066667 0.180000 0.815610
1.000000 0.000000 0.240000 0.829746
0.800000 0.266667 0.000000 0.666494
0.866667 0.200000 0.060000 0.718155
0.933333 0.133333 0.120000 0.743793
1.000000 0.066667 0.180000 0.764922
0.866667 0.266667 0.000000 0.579168
0.933333 0.200000 0.060000 0.653417
1.000000 0.133333 0.120000 0.692824
1.000000 0.200000 0.060000 0.588679
0.933333 0.266667 0.000000 0.509586
1.000000 0.266667 0.000000 0.426959
0.600000 0.333333 0.000000 0.948313
0.666667 0.266667 0.060000 0.872890
0.733333 0.200000 0.120000 0.849913
0.800000 0.133333 0.180000 0.856497
0.866667 0.066667 0.240000 0.875717
0.933333 0.000000 0.300000 0.891021
0.533333 0.400000 0.000000 1.026168
0.600000 0.333333 0.060000 0.955683
0.666667 0.266667 0.120000 0.862301
0.733333 0.200000 0.180000 0.853833
0.800000 0.133333 0.240000 0.860416
0.866667 0.066667 0.300000 0.880503
0.800000 0.133333 0.300000 0.864336
0.733333 0.200000 0.240000 0.870850
0.666667 0.266667 0.180000 0.883809
0.600000 0.333333 0.120000 0.952118
0.533333 0.400000 0.060000 1.046952
0.466667 0.466667 0.000000 0.882133
0.400000 0.533333 0.000000 0.723522
0.466667 0.466667 0.060000 0.906602
0.533333 0.400000 0.120000 1.030972
0.600000 0.333333 0.180000 0.948137
0.666667 0.266667 0.240000 0.905316
0.733333 0.200000 0.300000 0.892357
0.666667 0.266667 0.300000 0.926823
0.600000 0.333333 0.240000 0.941638
0.533333 0.400000 0.180000 1.007947
0.466667 0.466667 0.120000 0.905802
0.400000 0.533333 0.060000 0.731593
0.333333 0.600000 0.000000 0.454944
0.600000 0.333333 0.300000 0.932190
0.533333 0.400000 0.240000 0.984248
0.466667 0.466667 0.180000 0.905001
0.400000 0.533333 0.120000 0.731805
0.333333 0.600000 0.060000 0.454850
0.266667 0.666667 0.000000 0.342760
0.533333 0.400000 0.300000 0.953743
0.466667 0.466667 0.240000 0.914064
0.400000 0.533333 0.180000 0.731850
0.333333 0.600000 0.120000 0.454756
0.266667 0.666667 0.060000 0.334596
0.200000 0.733333 0.000000 0.300015
0.133333 0.800000 0.000000 0.254540
0.200000 0.733333 0.060000 0.291454
0.266667 0.666667 0.120000 0.331692
0.333333 0.600000 0.180000 0.464527
0.400000 0.533333 0.240000 0.740456
0.466667 0.466667 0.300000 0.911655
0.066667 0.866667 0.000000 0.206614
0.133333 0.800000 0.060000 0.246839
0.200000 0.733333 0.120000 0.279805
0.266667 0.666667 0.180000 0.328788
0.333333 0.600000 0.240000 0.487940
0.400000 0.533333 0.300000 0.753398
0.000000 0.933333 0.000000 0.152507
0.066667 0.866667 0.060000 0.196606
0.133333 0.800000 0.120000 0.239138
0.200000 0.733333 0.180000 0.267185
0.266667 0.666667 0.240000 0.321259
0.333333 0.600000 0.300000 0.513869
0.266667 0.666667 0.300000 0.313438
0.200000 0.733333 0.240000 0.251604
0.133333 0.800000 0.180000 0.226323
0.066667 0.866667 0.120000 0.186598
0.000000 0.933333 0.060000 0.142499
0.200000 0.733333 0.300000 0.236024
0.133333 0.800000 0.240000 0.210742
0.066667 0.866667 0.180000 0.181961
0.000000 0.933333 0.120000 0.135293
0.133333 0.800000 0.300000 0.195161
0.066667 0.866667 0.240000 0.169879
0.000000 0.933333 0.180000 0.134558
0.066667 0.866667 0.300000 0.154299
0.000000 0.933333 0.240000 0.123499
0.000000 0.933333 0.300000 0.112441
0.666667 0.333333 0.000000 0.722301
0.733333 0.266667 0.060000 0.759757
0.800000 0.200000 0.120000 0.769972
0.866667 0.133333 0.180000 0.786635
0.933333 0.066667 0.240000 0.809812
1.000000 0.000000 0.300000 0.819318
0.733333 0.333333 0.000000 0.630239
0.800000 0.266667 0.060000 0.670611
0.866667 0.200000 0.120000 0.716046
0.933333 0.133333 0.180000 0.735069
1.000000 0.066667 0.240000 0.754091
0.800000 0.333333 0.000000 0.514485
0.866667 0.266667 0.060000 0.599486
0.933333 0.200000 0.120000 0.664479
1.000000 0.133333 0.180000 0.683502
0.866667 0.333333 0.000000 0.401927
0.933333 0.266667 0.060000 0.517382
1.000000 0.200000 0.120000 0.612912
1.000000 0.266667 0.060000 0.430019
0.933333 0.333333 0.000000 0.303350
1.000000 0.333333 0.000000 0.214491
0.600000 0.400000 0.000000 0.744774
0.666667 0.333333 0.060000 0.723501
0.733333 0.266667 0.120000 0.756192
0.800000 0.200000 0.180000 0.762046
0.866667 0.133333 0.240000 0.788322
0.933333 0.066667 0.300000 0.814598
0.533333 0.466667 0.000000 0.564585
0.600000 0.400000 0.060000 0.714648
0.666667 0.333333 0.120000 0.718754
0.733333 0.266667 0.180000 0.752835
0.800000 0.200000 0.240000 0.766832
0.866667 0.133333 0.300000 0.793109
0.800000 0.200000 0.300000 0.770892
0.733333 0.266667 0.240000 0.734451
0.666667 0.333333 0.180000 0.727039
0.600000 0.400000 0.120000 0.707965
0.533333 0.466667 0.060000 0.544950
0.466667 0.533333 0.000000 0.339508
0.400000 0.600000 0.000000 0.203103
0.466667 0.533333 0.060000 0.367489
0.533333 0.466667 0.120000 0.589295
0.600000 0.400000 0.180000 0.698449
0.666667 0.333333 0.240000 0.730897
0.733333 0.266667 0.300000 0.731294
0.666667 0.333333 0.300000 0.734755
0.600000 0.400000 0.240000 0.693706
0.533333 0.466667 0.180000 0.584242
0.466667 0.533333 0.120000 0.386570
0.400000 0.600000 0.060000 0.196481
0.333333 0.666667 0.000000 0.196630
0.600000 0.400000 0.300000 0.688963
0.533333 0.466667 0.240000 0.570706
0.466667 0.533333 0.180000 0.420677
0.400000 0.600000 0.120000 0.184589
0.333333 0.666667 0.060000 0.181284
0.266667 0.733333 0.000000 0.165169
0.533333 0.466667 0.300000 0.557169
0.466667 0.533333 0.240000 0.416981
0.400000 0.600000 0.180000 0.206984
0.333333 0.666667 0.120000 0.165939
0.266667 0.733333 0.060000 0.149823
0.200000 0.800000 0.000000 0.138582
0.133333 0.866667 0.000000 0.108213
0.200000 0.800000 0.060000 0.126209
0.266667 0.733333 0.120000 0.140072
0.333333 0.666667 0.180000 0.171297
0.400000 0.600000 0.240000 0.255859
0.466667 0.533333 0.300000 0.403825
0.066667 0.933333 0.000000 0.074784
0.133333 0.866667 0.060000 0.103024
0.200000 0.800000 0.120000 0.126108
0.266667 0.733333 0.180000 0.146512
0.333333 0.666667 0.240000 0.177736
0.400000 0.600000 0.300000 0.266978
0.000000 1.000000 0.000000 0.036690
0.066667 0.933333 0.060000 0.071358
0.133333 0.866667 0.120000 0.106529
0.200000 0.800000 0.180000 0.135521
0.266667 0.733333 0.240000 0.155465
0.333333 0.666667 0.300000 0.179765
0.266667 0.733333 0.300000 0.160623
0.200000 0.800000 0.240000 0.144934
0.133333 0.866667 0.180000 0.111335
0.066667 0.933333 0.120000 0.076163
0.000000 1.000000 0.060000 0.036613
0.200000 0.800000 0.300000 0.144990
0.133333 0.866667 0.240000 0.116140
0.066667 0.933333 0.180000 0.080969
0.000000 1.000000 0.120000 0.045237
0.133333 0.866667 0.300000 0.112558
0.066667 0.933333 0.240000 0.085774
0.000000 1.000000 0.180000 0.050603
0.066667 0.933333 0.300000 0.080125
0.000000 1.000000 0.240000 0.055408
0.000000 1.000000 0.300000 0.047692
0.666667 0.400000 0.000000 0.524210
0.733333 0.333333 0.060000 0.609651
0.800000 0.266667 0.120000 0.688299
0.866667 0.200000 0.180000 0.707321
0.933333 0.133333 0.240000 0.726344
1.000000 0.066667 0.300000 0.748692
0.733333 0.400000 0.000000 0.384091
0.800000 0.333333 0.060000 0.489531
0.866667 0.266667 0.120000 0.607805
0.933333 0.200000 0.180000 0.655754
1.000000 0.133333 0.240000 0.674777
0.800000 0.400000 0.000000 0.261495
0.866667 0.333333 0.060000 0.400721
0.933333 0.266667 0.120000 0.520441
1.000000 0.200000 0.180000 0.586096
0.866667 0.400000 0.000000 0.156162
0.933333 0.333333 0.060000 0.311910
1.000000 0.266667 0.120000 0.433077
1.000000 0.333333 0.060000 0.223099
0.933333 0.400000 0.000000 0.062206
1.000000 0.400000 0.000000 -0.031750
0.600000 0.466667 0.000000 0.196757
0.666667 0.400000 0.060000 0.482742
0.733333 0.333333 0.120000 0.599028
0.800000 0.266667 0.180000 0.660937
0.866667 0.200000 0.240000 0.700927
0.933333 0.133333 0.300000 0.727203
0.533333 0.533333 0.000000 -0.036977
0.600000 0.466667 0.060000 0.107534
0.666667 0.400000 0.120000 0.446996
0.733333 0.333333 0.180000 0.581953
0.800000 0.266667 0.240000 0.636403
0.866667 0.200000 0.300000 0.684256
0.800000 0.266667 0.300000 0.616142
0.733333 0.333333 0.240000 0.560304
0.666667 0.400000 0.180000 0.447255
0.600000 0.466667 0.120000 0.126570
0.533333 0.533333 0.060000 -0.061312
0.466667 0.600000 0.000000 -0.097023
0.400000 0.666667 0.000000 -0.018701
0.466667 0.600000 0.060000 -0.095003
0.533333 0.533333 0.120000 -0.040472
0.600000 0.466667 0.180000 0.207743
0.666667 0.400000 0.240000 0.452649
0.733333 0.333333 0.300000 0.535296
0.666667 0.400000 0.300000 0.446734
0.600000 0.466667 0.240000 0.252632
0.533333 0.533333 0.180000 -0.024560
0.466667 0.600000 0.120000 -0.095125
0.400000 0.666667 0.060000 -0.010184
0.333333 0.733333 0.000000 0.054944
0.600000 0.466667 0.300000 0.291342
0.533333 0.533333 0.240000 0.005503
0.466667 0.600000 0.180000 -0.107907
0.400000 0.666667 0.120000 -0.003712
0.333333 0.733333 0.060000 0.050070
0.266667 0.800000 0.000000 0.039428
0.533333 0.533333 0.300000 0.050391
0.466667 0.600000 0.240000 -0.102351
0.400000 0.666667 0.180000 -0.009640
0.333333 0.733333 0.120000 0.059483
0.266667 0.800000 0.060000 0.039540
0.200000 0.866667 0.000000 0.022219
0.133333 0.933333 0.000000 0.009065
0.200000 0.866667 0.060000 0.029009
0.266667 0.800000 0.120000 0.048953
0.333333 0.733333 0.180000 0.068897
0.400000 0.666667 0.240000 -0.023973
0.466667 0.600000 0.300000 -0.088659
0.066667 1.000000 0.000000 -0.001466
0.133333 0.933333 0.060000 0.018478
0.200000 0.866667 0.120000 0.038422
0.266667 0.800000 0.180000 0.058366
0.333333 0.733333 0.240000 0.067319
0.400000 0.666667 0.300000 -0.038307
0.066667 1.000000 0.060000 0.004344
0.133333 0.933333 0.120000 0.027891
0.200000 0.866667 0.180000 0.047835
0.266667 0.800000 0.240000 0.067779
0.333333 0.733333 0.300000 0.055057
0.266667 0.800000 0.300000 0.068480
0.200000 0.866667 0.240000 0.057248
0.133333 0.933333 0.180000 0.037304
0.066667 1.000000 0.120000 0.009150
0.200000 0.866667 0.300000 0.066661
0.133333 0.933333 0.240000 0.046717
0.066667 1.000000 0.180000 0.013955
0.133333 0.933333 0.300000 0.053932
0.066667 1.000000 0.240000 0.018761
0.066667 1.000000 0.300000 0.023566
0.666667 0.466667 0.000000 0.066823
0.733333 0.400000 0.060000 0.347535
0.800000 0.333333 0.120000 0.498139
0.866667 0.266667 0.180000 0.586744
0.933333 0.200000 0.240000 0.628303
1.000000 0.133333 0.300000 0.666053
0.733333 0.466667 0.000000 -0.014159
0.800000 0.400000 0.060000 0.249292
0.866667 0.333333 0.120000 0.409329
0.933333 0.266667 0.180000 0.512552
1.000000 0.200000 0.240000 0.554110
0.800000 0.466667 0.000000 -0.088548
0.866667 0.400000 0.060000 0.151050
0.933333 0.333333 0.120000 0.320518
1.000000 0.266667 0.180000 0.436136
0.866667 0.466667 0.000000 -0.160917
0.933333 0.400000 0.060000 0.052806
1.000000 0.333333 0.120000 0.231537
1.000000 0.400000 0.060000 -0.045436
0.933333 0.466667 0.000000 -0.226114
1.000000 0.466667 0.000000 -0.297570
0.600000 0.533333 0.000000 -0.246317
0.666667 0.466667 0.060000 0.035164
0.733333 0.400000 0.120000 0.333326
0.800000 0.333333 0.180000 0.498076
0.866667 0.266667 0.240000 0.554759
0.933333 0.200000 0.300000 0.597621
0.533333 0.600000 0.000000 -0.406980
0.600000 0.533333 0.060000 -0.256744
0.666667 0.466667 0.120000 0.014139
0.733333 0.400000 0.180000 0.319118
0.800000 0.333333 0.240000 0.452259
0.866667 0.266667 0.300000 0.525982
0.800000 0.333333 0.300000 0.433574
0.733333 0.400000 0.240000 0.299582
0.666667 0.466667 0.180000 -0.006887
0.600000 0.533333 0.120000 -0.262891
0.533333 0.600000 0.060000 -0.403965
0.466667 0.666667 0.000000 -0.305815
0.400000 0.733333 0.000000 -0.176173
0.466667 0.666667 0.060000 -0.295685
0.533333 0.600000 0.120000 -0.390669
0.600000 0.533333 0.180000 -0.222663
0.666667 0.466667 0.240000 0.005910
0.733333 0.400000 0.300000 0.288378
0.666667 0.466667 0.300000 0.042459
0.600000 0.533333 0.240000 -0.188940
0.533333 0.600000 0.180000 -0.353799
0.466667 0.666667 0.120000 -0.282342
0.400000 0.733333 0.060000 -0.159693
0.333333 0.800000 0.000000 -0.064982
0.600000 0.533333 0.300000 -0.155217
0.533333 0.600000 0.240000 -0.335984
0.466667 0.666667 0.180000 -0.296676
0.400000 0.733333 0.120000 -0.170241
0.333333 0.800000 0.060000 -0.054596
0.266667 0.866667 0.000000 -0.059298
0.533333 0.600000 0.300000 -0.314696
0.466667 0.666667 0.240000 -0.311010
0.400000 0.733333 0.180000 -0.184574
0.333333 0.800000 0.120000 -0.058139
0.266667 0.866667 0.060000 -0.048147
0.200000 0.933333 0.000000 -0.068090
0.133333 1.000000 0.000000 -0.078621
0.200000 0.933333 0.060000 -0.058677
0.266667 0.866667 0.120000 -0.038734
0.333333 0.800000 0.180000 -0.072472
0.400000 0.733333 0.240000 -0.198907
0.466667 0.666667 0.300000 -0.306739
0.133333 1.000000 0.060000 -0.069208
0.200000 0.933333 0.120000 -0.049264
0.266667 0.866667 0.180000 -0.037926
0.333333 0.800000 0.240000 -0.086805
0.400000 0.733333 0.300000 -0.213240
0.133333 1.000000 0.120000 -0.059795
0.200000 0.933333 0.180000 -0.039851
0.266667 0.866667 0.240000 -0.050188
0.333333 0.800000 0.300000 -0.101139
0.266667 0.866667 0.300000 -0.062450
0.200000 0.933333 0.240000 -0.036765
0.133333 1.000000 0.180000 -0.050382
0.200000 0.933333 0.300000 -0.049027
0.133333 1.000000 0.240000 -0.040969
0.133333 1.000000 0.300000 -0.035604
0.666667 0.533333 0.000000 -0.302677
0.733333 0.466667 0.060000 -0.037205
0.800000 0.400000 0.120000 0.235084
0.866667 0.333333 0.180000 0.405995
0.933333 0.266667 0.240000 0.480566
1.000000 0.200000 0.300000 0.522125
0.733333 0.533333 0.000000 -0.354756
0.800000 0.466667 0.060000 -0.109574
0.866667 0.400000 0.120000 0.136840
0.933333 0.333333 0.180000 0.313914
1.000000 0.266667 0.240000 0.402395
0.800000 0.533333 0.000000 -0.406836
0.866667 0.466667 0.060000 -0.174728
0.933333 0.400000 0.120000 0.038598
1.000000 0.333333 0.180000 0.221834
0.866667 0.533333 0.000000 -0.458915
0.933333 0.466667 0.060000 -0.227155
1.000000 0.400000 0.120000 -0.059645
1.000000 0.466667 0.060000 -0.298611
0.933333 0.533333 0.000000 -0.510994
1.000000 0.533333 0.000000 -0.563073
0.600000 0.600000 0.000000 -0.531332
0.666667 0.533333 0.060000 -0.308823
0.733333 0.466667 0.120000 -0.058231
0.800000 0.400000 0.180000 0.220874
0.866667 0.333333 0.240000 0.373565
0.933333 0.266667 0.300000 0.434740
0.533333 0.666667 0.000000 -0.584678
0.600000 0.600000 0.060000 -0.526967
0.666667 0.533333 0.120000 -0.314970
0.733333 0.466667 0.180000 -0.079256
0.800000 0.400000 0.240000 0.189672
0.866667 0.333333 0.300000 0.323656
0.800000 0.400000 0.300000 0.152701
0.733333 0.466667 0.240000 -0.106852
0.666667 0.533333 0.180000 -0.321117
0.600000 0.600000 0.120000 -0.522600
0.533333 0.666667 0.060000 -0.574250
0.466667 0.733333 0.000000 -0.485260
0.400000 0.800000 0.000000 -0.349269
0.466667 0.733333 0.060000 -0.475130
0.533333 0.666667 0.120000 -0.533651
0.600000 0.600000 0.180000 -0.514230
0.666667 0.533333 0.240000 -0.334207
0.733333 0.466667 0.300000 -0.107057
0.666667 0.533333 0.300000 -0.330221
0.600000 0.600000 0.240000 -0.495408
0.533333 0.666667 0.180000 -0.498370
0.466667 0.733333 0.120000 -0.465001
0.400000 0.800000 0.060000 -0.339139
0.333333 0.866667 0.000000 -0.213277
0.600000 0.600000 0.300000 -0.475362
0.533333 0.666667 0.240000 -0.485681
0.466667 0.733333 0.180000 -0.457629
0.400000 0.800000 0.120000 -0.345174
0.333333 0.866667 0.060000 -0.216251
0.266667 0.933333 0.000000 -0.151025
0.533333 0.666667 0.300000 -0.472951
0.466667 0.733333 0.240000 -0.444941
0.400000 0.800000 0.180000 -0.359508
0.333333 0.866667 0.120000 -0.233073
0.266667 0.933333 0.060000 -0.144332
0.200000 1.000000 0.000000 -0.158427
0.200000 1.000000 0.060000 -0.146363
0.266667 0.933333 0.120000 -0.156595
0.333333 0.866667 0.180000 -0.247406
0.400000 0.800000 0.240000 -0.373841
0.466667 0.733333 0.300000 -0.432252
0.200000 1.000000 0.120000 -0.143171
0.266667 0.933333 0.180000 -0.168857
0.333333 0.866667 0.240000 -0.261739
0.400000 0.800000 0.300000 -0.388175
0.200000 1.000000 0.180000 -0.155433
0.266667 0.933333 0.240000 -0.181119
0.333333 0.866667 0.300000 -0.276073
0.266667 0.933333 0.300000 -0.193381
0.200000 1.000000 0.240000 -0.167695
0.200000 1.000000 0.300000 -0.179958
0.666667 0.600000 0.000000 -0.590832
0.733333 0.533333 0.060000 -0.360903
0.800000 0.466667 0.120000 -0.128795
0.866667 0.400000 0.180000 0.122632
0.933333 0.333333 0.240000 0.296595
1.000000 0.266667 0.300000 0.355862
0.733333 0.600000 0.000000 -0.645089
0.800000 0.533333 0.060000 -0.412982
0.866667 0.466667 0.120000 -0.180874
0.933333 0.400000 0.180000 0.024389
1.000000 0.333333 0.240000 0.212130
0.800000 0.600000 0.000000 -0.697168
0.866667 0.533333 0.060000 -0.465061
0.933333 0.466667 0.120000 -0.232953
1.000000 0.400000 0.180000 -0.073854
0.866667 0.600000 0.000000 -0.749247
0.933333 0.533333 0.060000 -0.517140
1.000000 0.466667 0.120000 -0.299652
1.000000 0.533333 0.060000 -0.569219
0.933333 0.600000 0.000000 -0.801327
1.000000 0.600000 0.000000 -0.853406
0.600000 0.666667 0.000000 -0.663728
0.666667 0.600000 0.060000 -0.591363
0.733333 0.533333 0.120000 -0.367049
0.800000 0.466667 0.180000 -0.134942
0.866667 0.400000 0.240000 0.102774
0.933333 0.333333 0.300000 0.246686
0.533333 0.733333 0.000000 -0.675373
0.600000 0.666667 0.060000 -0.653300
0.666667 0.600000 0.120000 -0.582976
0.733333 0.533333 0.180000 -0.373196
0.800000 0.466667 0.240000 -0.150246
0.866667 0.400000 0.300000 0.045608
0.800000 0.466667 0.300000 -0.189278
0.733333 0.533333 0.240000 -0.393334
0.666667 0.600000 0.180000 -0.574588
0.600000 0.666667 0.120000 -0.642872
0.533333 0.733333 0.060000 -0.664944
0.466667 0.800000 0.000000 -0.664706
0.400000 0.866667 0.000000 -0.528715
0.466667 0.800000 0.060000 -0.643770
0.533333 0.733333 0.120000 -0.654516
0.600000 0.666667 0.180000 -0.631733
0.666667 0.600000 0.240000 -0.585026
0.733333 0.533333 0.300000 -0.419269
0.666667 0.600000 0.300000 -0.596950
0.600000 0.666667 0.240000 -0.644193
0.533333 0.733333 0.180000 -0.621493
0.466667 0.800000 0.120000 -0.602439
0.400000 0.866667 0.060000 -0.518584
0.333333 0.933333 0.000000 -0.392723
0.600000 0.666667 0.300000 -0.632679
0.533333 0.733333 0.240000 -0.611195
0.466667 0.800000 0.180000 -0.583142
0.400000 0.866667 0.120000 -0.517143
0.333333 0.933333 0.060000 -0.386515
0.266667 1.000000 0.000000 -0.276321
0.533333 0.733333 0.300000 -0.598507
0.466667 0.800000 0.240000 -0.570454
0.400000 0.866667 0.180000 -0.534442
0.333333 0.933333 0.120000 -0.408006
0.266667 1.000000 0.060000 -0.279156
0.266667 1.000000 0.120000 -0.295905
0.333333 0.933333 0.180000 -0.422339
0.400000 0.866667 0.240000 -0.529713
0.466667 0.800000 0.300000 -0.557766
0.266667 1.000000 0.180000 -0.310238
0.333333 0.933333 0.240000 -0.436673
0.400000 0.866667 0.300000 -0.517025
0.266667 1.000000 0.240000 -0.324571
0.333333 0.933333 0.300000 -0.451007
0.266667 1.000000 0.300000 -0.338905
0.666667 0.666667 0.000000 -0.736704
0.733333 0.600000 0.060000 -0.651236
0.800000 0.533333 0.120000 -0.419128
0.866667 0.466667 0.180000 -0.187021
0.933333 0.400000 0.240000 0.010180
1.000000 0.333333 0.300000 0.169716
0.733333 0.666667 0.000000 -0.802944
0.800000 0.600000 0.060000 -0.703315
0.866667 0.533333 0.120000 -0.471207
0.933333 0.466667 0.180000 -0.239100
1.000000 0.400000 0.240000 -0.088063
0.800000 0.666667 0.000000 -0.869183
0.866667 0.600000 0.060000 -0.755394
0.933333 0.533333 0.120000 -0.523287
1.000000 0.466667 0.180000 -0.300694
0.866667 0.666667 0.000000 -0.935423
0.933333 0.600000 0.060000 -0.807473
1.000000 0.533333 0.120000 -0.575365
1.000000 0.600000 0.060000 -0.859552
0.933333 0.666667 0.000000 -1.001663
1.000000 0.666667 0.000000 -1.067903
0.600000 0.733333 0.000000 -0.754422
0.666667 0.666667 0.060000 -0.730283
0.733333 0.600000 0.120000 -0.643334
0.800000 0.533333 0.180000 -0.425275
0.866667 0.466667 0.240000 -0.193641
0.933333 0.400000 0.300000 -0.041291
0.533333 0.800000 0.000000 -0.766067
0.600000 0.733333 0.060000 -0.743994
0.666667 0.666667 0.120000 -0.717886
0.733333 0.600000 0.180000 -0.634947
0.800000 0.533333 0.240000 -0.436728
0.866667 0.466667 0.300000 -0.232672
0.800000 0.533333 0.300000 -0.475760
0.733333 0.600000 0.240000 -0.636701
0.666667 0.666667 0.180000 -0.705489
0.600000 0.733333 0.120000 -0.733565
0.533333 0.800000 0.060000 -0.755638
0.466667 0.866667 0.000000 -0.777711
0.400000 0.933333 0.000000 -0.708160
0.466667 0.866667 0.060000 -0.766151
0.533333 0.800000 0.120000 -0.745210
0.600000 0.733333 0.180000 -0.722485
0.666667 0.666667 0.240000 -0.710823
0.733333 0.600000 0.300000 -0.661198
0.666667 0.666667 0.300000 -0.730431
0.600000 0.733333 0.240000 -0.738546
0.533333 0.800000 0.180000 -0.740236
0.466667 0.866667 0.120000 -0.724822
0.400000 0.933333 0.060000 -0.698030
0.333333 1.000000 0.000000 -0.572169
0.600000 0.733333 0.300000 -0.753435
0.533333 0.800000 0.240000 -0.736709
0.466667 0.866667 0.180000 -0.705212
0.400000 0.933333 0.120000 -0.672966
0.333333 1.000000 0.060000 -0.562039
0.533333 0.800000 0.300000 -0.724020
0.466667 0.866667 0.240000 -0.695968
0.400000 0.933333 0.180000 -0.667915
0.333333 1.000000 0.120000 -0.578920
0.333333 1.000000 0.180000 -0.597274
0.400000 0.933333 0.240000 -0.655227
0.466667 0.866667 0.300000 -0.683280
0.333333 1.000000 0.240000 -0.611607
0.400000 0.933333 0.300000 -0.642538
0.333333 1.000000 0.300000 -0.601797
0.666667 0.733333 0.000000 -0.833432
0.733333 0.666667 0.060000 -0.798577
0.800000 0.600000 0.120000 -0.703692
0.866667 0.533333 0.180000 -0.477354
0.933333 0.466667 0.240000 -0.245246
1.000000 0.400000 0.300000 -0.120919
0.733333 0.733333 0.000000 -0.907189
0.800000 0.666667 0.060000 -0.864817
0.866667 0.600000 0.120000 -0.761540
0.933333 0.533333 0.180000 -0.529433
1.000000 0.466667 0.240000 -0.301735
0.800000 0.733333 0.000000 -0.980945
0.866667 0.666667 0.060000 -0.931057
0.933333 0.600000 0.120000 -0.813620
1.000000 0.533333 0.180000 -0.581512
0.866667 0.733333 0.000000 -1.054701
0.933333 0.666667 0.060000 -0.997296
1.000000 0.600000 0.120000 -0.865699
1.000000 0.666667 0.060000 -1.063536
0.933333 0.733333 0.000000 -1.128458
1.000000 0.733333 0.000000 -1.202214
0.600000 0.800000 0.000000 -0.845116
0.666667 0.733333 0.060000 -0.821035
0.733333 0.666667 0.120000 -0.791642
0.800000 0.600000 0.180000 -0.695305
0.866667 0.533333 0.240000 -0.483501
0.933333 0.466667 0.300000 -0.276067
0.533333 0.866667 0.000000 -0.856761
0.600000 0.800000 0.060000 -0.834688
0.666667 0.733333 0.120000 -0.808638
0.733333 0.666667 0.180000 -0.779246
0.800000 0.600000 0.240000 -0.688373
0.866667 0.533333 0.300000 -0.519154
0.800000 0.600000 0.300000 -0.712871
0.733333 0.666667 0.240000 -0.775102
0.666667 0.733333 0.180000 -0.796241
0.600000 0.800000 0.120000 -0.824260
0.533333 0.866667 0.060000 -0.846332
0.466667 0.933333 0.000000 -0.868405
0.400000 1.000000 0.000000 -0.876270
0.466667 0.933333 0.060000 -0.857976
0.533333 0.866667 0.120000 -0.835903
0.600000 0.800000 0.180000 -0.813236
0.666667 0.733333 0.240000 -0.802825
0.733333 0.666667 0.300000 -0.796437
0.666667 0.733333 0.300000 -0.824160
0.600000 0.800000 0.240000 -0.830548
0.533333 0.866667 0.180000 -0.832181
0.466667 0.933333 0.120000 -0.847203
0.400000 1.000000 0.060000 -0.834939
0.600000 0.800000 0.300000 -0.851530
0.533333 0.866667 0.240000 -0.855483
0.466667 0.933333 0.180000 -0.826055
0.400000 1.000000 0.120000 -0.793809
0.533333 0.866667 0.300000 -0.849534
0.466667 0.933333 0.240000 -0.821176
0.400000 1.000000 0.180000 -0.788931
0.400000 1.000000 0.240000 -0.780740
0.466667 0.933333 0.300000 -0.808793
0.400000 1.000000 0.300000 -0.768052
0.666667 0.800000 0.000000 -0.924166
0.733333 0.733333 0.060000 -0.894791
0.800000 0.666667 0.120000 -0.860451
0.866667 0.600000 0.180000 -0.755664
0.933333 0.533333 0.240000 -0.535579
1.000000 0.466667 0.300000 -0.319461
0.733333 0.800000 0.000000 -0.997940
0.800000 0.733333 0.060000 -0.968548
0.866667 0.666667 0.120000 -0.926690
0.933333 0.600000 0.180000 -0.816023
1.000000 0.533333 0.240000 -0.587659
0.800000 0.800000 0.000000 -1.071697
0.866667 0.733333 0.060000 -1.042304
0.933333 0.666667 0.120000 -0.992930
1.000000 0.600000 0.180000 -0.871845
0.866667 0.800000 0.000000 -1.145453
0.933333 0.733333 0.060000 -1.116061
1.000000 0.666667 0.120000 -1.059169
1.000000 0.733333 0.060000 -1.189817
0.933333 0.800000 0.000000 -1.219209
1.000000 0.800000 0.000000 -1.292966
0.600000 0.866667 0.000000 -0.935810
0.666667 0.800000 0.060000 -0.911786
0.733333 0.733333 0.120000 -0.882395
0.800000 0.666667 0.180000 -0.853002
0.866667 0.600000 0.240000 -0.747276
0.933333 0.533333 0.300000 -0.562548
0.533333 0.933333 0.000000 -0.947455
0.600000 0.866667 0.060000 -0.925382
0.666667 0.800000 0.120000 -0.899390
0.733333 0.733333 0.180000 -0.869997
0.800000 0.666667 0.240000 -0.840604
0.866667 0.600000 0.300000 -0.764546
0.800000 0.666667 0.300000 -0.860716
0.733333 0.733333 0.240000 -0.867104
0.666667 0.800000 0.180000 -0.886992
0.600000 0.866667 0.120000 -0.914953
0.533333 0.933333 0.060000 -0.937026
0.466667 1.000000 0.000000 -0.959099
0.466667 1.000000 0.060000 -0.948671
0.533333 0.933333 0.120000 -0.926598
0.600000 0.866667 0.180000 -0.903988
0.666667 0.800000 0.240000 -0.894827
0.733333 0.733333 0.300000 -0.888439
0.666667 0.800000 0.300000 -0.916161
0.600000 0.866667 0.240000 -0.922549
0.533333 0.933333 0.180000 -0.924124
0.466667 1.000000 0.120000 -0.938243
0.600000 0.866667 0.300000 -0.943884
0.533333 0.933333 0.240000 -0.947428
0.466667 1.000000 0.180000 -0.946497
0.533333 0.933333 0.300000 -0.970731
0.466667 1.000000 0.240000 -0.942018
0.466667 1.000000 0.300000 -0.934307
0.666667 0.866667 0.000000 -1.014860
0.733333 0.800000 0.060000 -0.985543
0.800000 0.733333 0.120000 -0.956151
0.866667 0.666667 0.180000 -0.922324
0.933333 0.600000 0.240000 -0.807635
1.000000 0.533333 0.300000 -0.605943
0.733333 0.866667 0.000000 -1.088692
0.800000 0.800000 0.060000 -1.059299
0.866667 0.733333 0.120000 -1.029907
0.933333 0.666667 0.180000 -0.988564
1.000000 0.600000 0.240000 -0.867993
0.800000 0.866667 0.000000 -1.162448
0.866667 0.800000 0.060000 -1.133056
0.933333 0.733333 0.120000 -1.103663
1.000000 0.666667 0.180000 -1.054804
0.866667 0.866667 0.000000 -1.236205
0.933333 0.800000 0.060000 -1.206812
1.000000 0.733333 0.120000 -1.177420
1.000000 0.800000 0.060000 -1.280568
0.933333 0.866667 0.000000 -1.309962
1.000000 0.866667 0.000000 -1.383718
0.600000 0.933333 0.000000 -1.026504
0.666667 0.866667 0.060000 -1.002538
0.733333 0.800000 0.120000 -0.973146
0.800000 0.733333 0.180000 -0.943754
0.866667 0.666667 0.240000 -0.914361
0.933333 0.600000 0.300000 -0.816219
0.533333 1.000000 0.000000 -1.038148
0.600000 0.933333 0.060000 -1.016076
0.666667 0.866667 0.120000 -0.990141
0.733333 0.800000 0.180000 -0.960749
0.800000 0.733333 0.240000 -0.931383
0.866667 0.666667 0.300000 -0.924995
0.800000 0.733333 0.300000 -0.952718
0.733333 0.800000 0.240000 -0.959106
0.666667 0.866667 0.180000 -0.977744
0.600000 0.933333 0.120000 -1.005647
0.533333 1.000000 0.060000 -1.027720
0.533333 1.000000 0.120000 -1.017292
0.600000 0.933333 0.180000 -0.994739
0.666667 0.866667 0.240000 -0.986828
0.733333 0.800000 0.300000 -0.980441
0.666667 0.866667 0.300000 -1.008164
0.600000 0.933333 0.240000 -1.014552
0.533333 1.000000 0.180000 -1.016069
0.600000 0.933333 0.300000 -1.035886
0.533333 1.000000 0.240000 -1.039372
0.533333 1.000000 0.300000 -1.062675
0.666667 0.933333 0.000000 -1.105554
0.733333 0.866667 0.060000 -1.076295
0.800000 0.800000 0.120000 -1.046903
0.866667 0.733333 0.180000 -1.017510
0.933333 0.666667 0.240000 -0.984198
1.000000 0.600000 0.300000 -0.867893
0.733333 0.933333 0.000000 -1.179444
0.800000 0.866667 0.060000 -1.150051
0.866667 0.800000 0.120000 -1.120659
0.933333 0.733333 0.180000 -1.091266
1.000000 0.666667 0.240000 -1.050437
0.800000 0.933333 0.000000 -1.253200
0.866667 0.866667 0.060000 -1.223808
0.933333 0.800000 0.120000 -1.194415
1.000000 0.733333 0.180000 -1.165022
0.866667 0.933333 0.000000 -1.326957
0.933333 0.866667 0.060000 -1.297564
1.000000 0.800000 0.120000 -1.268171
1.000000 0.866667 0.060000 -1.371320
0.933333 0.933333 0.000000 -1.400713
1.000000 0.933333 0.000000 -1.474469
0.600000 1.000000 0.000000 -1.117198
0.666667 0.933333 0.060000 -1.093290
0.733333 0.866667 0.120000 -1.063897
0.800000 0.800000 0.180000 -1.034505
0.866667 0.733333 0.240000 -1.005113
0.933333 0.666667 0.300000 -0.989274
0.600000 1.000000 0.060000 -1.106770
0.666667 0.933333 0.120000 -1.080892
0.733333 0.866667 0.180000 -1.051500
0.800000 0.800000 0.240000 -1.023385
0.866667 0.733333 0.300000 -1.016997
0.800000 0.800000 0.300000 -1.044720
0.733333 0.866667 0.240000 -1.051108
0.666667 0.933333 0.180000 -1.068496
0.600000 1.000000 0.120000 -1.096342
0.600000 1.000000 0.180000 -1.085492
0.666667 0.933333 0.240000 -1.078830
0.733333 0.866667 0.300000 -1.072442
0.666667 0.933333 0.300000 -1.100165
0.600000 1.000000 0.240000 -1.106554
0.600000 1.000000 0.300000 -1.127888
0.666667 1.000000 0.000000 -1.196248
0.733333 0.933333 0.060000 -1.167046
0.800000 0.866667 0.120000 -1.137654
0.866667 0.800000 0.180000 -1.108262
0.933333 0.733333 0.240000 -1.078869
1.000000 0.666667 0.300000 -1.050506
0.733333 1.000000 0.000000 -1.270196
0.800000 0.933333 0.060000 -1.240803
0.866667 0.866667 0.120000 -1.211411
0.933333 0.800000 0.180000 -1.182018
1.000000 0.733333 0.240000 -1.152626
0.800000 1.000000 0.000000 -1.343951
0.866667 0.933333 0.060000 -1.314559
0.933333 0.866667 0.120000 -1.285167
1.000000 0.800000 0.180000 -1.255774
0.866667 1.000000 0.000000 -1.417709
0.933333 0.933333 0.060000 -1.388315
1.000000 0.866667 0.120000 -1.358923
1.000000 0.933333 0.060000 -1.462072
0.933333 1.000000 0.000000 -1.491464
1.000000 1.000000 0.000000 -1.565221
0.666667 1.000000 0.060000 -1.184042
0.733333 0.933333 0.120000 -1.154649
0.800000 0.866667 0.180000 -1.125257
0.866667 0.800000 0.240000 -1.095864
0.933333 0.733333 0.300000 -1.081275
0.666667 1.000000 0.120000 -1.171644
0.733333 0.933333 0.180000 -1.142252
0.800000 0.866667 0.240000 -1.115387
0.866667 0.800000 0.300000 -1.108999
0.800000 0.866667 0.300000 -1.136721
0.733333 0.933333 0.240000 -1.143110
0.666667 1.000000 0.180000 -1.159247
0.666667 1.000000 0.240000 -1.170833
0.733333 0.933333 0.300000 -1.164445
0.666667 1.000000 0.300000 -1.192167
0.733333 1.000000 0.060000 -1.257798
0.800000 0.933333 0.120000 -1.228406
0.866667 0.866667 0.180000 -1.199013
0.933333 0.800000 0.240000 -1.169621
1.000000 0.733333 0.300000 -1.145555
0.800000 1.000000 0.060000 -1.331555
0.866667 0.933333 0.120000 -1.302162
0.933333 0.866667 0.180000 -1.272769
1.000000 0.800000 0.240000 -1.243377
0.866667 1.000000 0.060000 -1.405311
0.933333 0.933333 0.120000 -1.375918
1.000000 0.866667 0.180000 -1.346527
0.933333 1.000000 0.060000 -1.479067
1.000000 0.933333 0.120000 -1.449675
1.000000 1.000000 0.060000 -1.552824
0.733333 1.000000 0.120000 -1.245401
0.800000 0.933333 0.180000 -1.216008
0.866667 0.866667 0.240000 -1.186617
0.933333 0.800000 0.300000 -1.173278
0.733333 1.000000 0.180000 -1.233003
0.800000 0.933333 0.240000 -1.207389
0.866667 0.866667 0.300000 -1.201000
0.800000 0.933333 0.300000 -1.228723
0.733333 1.000000 0.240000 -1.235112
0.733333 1.000000 0.300000 -1.256446
0.800000 1.000000 0.120000 -1.319157
0.866667 0.933333 0.180000 -1.289765
0.933333 0.866667 0.240000 -1.260373
1.000000 0.800000 0.300000 -1.237557
0.866667 1.000000 0.120000 -1.392913
0.933333 0.933333 0.180000 -1.363521
1.000000 0.866667 0.240000 -1.334129
0.933333 1.000000 0.120000 -1.466670
1.000000 0.933333 0.180000 -1.437278
1.000000 1.000000 0.120000 -1.540427
0.800000 1.000000 0.180000 -1.306760
0.866667 0.933333 0.240000 -1.277367
0.933333 0.866667 0.300000 -1.265280
0.800000 1.000000 0.240000 -1.299391
0.866667 0.933333 0.300000 -1.293002
0.800000 1.000000 0.300000 -1.320725
0.866667 1.000000 0.180000 -1.380516
0.933333 0.933333 0.240000 -1.351124
1.000000 0.866667 0.300000 -1.329558
0.933333 1.000000 0.180000 -1.454273
1.000000 0.933333 0.240000 -1.424880
1.000000 1.000000 0.180000 -1.528029
0.866667 1.000000 0.240000 -1.368119
0.933333 0.933333 0.300000 -1.357281
0.866667 1.000000 0.300000 -1.385004
0.933333 1.000000 0.240000 -1.441876
1.000000 0.933333 0.300000 -1.421560
1.000000 1.000000 0.240000 -1.515633
0.933333 1.000000 0.300000 -1.449283
1.000000 1.000000 0.300000 -1.513563
