0.128841 0.880000 0.068561 -6.546618
0.149282 0.880000 0.040000 -6.580314
0.160000 0.880000 0.080000 -6.525183
0.111941 0.880000 0.087971 -6.541336
0.117300 0.880000 0.045149 -6.564893
0.099451 0.880000 0.066903 -6.567529
0.094818 0.880000 0.034497 -6.583369
0.120000 0.880000 0.010718 -6.575031
0.122625 0.864632 0.074577 -6.530052
0.080000 0.880000 0.000000 -6.624283
0.113282 0.880000 0.114845 -6.539994
0.129494 0.880000 0.093980 -6.545889
0.149282 0.880000 0.120000 -6.560616
0.120000 0.880000 0.149282 -6.586517
0.067522 0.880000 0.031403 -6.639583
0.155820 0.852604 0.105520 -6.511652
0.105520 0.852604 0.004180 -6.486488
0.044420 0.880000 0.048264 -6.663345
0.010718 0.880000 0.040000 -6.707446
0.040000 0.880000 0.010718 -6.709636
0.135913 0.843702 0.022784 -6.425907
0.155325 0.852636 0.053053 -6.464239
0.139053 0.846731 0.088280 -6.486326
0.160000 0.840000 0.080000 -6.424434
0.109628 0.863141 0.131754 -6.551576
0.084076 0.880000 0.095865 -6.585984
0.092729 0.880000 0.128358 -6.618124
0.074320 0.880000 0.063133 -6.592402
0.093214 0.858060 0.084898 -6.534528
0.113571 0.850037 0.101739 -6.492918
0.066907 0.880000 0.126067 -6.640975
0.080000 0.880000 0.160000 -6.637738
0.053053 0.852636 0.004675 -6.578056
0.096770 0.853001 0.039875 -6.492129
0.120264 0.824279 0.041718 -6.367483
0.117867 0.836639 0.074325 -6.449596
0.080000 0.840000 0.000000 -6.468346
0.097935 0.850131 0.117951 -6.527765
0.131568 0.846055 0.114029 -6.493660
0.137216 0.843702 0.135913 -6.485132
0.105890 0.841972 0.132170 -6.518590
0.106947 0.852636 0.155325 -6.540987
0.047630 0.853785 0.035235 -6.596195
0.109188 0.825405 0.116586 -6.406416
0.072009 0.841403 0.059263 -6.529241
0.055564 0.880000 0.077991 -6.650425
0.054712 0.880000 0.102679 -6.670969
0.042208 0.854935 0.065795 -6.635247
0.030356 0.880000 0.069529 -6.701274
0.031255 0.880000 0.094631 -6.726396
0.129418 0.818627 0.099071 -6.363957
0.154504 0.819476 0.109141 -6.363613
0.153770 0.819477 0.049048 -6.322365
0.109141 0.819476 0.005496 -6.337070
0.160000 0.800000 0.080000 -6.207525
0.000000 0.880000 0.080000 -6.731582
0.004180 0.852604 0.054480 -6.669895
0.023852 0.837205 0.058327 -6.608061
0.022784 0.843702 0.024087 -6.627854
0.135151 0.800524 0.022049 -6.212059
0.138440 0.820066 0.073925 -6.360369
0.124088 0.804868 0.045866 -6.285176
0.104332 0.817779 0.089001 -6.345173
0.088030 0.830069 0.075124 -6.428754
0.075045 0.850066 0.129078 -6.577444
0.070538 0.860131 0.103429 -6.597597
0.064286 0.847598 0.084987 -6.589921
0.086365 0.840262 0.104179 -6.501627
0.042609 0.880000 0.115900 -6.682818
0.040000 0.880000 0.149282 -6.690477
0.010718 0.880000 0.120000 -6.715289
0.049566 0.846884 0.133147 -6.606338
0.054480 0.852604 0.155820 -6.622891
0.080000 0.840000 0.160000 -6.557824
0.117316 0.790259 0.094406 -6.152046
0.101774 0.804868 0.024090 -6.297734
0.049048 0.819477 0.006230 -6.441409
0.078199 0.820708 0.031834 -6.420798
0.096730 0.815388 0.058275 -6.342970
0.080000 0.800000 0.000000 -6.249584
0.083182 0.820131 0.132090 -6.422302
0.137951 0.800524 0.135151 -6.240561
0.096956 0.801454 0.111984 -6.253522
0.110952 0.819477 0.153770 -6.384687
0.047905 0.820393 0.040275 -6.465445
0.075979 0.815261 0.110747 -6.373126
0.062803 0.821496 0.072463 -6.468324
0.039996 0.829870 0.083327 -6.572031
0.038341 0.852336 0.106773 -6.650003
0.019171 0.846168 0.093387 -6.657609
0.004675 0.852636 0.106947 -6.657549
0.094406 0.790259 0.042684 -6.180514
0.154631 0.779995 0.108812 -6.069640
0.135972 0.765130 0.101612 -5.933771
0.134966 0.785130 0.070419 -6.126269
0.118289 0.775130 0.047223 -6.028411
0.152616 0.780000 0.046431 -6.046412
0.108812 0.779995 0.005369 -6.059448
0.160000 0.760000 0.080000 -5.858569
0.000000 0.840000 0.080000 -6.631360
0.033268 0.813732 0.061961 -6.450440
0.005496 0.819476 0.050859 -6.490614
0.022049 0.800524 0.024849 -6.352052
0.134315 0.760086 0.021265 -5.863656
0.105861 0.790259 0.068545 -6.174115
0.080000 0.800524 0.080000 -6.277544
0.107986 0.762700 0.090806 -5.881861
0.088478 0.780862 0.095992 -6.085736
0.045427 0.824673 0.118915 -6.508778
0.024087 0.843702 0.137216 -6.644912
0.046431 0.780000 0.007384 -6.128087
0.101612 0.765130 0.024028 -5.924802
0.116308 0.750007 0.063216 -5.778423
0.112563 0.745004 0.034293 -5.700910
0.065594 0.790259 0.117316 -6.234712
0.058226 0.804868 0.135910 -6.355303
0.050859 0.819476 0.154504 -6.476652
0.080000 0.800000 0.160000 -6.313702
0.112777 0.775130 0.118289 -6.033801
0.113569 0.780000 0.152616 -6.085007
0.125707 0.745004 0.112563 -5.733141
0.138735 0.760086 0.134315 -5.875189
0.070419 0.785130 0.025034 -6.141545
0.068545 0.790259 0.054139 -6.207899
0.080000 0.760000 0.000000 -5.893042
0.047223 0.775130 0.041711 -6.090602
0.089581 0.785130 0.134966 -6.186882
0.096784 0.750007 0.116308 -5.781476
0.042684 0.790259 0.065594 -6.267812
0.051845 0.802730 0.089224 -6.370510
0.065922 0.781499 0.084612 -6.121584
0.023690 0.804935 0.098448 -6.396009
0.006230 0.819477 0.110952 -6.504143
0.090806 0.762700 0.052014 -5.925609
0.154629 0.740000 0.108818 -5.650386
0.135469 0.745004 0.086017 -5.724489
0.152616 0.740000 0.046431 -5.651100
0.108818 0.740000 0.005371 -5.657256
0.160000 0.720000 0.080000 -5.430228
0.000000 0.800000 0.080000 -6.338673
0.005369 0.779995 0.051188 -6.156088
0.021265 0.760086 0.025685 -5.943288
0.134176 0.720014 0.021136 -5.415265
0.123764 0.725004 0.052357 -5.477112
0.112650 0.736353 0.092608 -5.623003
0.080000 0.760269 0.080000 -5.899242
0.098154 0.735011 0.071608 -5.640059
0.088392 0.735011 0.098154 -5.629633
0.069194 0.762700 0.107986 -5.954417
0.036489 0.785130 0.115442 -6.236799
0.024849 0.800524 0.137951 -6.343147
0.046431 0.740000 0.007384 -5.699752
0.086017 0.745004 0.024531 -5.702975
0.092608 0.736353 0.047350 -5.623353
0.101614 0.725004 0.024028 -5.471848
0.094409 0.710007 0.042685 -5.302255
0.080000 0.720000 0.000000 -5.443038
0.058388 0.765130 0.135972 -6.009819
0.051188 0.779995 0.154631 -6.167042
0.080000 0.760000 0.160000 -5.916317
0.135972 0.725004 0.101614 -5.496685
0.117315 0.710007 0.094409 -5.327942
0.107643 0.725004 0.123764 -5.509071
0.113569 0.740000 0.152616 -5.658436
0.138864 0.720014 0.134176 -5.446727
0.024028 0.765130 0.058388 -6.043992
0.052014 0.762700 0.069194 -5.962331
0.063216 0.750007 0.043692 -5.809264
0.034293 0.745004 0.047437 -5.774753
0.052357 0.725004 0.036236 -5.524607
0.073983 0.745004 0.135469 -5.761472
0.067392 0.736353 0.112650 -5.665984
0.043692 0.750007 0.096784 -5.829376
0.030258 0.775130 0.086915 -6.160891
0.007384 0.780000 0.113569 -6.195591
0.071608 0.735011 0.061846 -5.609775
0.061846 0.735011 0.088392 -5.639710
0.154629 0.700000 0.108818 -5.204891
0.135972 0.685004 0.101614 -5.043285
0.134966 0.705004 0.070420 -5.261215
0.118290 0.695004 0.047224 -5.122754
0.152616 0.700000 0.046431 -5.183602
0.108818 0.700000 0.005371 -5.194176
0.160000 0.680000 0.080000 -4.962904
0.000000 0.760000 0.080000 -5.975208
0.005371 0.740000 0.051182 -5.721224
0.021136 0.720014 0.025824 -5.484258
0.134152 0.680002 0.021114 -4.949464
0.068547 0.710007 0.054138 -5.325177
0.105862 0.710007 0.068547 -5.318673
0.080000 0.720014 0.080000 -5.454296
0.091453 0.710007 0.105862 -5.334425
0.047437 0.745004 0.125707 -5.790859
0.025685 0.760086 0.138735 -5.962440
0.047224 0.695004 0.041710 -5.154708
0.046431 0.700000 0.007384 -5.192868
0.070420 0.705004 0.025034 -5.269528
0.101614 0.685004 0.024028 -5.006808
0.090807 0.682505 0.052014 -4.984468
0.112563 0.665000 0.034293 -4.766474
0.116308 0.670000 0.063216 -4.792858
0.107986 0.682505 0.090807 -5.011855
0.080000 0.680000 0.000000 -4.949240
0.051182 0.740000 0.154629 -5.705474
0.080000 0.720000 0.160000 -5.455443
0.089580 0.705004 0.134966 -5.296873
0.112776 0.695004 0.118290 -5.134992
0.113569 0.700000 0.152616 -5.187449
0.138886 0.680002 0.134152 -4.976329
0.096784 0.670000 0.116308 -4.881155
0.125707 0.665000 0.112563 -4.786333
0.024531 0.745004 0.073983 -5.805939
0.047350 0.736353 0.067392 -5.672148
0.024028 0.725004 0.058386 -5.561121
0.042685 0.710007 0.065591 -5.376502
0.058386 0.725004 0.135972 -5.544777
0.065591 0.710007 0.117315 -5.361890
0.036236 0.725004 0.107643 -5.544734
0.007384 0.740000 0.113569 -5.723175
0.054138 0.710007 0.091453 -5.344187
0.154629 0.660000 0.108818 -4.741276
0.135469 0.665000 0.086017 -4.752271
0.135972 0.645000 0.101614 -4.558450
0.152616 0.660000 0.046431 -4.716105
0.123764 0.645000 0.052357 -4.533922
0.108818 0.660000 0.005371 -4.719944
0.160000 0.640000 0.080000 -4.497942
0.098154 0.655000 0.071608 -4.652018
0.063216 0.670000 0.043692 -4.832681
0.052014 0.682505 0.069193 -5.000917
0.000000 0.720000 0.080000 -5.461599
0.024028 0.685004 0.058386 -5.039866
0.005371 0.700000 0.051182 -5.221761
0.034293 0.665000 0.047437 -4.778715
0.021114 0.680002 0.025848 -4.958976
0.134149 0.640000 0.021111 -4.482358
0.080000 0.680007 0.080000 -4.935388
0.069193 0.682505 0.107986 -5.020386
0.025824 0.720014 0.138864 -5.483822
0.046431 0.660000 0.007384 -4.704765
0.086017 0.665000 0.024531 -4.771628
0.092608 0.656253 0.047350 -4.652754
0.101614 0.645000 0.024028 -4.533898
0.112650 0.656253 0.092608 -4.677864
0.080000 0.640000 0.000000 -4.467529
0.094409 0.630000 0.042685 -4.361335
0.105862 0.630000 0.068547 -4.358862
0.058386 0.685004 0.135972 -5.051159
0.051182 0.700000 0.154629 -5.220520
0.073983 0.665000 0.135469 -4.821026
0.080000 0.680000 0.160000 -4.979308
0.113569 0.660000 0.152616 -4.741126
0.138889 0.640000 0.134149 -4.494767
0.074016 0.656562 0.105664 -4.703001
0.107311 0.647500 0.120768 -4.599405
0.118615 0.623998 0.101307 -4.320568
0.117837 0.625000 0.125228 -4.335072
0.080000 0.640000 0.080000 -4.466518
0.025034 0.705004 0.089580 -5.278077
0.041710 0.695004 0.112776 -5.182970
0.007384 0.700000 0.113569 -5.199491
0.043692 0.670000 0.096784 -4.843512
0.154629 0.620000 0.108818 -4.305577
0.134966 0.625000 0.070420 -4.355155
0.152616 0.620000 0.046431 -4.283605
0.118290 0.615000 0.047224 -4.237316
0.101614 0.605000 0.024028 -4.126841
0.108818 0.620000 0.005371 -4.261155
0.160000 0.600000 0.080000 -4.093225
0.052357 0.645000 0.036236 -4.501306
0.066178 0.642500 0.058118 -4.458196
0.047350 0.656253 0.067392 -4.653408
0.024531 0.665000 0.073983 -4.767131
0.000000 0.680000 0.080000 -4.942218
0.024028 0.645000 0.058386 -4.509459
0.005371 0.660000 0.051182 -4.698102
0.021111 0.640000 0.025851 -4.408970
0.046431 0.620000 0.007384 -4.227513
0.134148 0.600000 0.021110 -4.082200
0.051247 0.643125 0.095019 -4.500960
0.047437 0.665000 0.125707 -4.814653
0.025848 0.680002 0.138886 -4.961054
0.070420 0.625000 0.025034 -4.299253
0.042685 0.630000 0.065591 -4.318352
0.096091 0.622500 0.089942 -4.281457
0.073212 0.616250 0.055939 -4.213728
0.080000 0.600000 0.000000 -4.065814
0.092086 0.601250 0.048070 -4.063182
0.088076 0.583125 0.030310 -3.909026
0.112083 0.605263 0.095144 -4.136079
0.116308 0.590000 0.063216 -4.019674
0.135469 0.585000 0.086017 -3.957651
0.085384 0.637500 0.125888 -4.499648
0.058386 0.645000 0.135972 -4.549839
0.051182 0.660000 0.154629 -4.702425
0.080000 0.640000 0.160000 -4.503171
0.113569 0.620000 0.152616 -4.287686
0.116489 0.604042 0.121328 -4.116423
0.134139 0.597986 0.103558 -4.081830
0.138890 0.600000 0.134148 -4.102543
0.065591 0.630000 0.117315 -4.367986
0.095357 0.609427 0.117708 -4.172862
0.058802 0.616250 0.093254 -4.173852
0.007384 0.660000 0.113569 -4.675806
0.029315 0.651562 0.104294 -4.588383
0.154629 0.580000 0.108818 -3.948918
0.152616 0.580000 0.046431 -3.925126
0.125228 0.575000 0.042163 -3.884203
0.108818 0.580000 0.005371 -3.897046
0.160000 0.560000 0.080000 -3.785142
0.047224 0.615000 0.041710 -4.158822
0.025034 0.625000 0.089580 -4.269730
0.000000 0.640000 0.080000 -4.425999
0.046431 0.580000 0.007384 -3.847975
0.024028 0.605000 0.058386 -4.054327
0.005371 0.620000 0.051182 -4.211504
0.021110 0.600000 0.025852 -3.997360
0.134148 0.560000 0.021110 -3.791220
0.036487 0.625000 0.115442 -4.290016
0.025851 0.640000 0.138889 -4.448742
0.063216 0.590000 0.043692 -3.947274
0.052014 0.602500 0.069193 -4.046690
0.082592 0.591869 0.082393 -3.994692
0.103205 0.576517 0.075604 -3.885753
0.099290 0.556250 0.029412 -3.747738
0.080000 0.560000 0.000000 -3.741100
0.074539 0.561250 0.036591 -3.742301
0.089762 0.572500 0.053454 -3.843650
0.112665 0.580145 0.107559 -3.951735
0.131088 0.563834 0.097314 -3.841242
0.138758 0.538498 0.081444 -3.681798
0.116548 0.553712 0.066980 -3.772030
0.072795 0.615000 0.138657 -4.230166
0.051182 0.620000 0.154629 -4.263969
0.107402 0.549755 0.094174 -3.732904
0.087630 0.575172 0.118611 -3.897488
0.080000 0.600000 0.160000 -4.085455
0.113569 0.580000 0.152616 -3.947126
0.138890 0.560000 0.134148 -3.801396
0.061357 0.598750 0.122918 -4.039966
0.066042 0.582500 0.107469 -3.910398
0.043692 0.590000 0.096784 -3.930601
0.007384 0.620000 0.113569 -4.182838
0.154629 0.540000 0.108818 -3.685665
0.152616 0.540000 0.046431 -3.679283
0.112563 0.530000 0.034293 -3.583523
0.108818 0.540000 0.005371 -3.651551
0.160000 0.520000 0.080000 -3.595420
0.036359 0.582500 0.043849 -3.884196
0.049787 0.566250 0.043770 -3.760171
0.051608 0.565000 0.061846 -3.740879
0.024531 0.585000 0.073983 -3.888382
0.000000 0.600000 0.080000 -3.968704
0.046431 0.540000 0.007384 -3.539888
0.021110 0.560000 0.025852 -3.668498
0.005371 0.580000 0.051182 -3.835169
0.134148 0.520000 0.021110 -3.566607
0.080000 0.520000 0.000000 -3.551334
0.121204 0.505000 0.041393 -3.528692
0.025852 0.600000 0.138890 -4.001732
0.058825 0.573750 0.084658 -3.810435
0.074196 0.557500 0.109077 -3.740558
0.080854 0.556320 0.080177 -3.707957
0.080000 0.540000 0.040000 -3.623885
0.036359 0.542500 0.043849 -3.570788
0.083446 0.497500 0.025246 -3.462319
0.065278 0.515000 0.026463 -3.465050
0.065278 0.535000 0.066463 -3.581862
0.094409 0.500000 0.042685 -3.507484
0.090793 0.527500 0.064839 -3.551830
0.112313 0.546983 0.120445 -3.694234
0.123397 0.534518 0.096678 -3.647187
0.117451 0.517307 0.069203 -3.540232
0.132698 0.512520 0.093590 -3.581404
0.097617 0.527532 0.091766 -3.591695
0.057122 0.567500 0.128522 -3.783840
0.051182 0.580000 0.154629 -3.869738
0.080000 0.540000 0.120000 -3.662800
0.080000 0.560000 0.160000 -3.717594
0.113569 0.540000 0.152616 -3.663083
0.138890 0.520000 0.134148 -3.590181
0.132284 0.497500 0.071015 -3.524766
0.041540 0.562500 0.110476 -3.708099
0.007384 0.580000 0.113569 -3.792766
0.154629 0.500000 0.108818 -3.576688
0.152616 0.500000 0.046431 -3.552534
0.108818 0.500000 0.005371 -3.495296
0.160000 0.480000 0.080000 -3.568493
0.025804 0.562500 0.070923 -3.698100
0.040000 0.540000 0.080000 -3.581210
0.000000 0.560000 0.080000 -3.650692
0.046431 0.500000 0.007384 -3.395602
0.021110 0.520000 0.025852 -3.409263
0.005371 0.540000 0.051182 -3.524377
0.129845 0.480000 0.048493 -3.523733
0.134148 0.480000 0.021110 -3.512901
0.101614 0.480000 0.024028 -3.504707
0.080000 0.480000 0.000000 -3.460248
0.065553 0.482347 0.026313 -3.434386
0.095424 0.482500 0.062629 -3.490300
0.031115 0.522500 0.062221 -3.447035
0.098017 0.523750 0.128821 -3.569038
0.025852 0.560000 0.138890 -3.684207
0.060000 0.540000 0.100000 -3.619546
0.047392 0.538965 0.121272 -3.590602
0.070000 0.520000 0.090000 -3.529890
0.051669 0.510161 0.053202 -3.420456
0.072292 0.482867 0.045536 -3.454861
0.049806 0.483313 0.037153 -3.385481
0.035915 0.499317 0.045301 -3.367622
0.051483 0.511581 0.081360 -3.456589
0.080575 0.500328 0.079161 -3.507738
0.106120 0.508446 0.108741 -3.558722
0.112877 0.490000 0.085145 -3.535634
0.125883 0.485000 0.109646 -3.578257
0.081340 0.511727 0.108757 -3.533380
0.062685 0.520312 0.127757 -3.525729
0.051182 0.540000 0.154629 -3.574028
0.080000 0.520000 0.160000 -3.497360
0.113569 0.500000 0.152616 -3.585269
0.111507 0.480000 0.129845 -3.523078
0.138890 0.480000 0.134148 -3.556985
0.136438 0.465000 0.082572 -3.570636
0.032436 0.524814 0.099372 -3.462050
0.007384 0.540000 0.113569 -3.539251
0.154629 0.460000 0.108818 -3.604897
0.132405 0.447500 0.059457 -3.588462
0.152616 0.460000 0.046431 -3.545806
0.108818 0.460000 0.005371 -3.533115
0.160000 0.440000 0.080000 -3.649706
0.134148 0.440000 0.021110 -3.636996
0.000000 0.520000 0.080000 -3.397177
0.102802 0.442031 0.026773 -3.587250
0.046431 0.460000 0.007384 -3.452250
0.080000 0.440000 0.000000 -3.555165
0.064314 0.450787 0.026411 -3.484757
0.021110 0.480000 0.025852 -3.329391
0.005371 0.500000 0.051182 -3.336145
0.027173 0.478377 0.053739 -3.354984
0.050397 0.459826 0.052791 -3.416532
0.107074 0.460000 0.050555 -3.502378
0.086176 0.455000 0.038509 -3.479865
0.073497 0.462500 0.067749 -3.461988
0.109445 0.460000 0.107074 -3.566469
0.096438 0.465000 0.082572 -3.513590
0.025870 0.502500 0.080593 -3.377128
0.081009 0.497701 0.131688 -3.493999
0.025852 0.520000 0.138890 -3.485874
0.051448 0.501852 0.110301 -3.424047
0.051106 0.481076 0.075459 -3.386936
0.083438 0.479745 0.103939 -3.503141
0.082387 0.456614 0.106184 -3.542523
0.051182 0.500000 0.154629 -3.418520
0.080593 0.462500 0.134130 -3.498981
0.080000 0.480000 0.160000 -3.479758
0.102041 0.446250 0.132239 -3.597057
0.113569 0.460000 0.152616 -3.567015
0.138890 0.440000 0.134148 -3.655038
0.131047 0.437701 0.107192 -3.644515
0.134579 0.420350 0.080679 -3.755759
0.112194 0.435000 0.072482 -3.620064
0.098620 0.423575 0.053020 -3.674784
0.110921 0.421673 0.124407 -3.692635
0.125298 0.407551 0.106751 -3.807750
0.007384 0.500000 0.113569 -3.383934
0.154629 0.420000 0.108818 -3.763239
0.122092 0.418207 0.048464 -3.747460
0.152616 0.420000 0.046431 -3.770887
0.108818 0.420000 0.005371 -3.716750
0.160000 0.400000 0.080000 -3.916310
0.134148 0.400000 0.021110 -3.857720
0.000000 0.480000 0.080000 -3.318004
0.110604 0.400532 0.033547 -3.852904
0.085124 0.420625 0.023090 -3.682641
0.058416 0.425312 0.028468 -3.601647
0.021110 0.440000 0.025852 -3.443278
0.046431 0.420000 0.007384 -3.649330
0.080000 0.400000 0.000000 -3.824747
0.070401 0.430625 0.049553 -3.586378
0.037886 0.425312 0.050368 -3.540369
0.005371 0.460000 0.051182 -3.335733
0.062003 0.456103 0.086992 -3.438056
0.046160 0.442348 0.072936 -3.451524
0.025870 0.462500 0.080593 -3.381110
0.044217 0.457459 0.087676 -3.407735
0.078458 0.438295 0.078703 -3.541136
0.090514 0.432500 0.111862 -3.632233
0.030882 0.472823 0.105207 -3.378031
0.056426 0.473698 0.131687 -3.400320
0.025852 0.480000 0.138890 -3.364650
0.052926 0.460000 0.109445 -3.421951
0.067743 0.445000 0.100204 -3.509176
0.064655 0.442500 0.130950 -3.506616
0.051182 0.460000 0.154629 -3.435818
0.080000 0.440000 0.160000 -3.568035
0.085257 0.416250 0.135931 -3.706638
0.113569 0.420000 0.152616 -3.732765
0.138890 0.400000 0.134148 -3.886412
0.133687 0.390893 0.072060 -3.968675
0.138878 0.391477 0.096574 -3.964621
0.089985 0.400518 0.049555 -3.801743
0.113956 0.408916 0.093187 -3.798706
0.110862 0.402656 0.075521 -3.840391
0.115693 0.391323 0.061650 -3.942750
0.116895 0.390391 0.120722 -3.945238
0.116826 0.382631 0.094484 -4.025880
0.102920 0.382636 0.054398 -3.994111
0.086758 0.410312 0.080622 -3.763248
0.096356 0.402366 0.107301 -3.803776
0.007384 0.460000 0.113569 -3.371818
0.154629 0.380000 0.108818 -4.074969
0.152616 0.380000 0.046431 -4.030664
0.130957 0.379438 0.048229 -4.033128
0.112563 0.370000 0.034293 -4.119901
0.108818 0.380000 0.005371 -3.995006
0.160000 0.360000 0.080000 -4.238463
0.134148 0.360000 0.021110 -4.227955
0.120276 0.360904 0.065355 -4.218425
0.000000 0.440000 0.080000 -3.400240
0.088132 0.375625 0.035356 -4.010481
0.055679 0.400625 0.036016 -3.743401
0.069777 0.387500 0.060151 -3.912044
0.033728 0.401250 0.048551 -3.709912
0.005371 0.420000 0.051182 -3.519716
0.021110 0.400000 0.025852 -3.684312
0.046431 0.380000 0.007384 -3.922508
0.086017 0.350000 0.024531 -4.304772
0.080000 0.360000 0.000000 -4.232700
0.046347 0.402500 0.071251 -3.708611
0.023173 0.421250 0.075625 -3.539317
0.053795 0.428361 0.093594 -3.519079
0.028510 0.445625 0.101958 -3.422626
0.071583 0.405000 0.116649 -3.741200
0.025852 0.440000 0.138890 -3.459167
0.048718 0.422500 0.127770 -3.584551
0.084184 0.382500 0.116479 -3.984684
0.051182 0.420000 0.154629 -3.616676
0.075792 0.382500 0.138325 -3.948369
0.080000 0.400000 0.160000 -3.817849
0.113569 0.380000 0.152616 -4.030386
0.138890 0.360000 0.134148 -4.260523
0.135469 0.350000 0.086017 -4.350850
0.123219 0.361307 0.109014 -4.240654
0.093516 0.380625 0.081244 -4.022636
0.096784 0.360000 0.116308 -4.206328
0.106546 0.360000 0.089762 -4.211423
0.089762 0.360000 0.053454 -4.199976
0.112350 0.342500 0.080685 -4.420811
0.060445 0.389375 0.095385 -3.846304
0.007384 0.420000 0.113569 -3.543537
0.154629 0.340000 0.108819 -4.480936
0.134196 0.322500 0.089077 -4.671906
0.152616 0.340000 0.046431 -4.480460
0.125228 0.340000 0.042163 -4.476463
0.108819 0.340000 0.005371 -4.479404
0.160000 0.320000 0.080000 -4.713663
0.134148 0.320000 0.021111 -4.708304
0.129077 0.322500 0.065804 -4.683023
0.098154 0.325000 0.051608 -4.629128
0.070238 0.360000 0.106546 -4.159627
0.049306 0.373750 0.074121 -3.990269
0.023173 0.381250 0.075625 -3.885846
0.000000 0.400000 0.080000 -3.693155
0.063216 0.360000 0.043692 -4.167489
0.035208 0.366875 0.049987 -4.054260
0.005371 0.380000 0.051182 -3.871982
0.071608 0.325000 0.041846 -4.610995
0.021110 0.360000 0.025852 -4.120753
0.046431 0.340000 0.007384 -4.405653
0.089641 0.315137 0.026118 -4.713984
0.080000 0.320000 0.000000 -4.696674
0.036099 0.401250 0.105070 -3.729797
0.055946 0.391875 0.121698 -3.824348
0.025852 0.400000 0.138890 -3.709760
0.056514 0.357500 0.131511 -4.189604
0.051182 0.380000 0.154629 -3.965437
0.117837 0.340000 0.125228 -4.440686
0.080000 0.360000 0.160000 -4.206464
0.138889 0.320000 0.134148 -4.686091
0.113569 0.340000 0.152616 -4.425391
0.123639 0.302500 0.116153 -4.891665
0.068257 0.333750 0.125755 -4.478614
0.108392 0.325000 0.098154 -4.635907
0.093047 0.336875 0.125492 -4.451919
0.080000 0.340000 0.080000 -4.427836
0.091175 0.321250 0.075342 -4.674056
0.061846 0.335000 0.108392 -4.448522
0.043692 0.360000 0.096784 -4.114692
0.007384 0.380000 0.113569 -3.908450
0.154628 0.300000 0.108822 -4.947124
0.120000 0.290000 0.080000 -5.054027
0.152616 0.300000 0.046431 -4.955825
0.116153 0.302500 0.036361 -4.909617
0.108822 0.300000 0.005372 -4.952567
0.160000 0.280000 0.080000 -5.206278
0.134152 0.280000 0.021114 -5.194669
0.098076 0.301250 0.058180 -4.936128
0.052266 0.345000 0.076991 -4.322597
0.055804 0.317500 0.060923 -4.693225
0.024531 0.350000 0.073983 -4.239440
0.028729 0.332500 0.091714 -4.466227
0.000000 0.360000 0.080000 -4.102276
0.038489 0.332500 0.046514 -4.490514
0.005371 0.340000 0.051181 -4.350874
0.080602 0.292781 0.038886 -5.036255
0.047064 0.303218 0.034720 -4.869838
0.021111 0.320000 0.025852 -4.624760
0.046431 0.300000 0.007384 -4.920100
0.063485 0.287308 0.024233 -5.098475
0.080000 0.280000 0.000000 -5.199190
0.137310 0.274999 0.094421 -5.250355
0.025852 0.360000 0.138890 -4.134152
0.034615 0.337500 0.110980 -4.411079
0.138886 0.280000 0.134152 -5.175622
0.051181 0.340000 0.154629 -4.389829
0.116537 0.276249 0.111619 -5.215415
0.107562 0.301250 0.129232 -4.894583
0.056512 0.317500 0.131510 -4.666260
0.080000 0.320000 0.160000 -4.647676
0.113569 0.300000 0.152616 -4.919415
0.101555 0.302500 0.105848 -4.917184
0.080000 0.310000 0.120000 -4.794507
0.084196 0.317500 0.099077 -4.690116
0.060000 0.310000 0.100000 -4.762199
0.080000 0.300000 0.080000 -4.891220
0.032926 0.315000 0.109445 -4.712881
0.007384 0.340000 0.113569 -4.343860
0.154620 0.259998 0.108842 -5.424410
0.100763 0.276014 0.070389 -5.243721
0.115885 0.273799 0.045301 -5.258701
0.126771 0.267500 0.072641 -5.341558
0.152616 0.260000 0.046431 -5.457201
0.079818 0.267619 0.047599 -5.397806
0.094864 0.271041 0.025643 -5.280441
0.108842 0.259998 0.005380 -5.444171
0.160000 0.240000 0.080000 -5.677036
0.134170 0.239998 0.021131 -5.696148
0.153796 0.219935 0.049110 -5.918143
0.094717 0.280000 0.113543 -5.174289
0.076567 0.281292 0.067991 -5.150939
0.052790 0.284039 0.067773 -5.119869
0.033311 0.305379 0.075994 -4.835014
0.000000 0.320000 0.080000 -4.620723
0.005372 0.300000 0.051178 -4.895820
0.029622 0.274378 0.052126 -5.269622
0.049689 0.274012 0.040407 -5.269387
0.021114 0.280000 0.025848 -5.175141
0.080000 0.240000 0.000000 -5.726819
0.046431 0.260000 0.007384 -5.475947
0.064987 0.247570 0.030621 -5.647668
0.134717 0.245000 0.093543 -5.608203
0.025852 0.320000 0.138889 -4.597120
0.138869 0.239998 0.134170 -5.662253
0.113569 0.260000 0.152616 -5.431054
0.048818 0.290000 0.124672 -5.044680
0.051178 0.300000 0.154628 -4.894735
0.080000 0.280000 0.160000 -5.195199
0.108260 0.249999 0.078825 -5.545977
0.109435 0.249999 0.107085 -5.539993
0.080148 0.274999 0.135426 -5.248965
0.070587 0.280000 0.104130 -5.186700
0.087946 0.254999 0.110901 -5.479383
0.053483 0.252524 0.057356 -5.559541
0.080000 0.260000 0.080000 -5.405559
0.080138 0.248934 0.055308 -5.618346
0.047803 0.283212 0.096628 -5.131654
0.007384 0.300000 0.113569 -4.889372
0.154574 0.219990 0.108959 -5.902746
0.106002 0.249584 0.048279 -5.580765
0.133543 0.245000 0.065283 -5.621250
0.095628 0.240573 0.030815 -5.705254
0.108260 0.229999 0.078825 -5.797239
0.120628 0.224998 0.035848 -5.874846
0.108959 0.219990 0.005426 -5.935932
0.078825 0.229999 0.051740 -5.858788
0.079413 0.214999 0.025870 -6.006963
0.134130 0.214999 0.079413 -5.986174
0.160000 0.200000 0.080000 -6.131368
0.130972 0.194818 0.065333 -6.171502
0.134848 0.199866 0.021762 -6.137240
0.152929 0.179998 0.047116 -6.339151
0.094717 0.245000 0.133543 -5.608753
0.124152 0.224998 0.120628 -5.817619
0.080000 0.219999 0.080000 -5.943294
0.049841 0.259257 0.083458 -5.465617
0.025273 0.268097 0.078780 -5.344330
0.000000 0.280000 0.080000 -5.186923
0.028897 0.240199 0.062600 -5.724505
0.005380 0.259998 0.051158 -5.444287
0.021131 0.239998 0.025830 -5.725557
0.035848 0.224998 0.039372 -5.940411
0.109665 0.179940 0.005703 -6.333679
0.080000 0.200000 0.000000 -6.135382
0.049110 0.219935 0.006204 -5.960985
0.050565 0.209998 0.052915 -6.121840
0.109122 0.213051 0.105953 -5.958308
0.134131 0.198610 0.098385 -6.155837
0.039382 0.264999 0.124161 -5.390980
0.025848 0.280000 0.138886 -5.152962
0.138238 0.199866 0.134848 -6.119466
0.110890 0.219935 0.153796 -5.945359
0.066457 0.245000 0.134717 -5.634098
0.080000 0.240000 0.160000 -5.725228
0.051158 0.259998 0.154620 -5.455946
0.048841 0.194998 0.029993 -6.271831
0.081175 0.229999 0.108260 -5.789597
0.052915 0.249999 0.109435 -5.595216
0.051740 0.229999 0.081175 -5.848938
0.033659 0.248537 0.104650 -5.626797
0.007384 0.260000 0.113569 -5.450184
0.154297 0.179940 0.109665 -6.341867
0.107085 0.209998 0.050565 -6.050129
0.100893 0.201392 0.081687 -6.139487
0.108375 0.194969 0.028134 -6.204493
0.080000 0.204999 0.060000 -6.124041
0.080000 0.189999 0.040000 -6.278037
0.120965 0.188393 0.077240 -6.287835
0.160000 0.160000 0.080000 -6.485654
0.127814 0.174638 0.051253 -6.381637
0.135627 0.159276 0.022505 -6.491140
0.153887 0.140264 0.049328 -6.629402
0.105578 0.162289 0.031313 -6.516910
0.109569 0.140376 0.005665 -6.629807
0.059041 0.219984 0.133292 -5.949693
0.094321 0.208929 0.129250 -6.050496
0.076726 0.203659 0.100572 -6.109429
0.063937 0.202546 0.083662 -6.165583
0.024509 0.233418 0.090038 -5.828348
0.000000 0.240000 0.080000 -5.737587
0.025283 0.204999 0.066457 -6.199871
0.035129 0.187546 0.051300 -6.335528
0.005426 0.219990 0.051041 -5.990243
0.021762 0.199866 0.025152 -6.218943
0.080000 0.160000 0.000000 -6.527926
0.047116 0.179998 0.007071 -6.370685
0.061416 0.175093 0.052608 -6.442696
0.119064 0.182084 0.103848 -6.318983
0.085401 0.178611 0.087806 -6.401071
0.137495 0.159276 0.135627 -6.484362
0.125862 0.152592 0.107224 -6.543411
0.136569 0.115213 0.023431 -6.707482
0.149282 0.080000 0.040000 -6.795235
0.039372 0.224998 0.124152 -5.899088
0.025830 0.239998 0.138869 -5.714443
0.112884 0.179998 0.152929 -6.355684
0.080000 0.200000 0.160000 -6.209899
0.051041 0.219990 0.154574 -5.982887
0.136569 0.115213 0.136569 -6.715984
0.044974 0.170093 0.036143 -6.518108
0.052915 0.209998 0.109435 -6.088984
0.051625 0.194969 0.131866 -6.261930
0.026457 0.204999 0.094717 -6.196832
0.006204 0.219935 0.110890 -5.996050
0.154335 0.140376 0.109569 -6.588021
0.160000 0.080000 0.080000 -6.795460
0.160000 0.120000 0.080000 -6.687027
0.155486 0.107118 0.106492 -6.740995
0.092789 0.171144 0.055656 -6.431255
0.070160 0.154273 0.043983 -6.618402
0.112654 0.162277 0.086349 -6.531213
0.132366 0.137726 0.074891 -6.622633
0.155407 0.107095 0.053284 -6.720583
0.101492 0.144638 0.056922 -6.615923
0.119030 0.129925 0.040177 -6.666854
0.066079 0.135615 0.032315 -6.719968
0.090746 0.132319 0.028461 -6.696789
0.080000 0.120000 0.000000 -6.743231
0.110829 0.109718 0.033628 -6.747581
0.106492 0.107118 0.004514 -6.755603
0.120000 0.080000 0.010718 -6.833184
0.073452 0.187318 0.121145 -6.331466
0.091075 0.174397 0.111837 -6.429284
0.103911 0.159842 0.129221 -6.517412
0.092142 0.177569 0.132640 -6.433895
0.047874 0.185093 0.087325 -6.386908
0.042833 0.160187 0.065215 -6.599524
0.000000 0.200000 0.080000 -6.244103
0.030611 0.176182 0.072837 -6.478121
0.005703 0.179940 0.050335 -6.423008
0.022505 0.159276 0.024373 -6.610012
0.049328 0.140264 0.006113 -6.730275
0.080000 0.080000 0.000000 -6.862361
0.067111 0.153242 0.077999 -6.623040
0.091389 0.146296 0.090783 -6.620788
0.097779 0.155004 0.106318 -6.559768
0.071788 0.157967 0.099765 -6.586320
0.110672 0.140264 0.153887 -6.596561
0.102672 0.133862 0.124791 -6.641098
0.123707 0.125200 0.118512 -6.665620
0.110845 0.135188 0.100454 -6.652044
0.117300 0.080000 0.045149 -6.805395
0.128841 0.080000 0.068561 -6.786024
0.128637 0.107356 0.110449 -6.715768
0.149282 0.080000 0.120000 -6.797256
0.129494 0.080000 0.093980 -6.770235
0.038669 0.184751 0.123493 -6.401186
0.025152 0.199866 0.138238 -6.213933
0.080000 0.160000 0.160000 -6.536002
0.050335 0.179940 0.154297 -6.432681
0.110894 0.093797 0.131844 -6.792856
0.106716 0.107095 0.155407 -6.758420
0.120000 0.080000 0.149282 -6.823856
0.041413 0.138912 0.036170 -6.743464
0.050687 0.137593 0.073805 -6.720917
0.052186 0.169637 0.108747 -6.540466
0.051309 0.155007 0.131541 -6.614603
0.026093 0.164819 0.094374 -6.597435
0.007071 0.179998 0.112884 -6.471557
0.130930 0.108863 0.084436 -6.707397
0.077427 0.134337 0.066677 -6.698245
0.103278 0.129308 0.076763 -6.698743
0.115166 0.112319 0.062742 -6.718543
0.060320 0.118547 0.047966 -6.801761
0.053284 0.107095 0.004593 -6.842738
0.087743 0.115433 0.055354 -6.768887
0.079134 0.106159 0.029932 -6.800402
0.094818 0.080000 0.034497 -6.856998
0.067522 0.080000 0.031403 -6.877978
0.073678 0.145000 0.125670 -6.642039
0.046725 0.147409 0.092857 -6.680701
0.080000 0.120000 0.160000 -6.732473
0.028176 0.138985 0.062118 -6.743352
0.000000 0.160000 0.080000 -6.628928
0.005665 0.140376 0.050431 -6.768266
0.023431 0.115213 0.023431 -6.876610
0.040000 0.080000 0.010718 -6.918218
0.067356 0.129999 0.091340 -6.733148
0.085014 0.131931 0.108065 -6.694691
0.088063 0.116931 0.133912 -6.753022
0.101787 0.107594 0.114406 -6.751467
0.111941 0.080000 0.087971 -6.807744
0.099451 0.080000 0.066903 -6.834221
0.113282 0.080000 0.114845 -6.804651
0.092729 0.080000 0.128358 -6.843382
0.073454 0.100000 0.143034 -6.841776
0.024373 0.159276 0.137495 -6.650590
0.050431 0.140376 0.154335 -6.690884
0.080000 0.080000 0.160000 -6.898166
0.061155 0.114811 0.081705 -6.806207
0.032417 0.112833 0.050737 -6.863057
0.035870 0.122390 0.082650 -6.820833
0.036210 0.133312 0.115977 -6.763992
0.006113 0.140264 0.110672 -6.779679
0.083404 0.105000 0.079121 -6.801032
0.058217 0.099304 0.062658 -6.860556
0.044420 0.080000 0.048264 -6.928291
0.074320 0.080000 0.063133 -6.878322
0.060432 0.118558 0.123413 -6.800153
0.053508 0.107118 0.155486 -6.829478
0.004514 0.107118 0.053508 -6.912630
0.000000 0.120000 0.080000 -6.865134
0.010718 0.080000 0.040000 -6.963387
0.072254 0.099279 0.109639 -6.826087
0.084076 0.080000 0.095865 -6.855418
0.066907 0.080000 0.126067 -6.891687
0.055932 0.096913 0.084140 -6.854978
0.023431 0.115213 0.136569 -6.866179
0.004593 0.107095 0.106716 -6.918113
0.040000 0.080000 0.149282 -6.963833
0.041682 0.098997 0.099396 -6.886168
0.030356 0.080000 0.069529 -6.930828
0.018605 0.105481 0.095814 -6.892210
0.055564 0.080000 0.077991 -6.900139
0.042609 0.080000 0.115900 -6.931942
0.000000 0.080000 0.080000 -6.984011
0.054712 0.080000 0.102679 -6.902582
0.010718 0.080000 0.120000 -7.004920
0.031255 0.080000 0.094631 -6.939978
