0.042500 0.014231 0.042000 0.798133
0.042500 0.041154 0.042000 0.779846
0.042500 0.037308 0.042000 0.782383
0.044500 0.041154 0.042000 0.780921
0.044500 0.018077 0.042000 0.796572
0.042500 0.018077 0.042000 0.795447
0.044500 0.037308 0.042000 0.783466
0.044500 0.021923 0.042000 0.793901
0.044500 0.033462 0.042000 0.786038
0.044500 0.025769 0.042000 0.791255
0.044500 0.029615 0.042000 0.788634
0.042500 0.033462 0.042000 0.784946
0.043530 0.034123 0.040578 0.771726
0.042500 0.021923 0.042000 0.792784
0.042500 0.025769 0.042000 0.790146
0.042500 0.029615 0.042000 0.787534
0.044500 -0.001154 0.042000 0.810297
0.044500 -0.005000 0.042000 0.813115
0.044500 0.002692 0.042000 0.807503
0.044500 0.014231 0.042000 0.799268
0.044500 0.006538 0.042000 0.804734
0.044500 0.010385 0.042000 0.801989
0.043493 0.010418 0.040543 0.787812
0.042500 0.010385 0.042000 0.800846
0.042452 0.016257 0.038389 0.762960
0.044545 0.016040 0.038560 0.765898
0.042453 0.012517 0.038409 0.765809
0.042500 0.045000 0.042000 0.777334
0.044500 0.045000 0.042000 0.778400
0.044537 0.042261 0.039208 0.753965
0.042458 0.039197 0.038837 0.751396
0.042463 0.042256 0.039173 0.752532
0.042454 0.035689 0.038538 0.750936
0.044541 0.039165 0.038861 0.752768
0.042500 -0.005000 0.042000 0.811938
0.044544 0.019955 0.038635 0.763832
0.042452 0.019950 0.038385 0.760323
0.044546 0.035001 0.038515 0.752321
0.044545 0.023507 0.038615 0.761163
0.044545 0.031201 0.038611 0.755810
0.044543 0.027433 0.038739 0.759596
0.042453 0.031504 0.038463 0.753065
0.042452 0.023679 0.038320 0.757115
0.042448 0.027642 0.038049 0.751828
0.042500 -0.001154 0.042000 0.809129
0.042500 0.006538 0.042000 0.803582
0.042500 0.002692 0.042000 0.806343
0.044533 -0.002292 0.039500 0.787923
0.044537 0.000814 0.039208 0.782931
0.042465 -0.002315 0.039322 0.785081
0.044554 -0.005000 0.037871 0.774816
0.044540 0.004408 0.038931 0.777727
0.044548 0.012306 0.038373 0.766813
0.044547 0.008334 0.038423 0.770145
0.042452 0.008810 0.038319 0.767627
0.044592 0.018067 0.034973 0.730926
0.042407 0.018095 0.034910 0.729082
0.042408 0.014545 0.035004 0.732509
0.044596 0.014495 0.034713 0.731063
0.042408 0.010930 0.034996 0.735041
0.042417 0.033731 0.035728 0.725839
0.042446 0.045000 0.037871 0.738455
0.043500 0.043789 0.037696 0.738168
0.044554 0.045000 0.037871 0.739578
0.044580 0.041670 0.035894 0.723194
0.042403 0.037622 0.034598 0.712550
0.042420 0.041703 0.035906 0.722128
0.044603 0.037303 0.034186 0.710086
0.042446 -0.005000 0.037871 0.773573
0.044590 0.021842 0.035160 0.729987
0.042406 0.021884 0.034845 0.725779
0.044599 0.032610 0.034483 0.716098
0.044589 0.025286 0.035252 0.728423
0.044590 0.029127 0.035145 0.724728
0.042399 0.030446 0.034318 0.714842
0.042406 0.025808 0.034840 0.722979
0.042459 0.000773 0.038876 0.778655
0.042449 0.005043 0.038088 0.768196
0.044571 0.002557 0.036611 0.757489
0.042419 -0.001757 0.035829 0.752145
0.044583 -0.001298 0.035662 0.751522
0.044612 -0.005000 0.033518 0.734368
0.044587 0.005752 0.035422 0.744059
0.044604 0.010295 0.034118 0.728561
0.044632 0.019883 0.032000 0.701778
0.042360 0.020039 0.031386 0.694630
0.043499 0.018235 0.031673 0.699262
0.044637 0.016786 0.031613 0.700390
0.042401 0.007595 0.034451 0.732381
0.042365 0.016229 0.031729 0.700601
0.042376 0.013054 0.032577 0.710854
0.044641 0.013156 0.031287 0.699995
0.042360 0.010302 0.031347 0.701347
0.026833 0.014231 0.042000 0.789523
0.042349 0.030620 0.030526 0.679022
0.042363 0.033858 0.031559 0.686497
0.044654 0.033775 0.030312 0.676062
0.042388 0.045000 0.033518 0.697394
0.042332 0.037385 0.029245 0.662230
0.042359 0.041395 0.031293 0.678811
0.044612 0.045000 0.033518 0.698577
0.044639 0.041417 0.031433 0.681342
0.044672 0.037434 0.028954 0.660710
0.042388 -0.005000 0.033518 0.733055
0.044632 0.023627 0.031930 0.698441
0.042359 0.023820 0.031319 0.691292
0.044643 0.029791 0.031125 0.686508
0.044624 0.026758 0.032598 0.702486
0.042359 0.027480 0.031297 0.688494
0.044684 0.030849 0.028045 0.656778
0.042321 0.028976 0.028433 0.660463
0.042396 0.002749 0.034121 0.732873
0.044618 0.002349 0.033057 0.724535
0.042360 -0.001415 0.031375 0.710355
0.044644 -0.001078 0.031036 0.708281
0.044672 -0.005000 0.028929 0.691643
0.042312 0.025604 0.027708 0.656037
0.044667 0.021743 0.029331 0.675402
0.042314 0.021979 0.027853 0.660015
0.044637 0.006336 0.031575 0.707724
0.044654 0.010251 0.030294 0.692842
0.044678 0.018680 0.028475 0.669596
0.042320 0.018097 0.028298 0.667024
0.044671 0.015452 0.028990 0.676786
0.042347 0.006462 0.030393 0.695260
0.044675 0.002900 0.028675 0.683223
0.042324 0.013213 0.028653 0.673939
0.044692 0.012446 0.027393 0.664048
0.042321 0.009637 0.028381 0.674039
0.028833 -0.001154 0.042000 0.801358
0.028833 -0.005000 0.042000 0.804111
0.028833 0.002692 0.042000 0.798630
0.028833 0.014231 0.042000 0.790595
0.026833 0.041154 0.042000 0.771715
0.026833 0.037308 0.042000 0.774183
0.028833 0.041154 0.042000 0.772725
0.028833 0.037308 0.042000 0.775201
0.026833 0.033462 0.042000 0.776675
0.028833 0.018077 0.042000 0.787966
0.026833 0.018077 0.042000 0.786903
0.028833 0.033462 0.042000 0.777703
0.028833 0.029615 0.042000 0.780231
0.028833 0.025769 0.042000 0.782784
0.028833 0.021923 0.042000 0.785362
0.027882 0.030422 0.040167 0.762035
0.026833 0.029615 0.042000 0.779194
0.026833 0.025769 0.042000 0.781738
0.026833 0.021923 0.042000 0.784308
0.028833 0.006538 0.042000 0.795927
0.028833 0.010385 0.042000 0.793248
0.027826 0.010421 0.040549 0.779150
0.026833 0.010385 0.042000 0.792168
0.026787 0.012538 0.038447 0.757511
0.028879 0.016054 0.038557 0.757216
0.026787 0.016316 0.038457 0.754982
0.042305 0.032609 0.027207 0.646321
0.044708 0.033543 0.026195 0.637428
0.042328 0.045000 0.028929 0.654015
0.042265 0.036727 0.024123 0.614267
0.042295 0.041028 0.026418 0.632981
0.044737 0.037244 0.023956 0.613667
0.043500 0.041109 0.026524 0.634573
0.044672 0.045000 0.028929 0.655262
0.044702 0.041222 0.026643 0.636266
0.026833 0.045000 0.042000 0.769273
0.028833 0.045000 0.042000 0.770274
0.028870 0.042261 0.039208 0.745794
0.027833 0.042382 0.039300 0.746062
0.026796 0.042256 0.039173 0.744428
0.042328 -0.005000 0.028929 0.690257
0.026833 -0.005000 0.042000 0.802997
0.044682 0.026156 0.028135 0.660979
0.044734 0.029630 0.024218 0.621591
0.042267 0.028620 0.024274 0.621482
0.042326 0.002576 0.028801 0.683278
0.044704 -0.000981 0.026506 0.665937
0.042296 -0.001203 0.026524 0.664867
0.044736 -0.005000 0.024090 0.646514
0.042266 0.023769 0.024215 0.624449
0.044721 0.021522 0.025201 0.636752
0.042282 0.020107 0.025429 0.638562
0.044701 0.007778 0.026738 0.661416
0.044731 0.003067 0.024440 0.643502
0.044727 0.016194 0.024760 0.636554
0.042267 0.016339 0.024308 0.630797
0.042287 0.006602 0.025829 0.652390
0.044739 0.011480 0.023801 0.631090
0.042267 0.011366 0.024301 0.634449
0.026833 -0.001154 0.042000 0.800252
0.026833 0.006538 0.042000 0.794837
0.026833 0.002692 0.042000 0.797532
0.028870 0.000814 0.039208 0.774021
0.028866 -0.002292 0.039500 0.778960
0.026798 -0.002315 0.039322 0.776182
0.028888 -0.005000 0.037871 0.765802
0.028874 0.004408 0.038932 0.768880
0.028881 0.012307 0.038372 0.758099
0.026792 0.039197 0.038837 0.743238
0.026788 0.035689 0.038538 0.742715
0.028875 0.039165 0.038861 0.744540
0.028880 0.034905 0.038475 0.743711
0.026787 0.031504 0.038463 0.744767
0.028878 0.019974 0.038628 0.755180
0.026786 0.020001 0.038433 0.752229
0.028879 0.031006 0.038546 0.746956
0.028878 0.027284 0.038598 0.749941
0.028878 0.023509 0.038633 0.752816
0.026781 0.027778 0.038026 0.743156
0.026785 0.023674 0.038333 0.748800
0.028880 0.008332 0.038424 0.761370
0.026785 0.008808 0.038322 0.758952
0.026741 0.010931 0.034995 0.726369
0.026741 0.014545 0.035004 0.723901
0.028926 0.018081 0.034959 0.722172
0.028929 0.014495 0.034713 0.722388
0.026740 0.018149 0.034930 0.720700
0.027833 0.017281 0.033290 0.706518
0.044771 0.033305 0.021389 0.592230
0.044786 0.029707 0.020236 0.583954
0.042233 0.032582 0.021697 0.594271
0.042210 0.029135 0.019957 0.580314
0.042201 0.036818 0.019304 0.568561
0.042264 0.045000 0.024090 0.608182
0.042230 0.040751 0.021497 0.586562
0.044802 0.036687 0.019057 0.567729
0.044767 0.040922 0.021739 0.590092
0.044736 0.045000 0.024090 0.609497
0.026779 0.045000 0.037871 0.730408
0.028888 0.045000 0.037871 0.731460
0.028914 0.041690 0.035875 0.714825
0.026753 0.041703 0.035906 0.714024
0.042264 -0.005000 0.024090 0.645049
0.026779 -0.005000 0.037871 0.764627
0.044760 0.024896 0.022215 0.606159
0.042219 0.025044 0.020611 0.589503
0.042259 0.002912 0.023712 0.635362
0.044766 -0.000984 0.021797 0.621932
0.042230 -0.000936 0.021515 0.617765
0.044802 -0.005000 0.019078 0.599692
0.042226 0.020099 0.021207 0.598788
0.044776 0.019754 0.021043 0.598939
0.044796 0.003096 0.019527 0.597476
0.044761 0.007048 0.022132 0.618819
0.044789 0.010826 0.020068 0.596549
0.044782 0.014703 0.020597 0.598556
0.042219 0.014979 0.020659 0.597469
0.042231 0.007179 0.021558 0.611872
0.042210 0.010862 0.019947 0.593898
0.026792 0.000773 0.038876 0.769809
0.026782 0.005043 0.038088 0.759423
0.028904 0.002557 0.036611 0.748604
0.026752 -0.001756 0.035829 0.743254
0.028917 -0.001298 0.035662 0.742567
0.028945 -0.005000 0.033518 0.725342
0.028920 0.005754 0.035422 0.735224
0.028937 0.010295 0.034120 0.719820
0.026751 0.033731 0.035728 0.717589
0.026736 0.037622 0.034597 0.704370
0.028937 0.037268 0.034159 0.701596
0.028932 0.032602 0.034507 0.707989
0.026732 0.030445 0.034317 0.706524
0.028923 0.021869 0.035172 0.721542
0.026740 0.021869 0.034892 0.717761
0.028926 0.028963 0.034951 0.714610
0.028922 0.025290 0.035246 0.719882
0.026738 0.025894 0.034787 0.714028
0.026734 0.007595 0.034451 0.723652
0.026693 0.010302 0.031347 0.692669
0.026709 0.013055 0.032577 0.702223
0.028974 0.013156 0.031287 0.691287
0.028965 0.019889 0.031989 0.693092
0.026698 0.016229 0.031729 0.692028
0.028970 0.016788 0.031611 0.691735
0.026694 0.020074 0.031385 0.686094
0.044833 0.026966 0.016682 0.552410
0.044834 0.032314 0.016613 0.547789
0.042162 0.027406 0.016317 0.547148
0.043501 0.032426 0.016687 0.547673
0.042169 0.032561 0.016863 0.548513
0.042153 0.037011 0.015625 0.533525
0.042169 0.040628 0.016851 0.542552
0.042198 0.045000 0.019078 0.560608
0.044864 0.037083 0.014347 0.522817
0.044833 0.040756 0.016711 0.542563
0.044802 0.045000 0.019078 0.561994
0.026722 0.045000 0.033518 0.689360
0.028945 0.045000 0.033518 0.690467
0.028972 0.041433 0.031432 0.673146
0.026692 0.041396 0.031293 0.670716
0.042198 -0.005000 0.019078 0.598144
0.026722 -0.005000 0.033518 0.724104
0.044829 0.022339 0.016971 0.558613
0.042167 0.022450 0.016728 0.554742
0.042196 0.003128 0.018868 0.589745
0.042163 -0.000972 0.016366 0.569508
0.044828 -0.001058 0.017095 0.577977
0.044868 -0.005000 0.014052 0.552670
0.044847 0.002844 0.015599 0.560840
0.042167 0.017576 0.016706 0.558228
0.044832 0.017150 0.016732 0.560316
0.044832 0.007368 0.016801 0.568549
0.044833 0.012330 0.016681 0.563547
0.042163 0.012676 0.016370 0.558821
0.042162 0.007421 0.016278 0.562042
0.026730 0.002749 0.034121 0.724059
0.028951 0.002349 0.033057 0.715635
0.026694 -0.001416 0.031375 0.701466
0.028978 -0.001071 0.031043 0.699378
0.029005 -0.005000 0.028929 0.682605
0.028971 0.006344 0.031574 0.698882
0.028987 0.010250 0.030291 0.684060
0.026682 0.030620 0.030525 0.670718
0.026696 0.033858 0.031559 0.678257
0.028988 0.033731 0.030231 0.667008
0.026666 0.037385 0.029245 0.654063
0.029006 0.037440 0.028882 0.651779
0.028976 0.029814 0.031138 0.678223
0.026692 0.027480 0.031296 0.680129
0.026693 0.023820 0.031349 0.683147
0.028966 0.023629 0.031929 0.689917
0.028957 0.026757 0.032598 0.694033
0.029017 0.030881 0.028024 0.648183
0.026681 0.006462 0.030393 0.686512
0.029009 0.002924 0.028683 0.674389
0.026655 0.028976 0.028433 0.652134
0.029000 0.021744 0.029331 0.666854
0.026654 0.009637 0.028380 0.665348
0.026658 0.013213 0.028652 0.665314
0.029026 0.012447 0.027394 0.655336
0.029005 0.015453 0.028991 0.668133
0.026645 0.025595 0.027708 0.647652
0.029011 0.018682 0.028471 0.660951
0.026653 0.018093 0.028293 0.658452
0.026647 0.021969 0.027852 0.651555
0.011167 0.014231 0.042000 0.781404
0.044891 0.033306 0.012253 0.505751
0.044887 0.024646 0.012557 0.515174
0.044887 0.029507 0.012588 0.511781
0.042111 0.024924 0.012411 0.512021
0.042108 0.029742 0.012243 0.506795
0.042103 0.034684 0.011820 0.499083
0.044939 0.037240 0.008645 0.468546
0.042100 0.040396 0.011627 0.493042
0.042132 0.045000 0.014052 0.512804
0.044949 0.041711 0.007840 0.457546
0.044898 0.041304 0.011740 0.494960
0.044868 0.045000 0.014052 0.514261
0.026661 0.045000 0.028929 0.645997
0.029005 0.045000 0.028929 0.647161
0.011167 0.041154 0.042000 0.764086
0.013167 0.041154 0.042000 0.765031
0.029035 0.041169 0.026640 0.628098
0.027833 0.041098 0.026524 0.626450
0.026628 0.041031 0.026419 0.624900
0.042132 -0.005000 0.014052 0.551039
0.026661 -0.005000 0.028929 0.681299
0.044934 -0.005000 0.009026 0.505567
0.013167 -0.001154 0.042000 0.792906
0.013167 -0.005000 0.042000 0.795592
0.044886 0.020000 0.012660 0.519708
0.044888 0.014925 0.012499 0.522140
0.042114 0.020000 0.012660 0.518141
0.042100 -0.001448 0.011583 0.524969
0.042133 0.002781 0.014080 0.545029
0.044899 -0.000424 0.011675 0.526649
0.044892 0.004964 0.012211 0.527330
0.043501 -0.001251 0.008473 0.496405
0.044957 -0.001236 0.007285 0.486085
0.042111 0.015104 0.012400 0.519477
0.044887 0.009969 0.012619 0.527170
0.042108 0.010351 0.012224 0.521542
0.042105 0.006407 0.011966 0.522242
0.044943 0.012500 0.008330 0.484725
0.013167 0.018077 0.042000 0.779853
0.011167 0.018077 0.042000 0.778853
0.011167 0.037308 0.042000 0.766482
0.013167 0.037308 0.042000 0.767437
0.011167 0.033462 0.042000 0.768905
0.011167 0.021923 0.042000 0.776327
0.013167 0.021923 0.042000 0.777319
0.011167 0.029615 0.042000 0.771353
0.011167 0.025769 0.042000 0.773827
0.013167 0.025769 0.042000 0.774809
0.012218 0.030404 0.040167 0.754189
0.013167 0.033462 0.042000 0.769869
0.013167 0.029615 0.042000 0.772326
0.026660 0.002574 0.028801 0.674460
0.029037 -0.000964 0.026493 0.656830
0.026630 -0.001210 0.026513 0.655872
0.029069 -0.005000 0.024090 0.637461
0.029034 0.007801 0.026780 0.652984
0.029064 0.003133 0.024443 0.634585
0.026639 0.032609 0.027206 0.638066
0.029042 0.033531 0.026172 0.628903
0.026598 0.036727 0.024119 0.606071
0.029070 0.037240 0.023981 0.605659
0.029016 0.026156 0.028136 0.652524
0.029066 0.029657 0.024304 0.613981
0.045000 0.025000 0.000000 0.395734
0.045000 0.025000 0.004000 0.433794
0.044943 0.022500 0.008330 0.476823
0.042057 0.022500 0.008330 0.475198
0.045000 0.020000 0.000000 0.399761
0.026621 0.006602 0.025828 0.643639
0.026600 0.028620 0.024274 0.613155
0.029054 0.021529 0.025200 0.628188
0.029060 0.016196 0.024759 0.627882
0.029073 0.011483 0.023806 0.622393
0.026600 0.011366 0.024300 0.625789
0.026601 0.016339 0.024311 0.622259
0.026599 0.023760 0.024176 0.615665
0.026615 0.020049 0.025433 0.630153
0.013167 0.002692 0.042000 0.790245
0.013167 0.014231 0.042000 0.782413
0.013167 0.010385 0.042000 0.784998
0.013167 0.006538 0.042000 0.787609
0.012157 0.010419 0.040548 0.770931
0.011167 0.010385 0.042000 0.783980
0.011120 0.016321 0.038491 0.747233
0.013212 0.016054 0.038557 0.749083
0.011121 0.012534 0.038493 0.749809
0.011167 0.045000 0.042000 0.761715
0.013167 0.045000 0.042000 0.762652
0.044941 0.031808 0.008487 0.471141
0.044945 0.027298 0.008207 0.471938
0.042057 0.027500 0.008330 0.471341
0.042055 0.032382 0.008185 0.466243
0.045000 0.035000 0.004000 0.426017
0.045000 0.030000 0.004000 0.429880
0.045000 0.035000 0.000000 0.387839
0.045000 0.030000 0.000000 0.391761
0.013203 0.042261 0.039208 0.738138
0.012167 0.042382 0.039300 0.738441
0.011129 0.042256 0.039173 0.736841
0.045000 0.040000 0.004000 0.422206
0.042047 0.037297 0.007547 0.456470
0.042042 0.041434 0.007196 0.450038
0.042066 0.045000 0.009026 0.464891
0.045000 0.045000 0.004000 0.418447
0.043499 0.042893 0.006136 0.439624
0.044934 0.045000 0.009026 0.466420
0.045000 0.040000 0.000000 0.383970
0.045000 0.042500 0.002000 0.401194
0.026598 0.045000 0.024090 0.600179
0.029069 0.045000 0.024090 0.601403
0.045000 0.045000 0.000000 0.380155
0.011125 0.039201 0.038837 0.735594
0.011122 0.035686 0.038569 0.735303
0.013208 0.039165 0.038861 0.736828
0.011167 -0.005000 0.042000 0.794540
0.029099 0.040804 0.021793 0.582518
0.026564 0.040747 0.021495 0.578466
0.043500 -0.002505 0.006238 0.476424
0.042043 -0.001900 0.007260 0.484672
0.042066 -0.005000 0.009026 0.503852
0.026598 -0.005000 0.024090 0.636084
0.045000 -0.005000 0.004000 0.458355
0.045000 -0.002500 0.002000 0.437387
0.011167 -0.001154 0.042000 0.791862
0.011167 0.006538 0.042000 0.786582
0.011167 0.002692 0.042000 0.789210
0.013200 -0.002292 0.039500 0.770492
0.013203 0.000814 0.039208 0.765609
0.011131 -0.002314 0.039322 0.767780
0.013221 -0.005000 0.037871 0.757290
0.045000 0.000000 0.004000 0.454135
0.045000 0.000000 0.000000 0.416386
0.044943 0.017500 0.008330 0.480749
0.045000 0.020000 0.004000 0.437760
0.042057 0.017500 0.008330 0.479105
0.045000 0.015000 0.000000 0.403840
0.042059 0.002467 0.008453 0.492317
0.044944 0.007463 0.008268 0.488203
0.044951 0.002534 0.007687 0.486748
0.043501 -0.000001 0.006495 0.476759
0.045000 0.015000 0.004000 0.441778
0.042055 0.012664 0.008197 0.481677
0.042055 0.007817 0.008195 0.485544
0.045000 0.010000 0.004000 0.445846
0.045000 0.005000 0.004000 0.449965
0.045000 0.010000 0.000000 0.407970
0.045000 0.005000 0.000000 0.412152
0.013211 0.019974 0.038628 0.747115
0.011120 0.019998 0.038473 0.744609
0.013213 0.034905 0.038475 0.735922
0.011120 0.031490 0.038443 0.736802
0.011119 0.023668 0.038343 0.740968
0.013211 0.023509 0.038633 0.744814
0.011115 0.027643 0.038051 0.735625
0.013211 0.027284 0.038598 0.742009
0.013212 0.031006 0.038546 0.739094
0.026593 0.002912 0.023721 0.626634
0.029099 -0.000963 0.021804 0.612992
0.026564 -0.000927 0.021510 0.608815
0.029135 -0.005000 0.019078 0.590620
0.029129 0.003096 0.019532 0.588602
0.029095 0.007048 0.022134 0.610011
0.029135 0.036677 0.019067 0.559577
0.029104 0.033255 0.021403 0.584068
0.026566 0.032586 0.021696 0.586020
0.026535 0.036818 0.019304 0.560410
0.029120 0.029429 0.020230 0.575702
0.026543 0.029145 0.019946 0.571889
0.029096 0.024881 0.022036 0.595990
0.042500 0.027500 0.000000 0.392345
0.042000 0.025000 0.004000 0.432113
0.042500 0.022500 0.000000 0.396328
0.042000 0.020000 0.004000 0.436059
0.042500 0.017500 0.000000 0.400364
0.029122 0.010828 0.020069 0.587789
0.026564 0.007164 0.021554 0.603105
0.026552 0.025085 0.020587 0.580849
0.026543 0.010852 0.019953 0.585295
0.029115 0.014705 0.020597 0.589864
0.029109 0.019757 0.021033 0.590249
0.026553 0.014972 0.020677 0.589052
0.026560 0.020042 0.021211 0.590375
0.013207 0.004408 0.038932 0.760533
0.013214 0.012307 0.038373 0.749901
0.013259 0.018080 0.034959 0.714086
0.013214 0.008334 0.038424 0.753094
0.011118 0.008869 0.038271 0.750236
0.012166 0.018158 0.035060 0.714438
0.011075 0.018158 0.035013 0.713453
0.011075 0.014581 0.035034 0.716083
0.013263 0.014495 0.034713 0.714240
0.011074 0.010938 0.034972 0.718001
0.011112 0.045000 0.037871 0.722881
0.013221 0.045000 0.037871 0.723864
0.042500 0.037500 0.000000 0.384536
0.042000 0.030000 0.004000 0.428218
0.042000 0.035000 0.004000 0.424375
0.042500 0.032500 0.000000 0.388414
0.013247 0.041690 0.035875 0.707178
0.011086 0.041703 0.035906 0.706450
0.042000 0.040000 0.004000 0.420585
0.042000 0.045000 0.004000 0.416847
0.042500 0.042500 0.000000 0.380711
0.026532 0.045000 0.019078 0.552617
0.029135 0.045000 0.019078 0.553903
0.040000 0.045000 0.000000 0.377500
0.037778 0.045000 0.004000 0.414636
0.011084 0.033719 0.035701 0.709622
0.011069 0.037480 0.034580 0.696652
0.012175 0.039371 0.032862 0.679796
0.013270 0.037269 0.034159 0.693877
0.011112 -0.005000 0.037871 0.756182
0.045000 -0.005000 0.000000 0.420670
0.029166 0.040742 0.016695 0.534249
0.026502 0.040628 0.016851 0.534476
0.042000 0.000000 0.004000 0.452355
0.042000 -0.005000 0.004000 0.456556
0.026532 -0.005000 0.019078 0.589169
0.041725 -0.001112 0.002333 0.437405
0.042500 -0.002500 0.000000 0.417026
0.039375 -0.001657 0.004000 0.452198
0.011126 0.000772 0.038876 0.761473
0.011115 0.005047 0.038072 0.751013
0.013238 0.002557 0.036611 0.740230
0.011085 -0.001761 0.035827 0.734862
0.013250 -0.001298 0.035662 0.734125
0.013278 -0.005000 0.033518 0.716838
0.042500 0.002500 0.000000 0.412783
0.042000 0.015000 0.004000 0.440057
0.042500 0.012500 0.000000 0.404452
0.042000 0.005000 0.004000 0.448205
0.042000 0.010000 0.004000 0.444105
0.042500 0.007500 0.000000 0.408592
0.040000 0.002500 -0.002000 0.392420
0.040000 0.035000 0.000000 0.385115
0.040000 0.030000 0.000000 0.389003
0.040000 0.025000 0.000000 0.392943
0.040000 0.025000 -0.004000 0.354888
0.040000 0.030000 -0.004000 0.350889
0.040000 0.035000 -0.004000 0.346944
0.029197 0.037078 0.014345 0.514546
0.026486 0.037011 0.015625 0.525376
0.011074 0.021860 0.034962 0.710486
0.013257 0.021869 0.035172 0.713526
0.013265 0.032602 0.034507 0.700179
0.011066 0.030425 0.034332 0.698899
0.011073 0.025814 0.034883 0.707111
0.013256 0.025290 0.035246 0.711932
0.013259 0.028963 0.034951 0.706729
0.026529 0.003101 0.018900 0.581246
0.029161 -0.001057 0.017094 0.568967
0.026496 -0.001003 0.016375 0.560704
0.029201 -0.005000 0.014052 0.543577
0.029181 0.002845 0.015599 0.551906
0.040000 0.020000 0.000000 0.396935
0.040000 0.015000 0.000000 0.400980
0.040000 0.020000 -0.004000 0.358940
0.040000 0.015000 -0.004000 0.363045
0.029165 0.007370 0.016801 0.559705
0.029168 0.032315 0.016596 0.539276
0.027834 0.032404 0.016691 0.539429
0.026503 0.032560 0.016863 0.540275
0.029166 0.026938 0.016702 0.544169
0.026495 0.027421 0.016324 0.538855
0.029163 0.022324 0.016957 0.549948
0.037769 0.026675 0.004000 0.428481
0.037781 0.021681 0.004000 0.432384
0.037795 0.016711 0.004000 0.436320
0.029166 0.012331 0.016681 0.554805
0.026494 0.007390 0.016234 0.552909
0.026501 0.022453 0.016717 0.546198
0.026496 0.012693 0.016348 0.549957
0.029166 0.017162 0.016700 0.551351
0.026501 0.017619 0.016714 0.549727
0.013253 0.005754 0.035422 0.726913
0.013270 0.010295 0.034121 0.711609
0.013298 0.019889 0.031989 0.685051
0.011029 0.019934 0.031501 0.679324
0.013303 0.016788 0.031611 0.683636
0.011066 0.007668 0.034364 0.714586
0.011032 0.016213 0.031740 0.684110
0.011043 0.013060 0.032582 0.694180
0.013308 0.013155 0.031287 0.683123
0.011026 0.010411 0.031347 0.684454
0.011055 0.045000 0.033518 0.681868
0.013278 0.045000 0.033518 0.682898
0.040000 0.040000 0.000000 0.381281
0.037500 0.040000 -0.002000 0.360837
0.040000 0.040000 -0.004000 0.343053
0.037929 0.036615 0.004000 0.420966
0.037898 0.031775 0.004000 0.424625
0.013306 0.041433 0.031432 0.665519
0.011026 0.041317 0.031308 0.663364
0.037500 0.042500 0.000000 0.378074
0.037821 0.041435 0.004000 0.417297
0.034892 0.042125 0.002000 0.396143
0.026466 0.045000 0.014052 0.504823
0.029232 0.041330 0.011708 0.486469
0.029201 0.045000 0.014052 0.506172
0.035000 0.045000 0.000000 0.374914
0.033556 0.045000 0.004000 0.412473
0.036892 0.036708 0.000000 0.382148
0.036678 0.036176 -0.004000 0.344256
0.011016 0.030602 0.030529 0.663021
0.011030 0.033830 0.031576 0.670745
0.011000 0.037334 0.029320 0.647192
0.013339 0.037440 0.028882 0.644091
0.013322 0.033731 0.030231 0.659242
0.011055 -0.005000 0.033518 0.715674
0.040000 -0.005000 0.000000 0.417679
0.035670 0.022500 -0.004000 0.354527
0.029283 0.041711 0.007840 0.449385
0.026434 0.040396 0.011627 0.484968
0.038773 0.002223 0.004000 0.448625
0.040000 0.000000 0.000000 0.413427
0.036634 -0.000584 0.004000 0.449714
0.037778 -0.005000 0.004000 0.454063
0.037500 0.000000 -0.002000 0.393087
0.040000 0.000000 -0.004000 0.375677
0.026466 -0.005000 0.014052 0.542051
0.037500 -0.002500 0.000000 0.414084
0.011063 0.002753 0.034103 0.715592
0.013284 0.002349 0.033058 0.707272
0.011027 -0.001382 0.031378 0.693108
0.013311 -0.001072 0.031043 0.690948
0.013339 -0.005000 0.028929 0.674108
0.029267 -0.005000 0.009026 0.496451
0.040000 0.010000 0.000000 0.405077
0.040000 0.005000 0.000000 0.409226
0.037906 0.011786 0.004000 0.440325
0.037871 0.006468 0.004000 0.444620
0.036325 0.003314 0.000000 0.408521
0.040000 0.005000 -0.004000 0.371414
0.040000 0.010000 -0.004000 0.367203
0.036441 0.003171 -0.004000 0.370913
0.035670 0.022500 0.000000 0.392554
0.036407 0.032541 0.000000 0.385093
0.035996 0.027723 0.000000 0.388618
0.035835 0.027378 -0.004000 0.350717
0.036266 0.032276 -0.004000 0.347081
0.029225 0.033300 0.012270 0.497580
0.029272 0.037239 0.008645 0.460288
0.026436 0.034684 0.011820 0.490890
0.011028 0.023713 0.031430 0.676093
0.013299 0.023629 0.031929 0.681949
0.013310 0.029814 0.031139 0.670377
0.011028 0.027199 0.031450 0.673950
0.013290 0.026757 0.032598 0.686122
0.013351 0.030881 0.028024 0.640373
0.010988 0.028957 0.028428 0.644338
0.026433 -0.001443 0.011588 0.516085
0.026466 0.002789 0.014072 0.536111
0.029232 -0.000424 0.011675 0.517637
0.027834 -0.001251 0.008473 0.487424
0.029290 -0.001236 0.007285 0.477037
0.029225 0.004965 0.012211 0.518426
0.036100 0.017771 0.000000 0.396563
0.036094 0.013220 0.000000 0.400237
0.035693 0.017536 -0.004000 0.358560
0.035614 0.012788 -0.004000 0.362409
0.029220 0.009969 0.012620 0.518379
0.026438 0.006419 0.011967 0.513474
0.029220 0.029501 0.012610 0.503583
0.026442 0.029745 0.012248 0.498539
0.033676 0.028399 0.004000 0.424957
0.029221 0.024650 0.012567 0.506753
0.026444 0.024938 0.012391 0.503435
0.031630 0.020184 -0.004000 0.354209
0.029219 0.020000 0.012660 0.511104
0.033625 0.013343 0.004000 0.436695
0.032035 0.020358 0.000000 0.392289
0.033594 0.023341 0.004000 0.428814
0.033600 0.018355 0.004000 0.432713
0.029222 0.014942 0.012487 0.513306
0.026442 0.010349 0.012239 0.512993
0.029276 0.012500 0.008330 0.475958
0.026447 0.020000 0.012660 0.509646
0.026444 0.015119 0.012430 0.511153
0.010978 0.025623 0.027695 0.639686
0.013333 0.021744 0.029331 0.658861
0.010982 0.021720 0.027976 0.644990
0.013304 0.006341 0.031575 0.690604
0.013321 0.010249 0.030291 0.675842
0.013345 0.018681 0.028471 0.652897
0.013338 0.015453 0.028990 0.660013
0.010986 0.017775 0.028261 0.650393
0.011014 0.006482 0.030430 0.678636
0.013342 0.002923 0.028683 0.666041
0.010990 0.013316 0.028560 0.656307
0.013359 0.012446 0.027394 0.647165
0.010987 0.009671 0.028352 0.656916
0.010995 0.045000 0.028929 0.638539
0.013339 0.045000 0.028929 0.639619
0.033607 0.038084 0.004000 0.417604
0.035000 0.040000 0.000000 0.378660
0.035000 0.040000 -0.004000 0.340430
0.033686 0.033391 0.004000 0.421166
0.013369 0.041169 0.026640 0.620494
0.012167 0.041091 0.026534 0.618990
0.010963 0.041105 0.026494 0.618044
0.032500 0.042500 0.000000 0.375504
0.032283 0.041750 0.004000 0.414211
0.026399 0.045000 0.009026 0.456918
0.029267 0.045000 0.009026 0.458330
0.030000 0.045000 0.000000 0.372397
0.030000 0.040000 -0.004000 0.337878
0.029333 0.045000 0.004000 0.410357
0.026375 0.041434 0.007196 0.441993
0.027832 0.042893 0.006136 0.431550
0.032513 0.035513 0.000000 0.380774
0.032215 0.035409 -0.004000 0.342521
0.010972 0.032630 0.027233 0.630609
0.010932 0.036771 0.024178 0.599007
0.013404 0.037240 0.023981 0.597990
0.013375 0.033531 0.026173 0.621153
0.010995 -0.005000 0.028929 0.672884
0.035000 -0.005000 0.000000 0.414754
0.033556 -0.005000 0.004000 0.451617
0.031535 0.024813 -0.004000 0.350460
0.029333 0.040000 0.004000 0.414008
0.026380 0.037297 0.007547 0.448336
0.034181 0.002620 0.004000 0.445672
0.035000 0.000000 0.000000 0.410535
0.033561 -0.001760 0.004000 0.448928
0.035000 0.000000 -0.004000 0.372780
0.026399 -0.005000 0.009026 0.494850
0.029333 -0.005000 0.004000 0.449218
0.032500 -0.002500 0.000000 0.411209
0.010993 0.002631 0.028800 0.666141
0.010963 -0.001158 0.026489 0.647272
0.013371 -0.000964 0.026491 0.648393
0.013402 -0.005000 0.024090 0.628970
0.027833 -0.002505 0.006238 0.467406
0.026376 -0.001900 0.007260 0.475727
0.035495 0.007696 0.000000 0.404420
0.033775 0.008214 0.004000 0.440893
0.029333 0.000000 0.004000 0.445099
0.032501 0.003729 0.000000 0.406014
0.035376 0.007534 -0.004000 0.366639
0.032222 0.003492 -0.004000 0.368254
0.030000 0.000000 -0.004000 0.369951
0.031722 0.025100 0.000000 0.388391
0.032092 0.029997 0.000000 0.384782
0.032083 0.029792 -0.004000 0.346821
0.029333 0.035000 0.004000 0.417712
0.029275 0.031734 0.008413 0.462129
0.026388 0.032382 0.008187 0.458025
0.013349 0.026156 0.028136 0.644619
0.013400 0.029657 0.024303 0.606151
0.010934 0.028670 0.024295 0.605569
0.029333 0.005000 0.004000 0.441032
0.026392 0.002468 0.008453 0.483460
0.027834 -0.000000 0.006496 0.467795
0.029285 0.002533 0.007687 0.477778
0.029277 0.007463 0.008269 0.479342
0.031794 0.015623 0.000000 0.395934
0.032172 0.011647 0.000000 0.399345
0.031756 0.015360 -0.004000 0.358180
0.031951 0.011550 -0.004000 0.361405
0.029333 0.010000 0.004000 0.437016
0.026389 0.007823 0.008196 0.476802
0.029333 0.030000 0.004000 0.421468
0.029278 0.027219 0.008193 0.463401
0.026390 0.027500 0.008330 0.463000
0.029333 0.025000 0.004000 0.425277
0.029276 0.022500 0.008330 0.468261
0.026390 0.022500 0.008330 0.466753
0.027881 0.022644 0.000000 0.388292
0.027800 0.022389 -0.004000 0.350422
0.029629 0.014020 -0.002000 0.377075
0.027673 0.017611 -0.004000 0.354171
0.028160 0.017903 0.000000 0.392170
0.029276 0.017500 0.008330 0.472084
0.029333 0.015000 0.004000 0.433051
0.029333 0.020000 0.004000 0.429138
0.026388 0.012660 0.008190 0.472971
0.026390 0.017500 0.008330 0.470557
0.010934 0.023535 0.024325 0.609376
0.013388 0.021528 0.025200 0.620202
0.010948 0.019844 0.025349 0.621580
0.013367 0.007800 0.026780 0.644732
0.013398 0.003134 0.024441 0.626220
0.013394 0.016195 0.024758 0.619792
0.010932 0.016226 0.024161 0.612937
0.010954 0.006613 0.025801 0.635188
0.013406 0.011499 0.023820 0.614331
0.010932 0.011344 0.024139 0.616196
0.010931 0.045000 0.024090 0.592756
0.013402 0.045000 0.024090 0.593889
0.030000 0.040000 0.000000 0.376108
0.028574 0.032111 0.000000 0.381341
0.028328 0.031912 -0.004000 0.343230
0.013433 0.040804 0.021794 0.574932
0.010896 0.040666 0.021416 0.570272
0.025000 0.040000 -0.004000 0.335396
0.027500 0.042500 0.000000 0.373004
0.026333 0.045000 0.004000 0.408884
0.025000 0.045000 0.000000 0.369949
0.026830 0.035683 -0.004000 0.339573
0.026333 0.040000 0.004000 0.412513
0.027250 0.035856 0.000000 0.377834
0.010869 0.036863 0.019377 0.553512
0.010900 0.032613 0.021754 0.578890
0.013468 0.036677 0.019067 0.551919
0.013438 0.033255 0.021403 0.576330
0.010931 -0.005000 0.024090 0.627681
0.030000 -0.005000 0.000000 0.411896
0.027243 0.027428 -0.004000 0.346162
0.026333 0.035000 0.004000 0.416196
0.010878 0.029165 0.020046 0.565107
0.013453 0.029429 0.020230 0.567891
0.030000 0.000000 0.000000 0.407710
0.026333 -0.005000 0.004000 0.447541
0.027500 -0.002500 0.000000 0.408400
0.010926 0.002911 0.023707 0.618245
0.010896 -0.000984 0.021446 0.599936
0.013432 -0.000963 0.021802 0.604561
0.013468 -0.005000 0.019078 0.582130
0.026333 0.000000 0.004000 0.443443
0.023708 -0.001657 0.004000 0.443359
0.030186 0.008293 0.000000 0.400983
0.027611 0.004264 0.000000 0.402869
0.029611 0.007690 -0.004000 0.363307
0.027414 0.003980 -0.004000 0.365185
0.025000 0.000000 -0.004000 0.367191
0.027326 0.027746 0.000000 0.384047
0.026333 0.030000 0.004000 0.419932
0.013429 0.024881 0.022036 0.588082
0.010887 0.024963 0.020745 0.574620
0.026333 0.005000 0.004000 0.439395
0.027502 0.012680 0.000000 0.395983
0.027418 0.012820 -0.004000 0.357911
0.026333 0.010000 0.004000 0.435399
0.024149 0.023826 -0.004000 0.347403
0.023872 0.020014 -0.004000 0.350270
0.024221 0.016096 -0.004000 0.353577
0.024209 0.024019 0.000000 0.385329
0.026333 0.025000 0.004000 0.423721
0.026333 0.020000 0.004000 0.427561
0.023966 0.020048 0.000000 0.388293
0.024358 0.016249 0.000000 0.391482
0.026333 0.015000 0.004000 0.431454
0.010894 0.019960 0.021285 0.583226
0.013443 0.019757 0.021032 0.582239
0.013462 0.003097 0.019527 0.580226
0.013428 0.007049 0.022132 0.601725
0.013448 0.014704 0.020590 0.581690
0.013455 0.010827 0.020069 0.579605
0.010884 0.014945 0.020499 0.579394
0.010897 0.007171 0.021543 0.594830
0.010875 0.010784 0.019847 0.576263
0.010865 0.045000 0.019078 0.545227
0.013468 0.045000 0.019078 0.546414
0.025000 0.040000 0.000000 0.373624
0.024514 0.031970 0.000000 0.379397
0.024370 0.031578 -0.004000 0.341488
0.022500 0.042500 0.000000 0.370573
0.022111 0.045000 0.004000 0.406850
0.020000 0.040000 -0.004000 0.332984
0.013500 0.040742 0.016695 0.526682
0.010834 0.040608 0.016749 0.526061
0.022207 0.035828 -0.004000 0.337179
0.023032 0.041372 0.004000 0.409902
0.013531 0.037078 0.014345 0.506911
0.010818 0.037021 0.015533 0.516961
0.020000 0.045000 0.000000 0.367570
0.022423 0.035913 0.000000 0.375401
0.022827 0.036777 0.004000 0.413150
0.010835 0.032585 0.016806 0.532086
0.013501 0.032316 0.016594 0.531519
0.010865 -0.005000 0.019078 0.580776
0.025000 -0.005000 0.000000 0.409104
0.022191 0.027544 0.000000 0.381601
0.021968 0.027409 -0.004000 0.343507
0.022542 0.031852 0.004000 0.416646
0.010831 0.027433 0.016476 0.532548
0.013500 0.026938 0.016702 0.536317
0.025000 0.000000 0.000000 0.404951
0.022111 -0.005000 0.004000 0.445221
0.022500 -0.002500 0.000000 0.405659
0.010862 0.003066 0.018813 0.572226
0.010829 -0.000996 0.016343 0.552093
0.013494 -0.001057 0.017095 0.560564
0.013534 -0.005000 0.014052 0.535085
0.013514 0.002845 0.015599 0.543569
0.023106 0.002223 0.004000 0.439891
0.020967 -0.000584 0.004000 0.441010
0.025131 0.008580 0.000000 0.398016
0.022500 0.004330 0.000000 0.400058
0.021979 0.002318 -0.002222 0.380416
0.020000 0.000000 -0.004000 0.364499
0.024652 0.008062 -0.004000 0.360322
0.022500 0.004330 -0.004000 0.362244
0.019934 0.022834 -0.004000 0.346053
0.022205 0.026697 0.004000 0.420336
0.013496 0.022324 0.016957 0.542002
0.010836 0.022404 0.016838 0.539531
0.022283 0.012528 -0.004000 0.355439
0.022205 0.006453 0.004000 0.436022
0.019996 0.016982 -0.004000 0.350696
0.022507 0.012916 0.000000 0.393159
0.022147 0.011681 0.004000 0.431860
0.020029 0.023014 0.000000 0.383994
0.020046 0.017115 0.000000 0.388582
0.022201 0.021711 0.004000 0.424118
0.022118 0.016743 0.004000 0.427898
0.010835 0.017510 0.016815 0.542820
0.013500 0.017159 0.016698 0.543283
0.013498 0.007369 0.016801 0.551458
0.013500 0.012331 0.016681 0.546653
0.010828 0.012562 0.016287 0.541446
0.010829 0.007428 0.016331 0.545648
0.010799 0.045000 0.014052 0.497463
0.013565 0.041330 0.011708 0.478933
0.013534 0.045000 0.014052 0.498704
0.020000 0.040000 0.000000 0.371210
0.017889 0.045000 0.004000 0.404865
0.017500 0.042500 0.000000 0.368210
0.019936 0.031816 0.000000 0.377254
0.019594 0.031538 -0.004000 0.339164
0.015000 0.040000 -0.004000 0.330642
0.017889 0.042385 0.004000 0.406726
0.013616 0.041711 0.007840 0.441870
0.017500 0.035670 -0.004000 0.335033
0.017478 0.037465 -0.002000 0.352767
0.010767 0.040396 0.011605 0.477319
0.017500 0.035670 0.000000 0.373209
0.018452 0.038430 0.004000 0.409836
0.013558 0.033300 0.012270 0.489872
0.013606 0.037239 0.008645 0.452674
0.010770 0.034683 0.011835 0.483470
0.015000 0.045000 0.000000 0.365258
0.017487 0.027090 -0.004000 0.341546
0.018350 0.033518 0.004000 0.413367
0.013553 0.029501 0.012610 0.495795
0.010776 0.029809 0.012282 0.491152
0.010799 -0.005000 0.014052 0.533665
0.020000 -0.005000 0.000000 0.406379
0.017889 -0.005000 0.004000 0.442948
0.017743 0.027585 0.000000 0.379374
0.018308 0.028548 0.004000 0.417020
0.013554 0.024650 0.012567 0.498864
0.010778 0.024916 0.012464 0.496364
0.015590 0.023688 -0.004000 0.343247
0.020000 0.000000 0.000000 0.402260
0.017894 -0.001760 0.004000 0.440325
0.013601 -0.005000 0.009026 0.487957
0.017500 -0.002500 0.000000 0.402984
0.015000 0.000000 -0.004000 0.361875
0.010799 0.002785 0.014076 0.527920
0.010767 -0.001445 0.011588 0.507772
0.013566 -0.000424 0.011675 0.509237
0.013559 0.004964 0.012211 0.510132
0.013623 -0.001236 0.007285 0.468619
0.018514 0.002620 0.004000 0.437135
0.020403 0.008472 0.000000 0.395611
0.017789 0.004186 0.000000 0.397696
0.017605 0.004038 -0.004000 0.359910
0.019983 0.008151 -0.004000 0.357790
0.016040 0.019909 -0.004000 0.346408
0.016130 0.019988 0.000000 0.384387
0.015764 0.023894 0.000000 0.381214
0.018018 0.023362 0.004000 0.420766
0.013553 0.020000 0.012660 0.503119
0.010781 0.020000 0.012660 0.501771
0.017810 0.012454 -0.004000 0.353197
0.015793 0.015981 -0.004000 0.349376
0.018032 0.012590 0.000000 0.391113
0.018078 0.008211 0.004000 0.432475
0.015894 0.016161 0.000000 0.387237
0.018048 0.013341 0.004000 0.428452
0.018012 0.018437 0.004000 0.424506
0.010777 0.015122 0.012407 0.502961
0.013555 0.014942 0.012486 0.505207
0.013553 0.009969 0.012620 0.510188
0.013610 0.012500 0.008330 0.467824
0.010775 0.010450 0.012215 0.504626
0.010772 0.006423 0.011969 0.505333
0.010733 0.045000 0.009026 0.449587
0.013601 0.045000 0.009026 0.450881
0.015000 0.040000 0.000000 0.368863
0.013667 0.045000 0.004000 0.402928
0.012500 0.042500 0.000000 0.365916
0.010709 0.041434 0.007196 0.434596
0.012166 0.042893 0.006136 0.424128
0.015220 0.031662 0.000000 0.375100
0.015002 0.031456 -0.004000 0.337023
0.012503 0.035769 -0.004000 0.332623
0.010000 0.040000 -0.004000 0.328370
0.013667 0.040000 0.004000 0.406470
0.012644 0.035802 0.000000 0.370836
0.010713 0.037297 0.007544 0.440815
0.013667 0.035000 0.004000 0.410064
0.013609 0.031734 0.008413 0.454399
0.010722 0.032377 0.008191 0.450467
0.010000 0.045000 0.000000 0.363017
0.012469 0.027143 -0.004000 0.339097
0.012514 0.027128 0.000000 0.377206
0.013667 0.030000 0.004000 0.413712
0.013611 0.027219 0.008193 0.455575
0.010724 0.027500 0.008330 0.455298
0.010733 -0.005000 0.009026 0.486469
0.013667 -0.005000 0.004000 0.440721
0.015000 -0.005000 0.000000 0.403721
0.013667 0.025000 0.004000 0.417413
0.013610 0.022500 0.008330 0.460335
0.010724 0.022500 0.008330 0.458945
0.012362 0.022375 0.000000 0.380725
0.011898 0.022031 -0.004000 0.342746
0.015000 0.000000 0.000000 0.399636
0.013667 0.000000 0.004000 0.436707
0.010710 -0.001900 0.007260 0.467413
0.012167 -0.002571 0.006121 0.457972
0.012500 -0.002500 0.000000 0.400376
0.012747 0.004147 -0.004000 0.357330
0.010000 0.000000 -0.004000 0.359320
0.010725 0.002467 0.008452 0.475225
0.012167 -0.000000 0.006496 0.459461
0.013610 0.007464 0.008270 0.471108
0.013618 0.002534 0.007687 0.469437
0.013148 0.004327 0.000000 0.395199
0.013667 0.005000 0.004000 0.432744
0.015623 0.008426 0.000000 0.393186
0.015482 0.008026 -0.004000 0.355576
0.011426 0.007887 -0.004000 0.353650
0.012677 0.012254 -0.004000 0.350784
0.012124 0.017352 -0.004000 0.346493
0.012202 0.017619 0.000000 0.384290
0.013667 0.020000 0.004000 0.421167
0.013610 0.017500 0.008330 0.464054
0.010724 0.017500 0.008330 0.462644
0.012751 0.012570 0.000000 0.388478
0.013667 0.010000 0.004000 0.428833
0.013667 0.015000 0.004000 0.424974
0.010722 0.012718 0.008220 0.465187
0.010722 0.007825 0.008193 0.468652
0.010667 0.045000 0.004000 0.401581
0.007500 0.042500 0.000000 0.363691
0.005000 0.045000 0.000000 0.360844
0.010000 0.040000 0.000000 0.366586
0.010667 0.040000 0.004000 0.405101
0.005000 0.040000 -0.004000 0.326169
0.010052 0.031794 -0.004000 0.334459
0.007570 0.036317 -0.004000 0.329982
0.010363 0.032193 0.000000 0.372434
0.007680 0.036544 0.000000 0.368039
0.010667 0.035000 0.004000 0.408675
0.007951 0.028265 -0.004000 0.336144
0.010667 0.030000 0.004000 0.412302
0.007939 0.028454 0.000000 0.374082
0.006444 0.045000 0.004000 0.399726
0.002222 0.045000 0.004000 0.397919
0.000000 0.045000 0.000000 0.358740
-0.005000 0.045000 0.000000 0.356704
0.008263 0.024234 -0.004000 0.339341
0.008136 0.024640 0.000000 0.377016
0.010667 0.025000 0.004000 0.415982
0.010667 -0.005000 0.004000 0.439167
0.010271 -0.002078 0.002000 0.417766
0.010000 -0.005000 0.000000 0.401130
0.008042 0.019690 -0.004000 0.342723
0.010667 0.020000 0.004000 0.419715
0.008321 0.019872 0.000000 0.380703
0.010000 0.000000 0.000000 0.397079
0.010667 0.000000 0.004000 0.435173
0.007500 -0.002500 0.000000 0.397836
0.008041 -0.001657 0.004000 0.435162
0.005000 0.000000 -0.004000 0.356834
0.003108 0.003292 -0.004000 0.353265
0.008290 0.014885 -0.004000 0.346575
0.007487 0.004487 -0.004000 0.354434
0.007912 0.010004 -0.004000 0.350237
0.007785 0.004591 0.000000 0.392308
0.010667 0.005000 0.004000 0.431230
0.011657 0.008079 0.000000 0.391466
0.007890 0.010228 0.000000 0.387927
0.008491 0.015154 0.000000 0.384396
0.010667 0.015000 0.004000 0.423501
0.010667 0.010000 0.004000 0.427339
0.005000 0.040000 0.000000 0.364377
0.007365 0.041372 0.004000 0.402659
0.002500 0.042500 0.000000 0.361534
0.004861 0.042442 0.002000 0.381707
0.003769 0.036725 -0.004000 0.328010
0.000000 0.040000 -0.004000 0.324037
0.004611 0.032145 -0.004000 0.331741
0.000000 0.035000 -0.004000 0.327642
0.007160 0.036777 0.004000 0.405814
0.003592 0.036860 0.000000 0.366007
0.004090 0.026705 -0.004000 0.335562
0.000000 0.030000 -0.004000 0.331302
0.004721 0.032399 0.000000 0.369728
0.006875 0.031852 0.004000 0.409214
0.003918 0.022258 -0.004000 0.338845
0.000000 0.025000 -0.004000 0.335018
0.004291 0.027182 0.000000 0.373362
0.006538 0.026697 0.004000 0.412807
0.002222 0.042385 0.004000 0.399722
0.000000 0.040000 0.000000 0.362236
-0.002500 0.042500 0.000000 0.359446
-0.005000 0.042500 0.002000 0.377539
-0.005000 0.040000 0.000000 0.360165
-0.002000 0.045000 0.004000 0.396159
-0.003501 0.042893 0.006136 0.417358
-0.005000 0.045000 0.004000 0.394939
0.004330 0.017500 -0.004000 0.342677
0.000000 0.020000 -0.004000 0.338789
0.004259 0.022455 0.000000 0.376864
0.006534 0.021711 0.004000 0.416481
0.000000 0.000000 -0.004000 0.354416
0.006444 -0.005000 0.004000 0.437020
0.005000 -0.005000 0.000000 0.398606
0.004012 0.012276 -0.004000 0.346587
0.000000 0.015000 -0.004000 0.342614
0.000000 0.010000 -0.004000 0.346494
0.004330 0.017500 0.000000 0.380636
0.006452 0.016743 0.004000 0.420157
0.005000 0.000000 0.000000 0.394589
0.007439 0.002223 0.004000 0.431800
0.002500 -0.002500 0.000000 0.395362
0.005300 -0.000584 0.004000 0.432948
0.003593 0.007459 -0.004000 0.350179
0.000000 0.005000 -0.004000 0.350428
0.000000 0.002500 -0.002000 0.371297
0.003322 0.003824 0.000000 0.390741
0.004186 0.012639 0.000000 0.384286
0.003733 0.007704 0.000000 0.387896
0.006538 0.006453 0.004000 0.428058
0.006480 0.011681 0.004000 0.424009
0.000000 -0.005000 0.000000 0.396148
-0.005000 -0.005000 0.000000 0.393757
0.002222 -0.005000 0.004000 0.434920
0.002785 0.038430 0.004000 0.402720
0.000000 0.035000 0.000000 0.365788
-0.002500 0.037500 0.000000 0.362952
0.000000 0.030000 0.000000 0.369394
0.002684 0.033518 0.004000 0.406148
-0.002500 0.032500 0.000000 0.366513
-0.005000 0.035000 0.000000 0.363680
-0.005000 0.030000 0.000000 0.367250
0.000000 0.025000 0.000000 0.373055
-0.002500 0.027500 0.000000 0.370128
0.002641 0.028548 0.004000 0.409694
-0.005000 0.025000 0.000000 0.370875
0.000000 0.020000 0.000000 0.376769
-0.002500 0.022500 0.000000 0.373798
0.002352 0.023362 0.004000 0.413339
-0.005000 0.040000 0.004000 0.398347
-0.004934 0.045000 0.009026 0.442897
-0.002066 0.045000 0.009026 0.444074
-0.002000 0.040000 0.004000 0.399590
-0.002051 0.041711 0.007840 0.435001
-0.004958 0.041434 0.007196 0.427845
-0.005000 0.020000 0.000000 0.374554
0.000000 0.015000 0.000000 0.380538
0.002345 0.018437 0.004000 0.416972
-0.002500 0.017500 0.000000 0.377522
-0.005000 0.015000 0.000000 0.378287
0.000000 0.000000 0.000000 0.392166
0.002227 -0.001760 0.004000 0.432365
-0.002500 -0.002500 0.000000 0.392955
-0.005000 -0.002500 0.002000 0.410638
-0.005000 0.000000 0.000000 0.389810
0.000000 0.010000 0.000000 0.384361
0.002382 0.013341 0.004000 0.420807
-0.002500 0.012500 0.000000 0.381300
-0.005000 0.010000 0.000000 0.382075
0.002848 0.002620 0.004000 0.429242
0.000000 0.005000 0.000000 0.388236
0.002411 0.008211 0.004000 0.424719
-0.002500 0.002500 0.000000 0.389017
-0.002500 0.007500 0.000000 0.385132
-0.005000 0.005000 0.000000 0.385915
-0.005000 -0.005000 0.004000 0.431436
-0.002000 -0.005000 0.004000 0.432866
-0.003500 -0.002505 0.006238 0.451270
-0.005000 0.035000 0.004000 0.401810
-0.002000 0.035000 0.004000 0.403074
-0.002000 0.030000 0.004000 0.406612
-0.005000 0.030000 0.004000 0.405327
-0.005000 0.025000 0.004000 0.408898
-0.002000 0.025000 0.004000 0.410204
-0.005000 0.020000 0.004000 0.412521
-0.002000 0.020000 0.004000 0.413848
-0.002132 0.045000 0.014052 0.491857
-0.004868 0.045000 0.014052 0.490726
-0.004953 0.037297 0.007547 0.434006
-0.004900 0.040396 0.011627 0.470715
-0.002102 0.041304 0.011740 0.472347
-0.002061 0.037240 0.008645 0.445706
-0.002198 0.045000 0.019078 0.539526
-0.004802 0.045000 0.019078 0.538439
-0.002264 0.045000 0.024090 0.586955
-0.005000 0.015000 0.004000 0.416198
-0.005000 0.010000 0.004000 0.419929
-0.002000 0.015000 0.004000 0.417546
-0.005000 0.000000 0.004000 0.427547
-0.004957 -0.001900 0.007260 0.459729
-0.002000 0.000000 0.004000 0.428958
-0.003499 -0.000000 0.006496 0.451763
-0.005000 0.005000 0.004000 0.423712
-0.002000 0.010000 0.004000 0.421298
-0.002000 0.005000 0.004000 0.425101
-0.003499 -0.001251 0.008473 0.471329
-0.002043 -0.001236 0.007285 0.460832
-0.004934 -0.005000 0.009026 0.478712
-0.002066 -0.005000 0.009026 0.480085
-0.004945 0.032382 0.008188 0.443478
-0.004943 0.022500 0.008330 0.451773
-0.004943 0.017500 0.008330 0.455365
-0.002059 0.031808 0.008487 0.447954
-0.004943 0.027500 0.008330 0.448234
-0.002057 0.017500 0.008330 0.456658
-0.002055 0.027274 0.008205 0.448462
-0.002057 0.022500 0.008330 0.453047
-0.002167 0.040758 0.016711 0.519861
-0.004831 0.040627 0.016843 0.520079
-0.004897 0.034686 0.011820 0.476390
-0.004847 0.037012 0.015628 0.510942
-0.002136 0.037083 0.014347 0.499912
-0.002109 0.033306 0.012253 0.482628
-0.002233 0.040946 0.021710 0.567054
-0.003488 0.043366 0.024016 0.586775
-0.004736 0.045000 0.024090 0.585914
-0.004770 0.040741 0.021502 0.564139
-0.002297 0.041212 0.026597 0.613026
-0.004672 0.045000 0.028929 0.631642
-0.002328 0.045000 0.028929 0.632639
-0.002388 0.045000 0.033518 0.675870
-0.002446 0.045000 0.037871 0.716789
-0.004612 0.045000 0.033518 0.674916
-0.004554 0.045000 0.037871 0.715877
-0.002500 0.045000 0.042000 0.755534
-0.004945 0.012657 0.008190 0.457574
-0.004900 -0.001443 0.011588 0.500076
-0.004945 0.007823 0.008197 0.461209
-0.002057 0.012500 0.008330 0.460322
-0.004941 0.002468 0.008453 0.467637
-0.002049 0.002533 0.007687 0.461728
-0.002056 0.007463 0.008269 0.463491
-0.002101 -0.000424 0.011675 0.501450
-0.004868 -0.005000 0.014052 0.525882
-0.002132 -0.005000 0.014052 0.527197
-0.004891 0.029751 0.012247 0.483813
-0.004889 0.024954 0.012419 0.488761
-0.002112 0.014927 0.012499 0.497870
-0.004890 0.015112 0.012395 0.495500
-0.004886 0.020000 0.012660 0.494514
-0.002113 0.029507 0.012588 0.488417
-0.002114 0.020000 0.012660 0.495753
-0.002113 0.024660 0.012575 0.491662
-0.004831 0.032574 0.016860 0.525572
-0.002198 0.036701 0.019070 0.544868
-0.004798 0.036831 0.019322 0.546049
-0.003499 0.032422 0.016694 0.524679
-0.002166 0.032314 0.016613 0.524567
-0.002262 0.037302 0.023947 0.590537
-0.004705 0.041038 0.026423 0.610470
-0.003500 0.039263 0.027801 0.625106
-0.004735 0.036724 0.024124 0.591513
-0.002361 0.041399 0.031435 0.658491
-0.002328 0.037413 0.028947 0.637594
-0.004500 0.045000 0.042000 0.754662
-0.002420 0.041670 0.035894 0.700252
-0.002463 0.042261 0.039208 0.730997
-0.004641 0.041397 0.031294 0.656188
-0.003505 0.042311 0.039022 0.728768
-0.003548 0.041473 0.035637 0.697459
-0.004580 0.041703 0.035906 0.699405
-0.004537 0.042256 0.039173 0.729768
-0.002500 0.041154 0.042000 0.757841
-0.004892 0.010346 0.012239 0.497468
-0.004895 0.006418 0.011968 0.497789
-0.004867 0.002789 0.014071 0.520252
-0.004836 -0.000857 0.016435 0.545141
-0.002113 0.009969 0.012619 0.502600
-0.002108 0.004965 0.012211 0.502457
-0.002153 0.002845 0.015599 0.535836
-0.002172 -0.001057 0.017094 0.552735
-0.004802 -0.005000 0.019078 0.572967
-0.002198 -0.005000 0.019078 0.574224
-0.004838 0.027415 0.016309 0.523856
-0.004833 0.022468 0.016723 0.531168
-0.004838 0.012690 0.016348 0.534491
-0.002167 0.012331 0.016682 0.539120
-0.002168 0.017150 0.016730 0.536145
-0.004833 0.017571 0.016700 0.534358
-0.002167 0.026966 0.016682 0.528858
-0.002170 0.022328 0.016952 0.534609
-0.004790 0.029147 0.019964 0.557219
-0.004767 0.032626 0.021730 0.571584
-0.002230 0.033351 0.021448 0.569544
-0.002213 0.029477 0.020217 0.560515
-0.002292 0.033536 0.026186 0.614096
-0.004668 0.037397 0.029250 0.639435
-0.004695 0.032629 0.027196 0.623143
-0.002346 0.033788 0.030300 0.652634
-0.002397 0.037295 0.034163 0.686704
-0.004500 0.041154 0.042000 0.756960
-0.002459 0.039165 0.038861 0.729632
-0.004597 0.037622 0.034603 0.689672
-0.004542 0.039197 0.038837 0.728468
-0.002500 0.037308 0.042000 0.760175
-0.004839 0.007395 0.016245 0.537322
-0.004804 0.003101 0.018879 0.565169
-0.004770 -0.000874 0.021490 0.592528
-0.004736 -0.005000 0.024090 0.619841
-0.002168 0.007370 0.016801 0.543810
-0.002204 0.003096 0.019531 0.572519
-0.002234 -0.000982 0.021805 0.596763
-0.002264 -0.005000 0.024090 0.621041
-0.002211 0.010828 0.020069 0.572009
-0.004781 0.025060 0.020616 0.566123
-0.004790 0.010862 0.019948 0.569651
-0.004781 0.014975 0.020666 0.573517
-0.004774 0.020098 0.021199 0.575002
-0.002218 0.014707 0.020596 0.574225
-0.002224 0.019756 0.021034 0.574835
-0.004733 0.028610 0.024264 0.598145
-0.002238 0.024883 0.022074 0.581118
-0.002267 0.029644 0.024282 0.598721
-0.002316 0.030871 0.028021 0.633099
-0.004679 0.028975 0.028426 0.637097
-0.002357 0.029840 0.031147 0.663141
-0.004637 0.033857 0.031556 0.663393
-0.004651 0.030625 0.030524 0.655752
-0.002402 0.032671 0.034516 0.692937
-0.004583 0.033736 0.035718 0.702570
-0.002453 0.034918 0.038419 0.728111
-0.004500 0.037308 0.042000 0.759284
-0.004546 0.035688 0.038540 0.727841
-0.002500 0.033462 0.042000 0.762535
-0.004769 0.007164 0.021545 0.587273
-0.004740 0.002979 0.023765 0.611063
-0.004672 -0.005000 0.028929 0.665011
-0.004703 -0.001193 0.026541 0.640005
-0.002328 -0.005000 0.028929 0.666154
-0.002239 0.007048 0.022133 0.594058
-0.002269 0.003071 0.024440 0.618484
-0.002296 -0.000978 0.026503 0.640658
-0.004612 -0.005000 0.033518 0.707767
-0.002388 -0.005000 0.033518 0.708857
-0.004554 -0.005000 0.037871 0.748243
-0.002446 -0.005000 0.037871 0.749282
-0.002261 0.011486 0.023813 0.606669
-0.004734 0.023770 0.024210 0.600858
-0.004733 0.011343 0.024269 0.609898
-0.004733 0.016333 0.024308 0.606822
-0.004718 0.020081 0.025451 0.615013
-0.002273 0.016198 0.024747 0.612163
-0.002279 0.021542 0.025204 0.612817
-0.004688 0.025616 0.027709 0.632551
-0.002318 0.026084 0.028154 0.637490
-0.004639 0.027268 0.031429 0.666425
-0.002376 0.026714 0.032572 0.678535
-0.002408 0.028940 0.034981 0.699671
-0.004601 0.030448 0.034307 0.691402
-0.002455 0.031067 0.038576 0.731989
-0.004547 0.031497 0.038454 0.729636
-0.004500 0.033462 0.042000 0.761635
-0.002500 0.029615 0.042000 0.764921
-0.004712 0.006686 0.025924 0.628661
-0.004674 0.002551 0.028791 0.658384
-0.004640 -0.001440 0.031331 0.684892
-0.002356 -0.001079 0.031036 0.682997
-0.002299 0.007780 0.026744 0.636715
-0.002325 0.002899 0.028674 0.658166
-0.004581 -0.001727 0.035821 0.726916
-0.004535 -0.002307 0.039325 0.759894
-0.002417 -0.001298 0.035662 0.726199
-0.002467 -0.002292 0.039500 0.762524
-0.004500 -0.005000 0.042000 0.786569
-0.002500 -0.005000 0.042000 0.787560
-0.002308 0.012447 0.027394 0.639562
-0.004679 0.009630 0.028393 0.649740
-0.004686 0.021977 0.027848 0.636273
-0.004675 0.013263 0.028669 0.649838
-0.004679 0.018098 0.028377 0.643832
-0.002329 0.015453 0.028990 0.652451
-0.002322 0.018680 0.028475 0.645440
-0.002333 0.021818 0.029298 0.651059
-0.004640 0.023750 0.031387 0.668323
-0.002367 0.023625 0.031905 0.674302
-0.004594 0.025843 0.034894 0.699857
-0.002412 0.025222 0.035286 0.704920
-0.002455 0.027294 0.038583 0.734444
-0.004552 0.027643 0.038040 0.728186
-0.004500 0.029615 0.042000 0.764012
-0.002500 0.025769 0.042000 0.767333
-0.004500 -0.001154 0.042000 0.783960
-0.002346 0.010253 0.030296 0.668216
-0.004652 0.006453 0.030417 0.670872
-0.004603 0.002748 0.034154 0.708310
-0.002382 0.002349 0.033057 0.699424
-0.002363 0.006333 0.031580 0.682896
-0.004541 0.000772 0.038887 0.753729
-0.002429 0.002557 0.036611 0.732368
-0.002463 0.000814 0.039208 0.757698
-0.002500 -0.001154 0.042000 0.784942
-0.002359 0.013158 0.031288 0.675508
-0.004639 0.010327 0.031402 0.677430
-0.004623 0.013008 0.032658 0.687357
-0.002364 0.016755 0.031647 0.676437
-0.004641 0.020066 0.031303 0.669967
-0.004634 0.016148 0.031832 0.677524
-0.002368 0.019965 0.031944 0.677083
-0.003500 0.017303 0.033348 0.691466
-0.004593 0.021866 0.034932 0.702784
-0.002411 0.021820 0.035214 0.706455
-0.004549 0.023681 0.038307 0.733201
-0.002455 0.023472 0.038602 0.737060
-0.004500 0.025769 0.042000 0.766415
-0.002500 0.021923 0.042000 0.769771
-0.004500 0.002692 0.042000 0.781377
-0.002396 0.010297 0.034118 0.703873
-0.004600 0.007651 0.034432 0.707554
-0.004551 0.005033 0.038093 0.743457
-0.002413 0.005754 0.035422 0.719119
-0.002460 0.004408 0.038932 0.752689
-0.002500 0.002692 0.042000 0.782349
-0.002404 0.014495 0.034713 0.706613
-0.004592 0.010912 0.035016 0.710809
-0.004591 0.014495 0.035076 0.708980
-0.002408 0.018130 0.034997 0.706850
-0.004593 0.018179 0.034916 0.705050
-0.004547 0.019965 0.038425 0.736696
-0.002456 0.019930 0.038652 0.739810
-0.004500 0.021923 0.042000 0.768844
-0.002500 0.018077 0.042000 0.772235
-0.004549 0.008855 0.038299 0.742813
-0.004500 0.006538 0.042000 0.778818
-0.002452 0.012307 0.038372 0.742200
-0.002453 0.008332 0.038424 0.745325
-0.002500 0.006538 0.042000 0.779782
-0.002455 0.016061 0.038577 0.741636
-0.004546 0.012499 0.038501 0.742279
-0.003512 0.010399 0.040536 0.763119
-0.004547 0.016274 0.038433 0.739169
-0.004500 0.018077 0.042000 0.771299
-0.002500 0.014231 0.042000 0.774725
-0.004500 0.010385 0.042000 0.776286
-0.002500 0.010385 0.042000 0.777241
-0.004500 0.014231 0.042000 0.773780
