0.128841 0.880000 0.068561 -7.371122
0.149282 0.880000 0.040000 -7.222678
0.160000 0.880000 0.080000 -7.450764
0.111941 0.880000 0.087971 -7.359072
0.117300 0.880000 0.045149 -7.289923
0.099451 0.880000 0.066903 -7.328037
0.094818 0.880000 0.034497 -7.318877
0.120000 0.880000 0.010718 -7.404083
0.122625 0.864632 0.074577 -7.371122
0.080000 0.880000 0.000000 -7.224540
0.113282 0.880000 0.114845 -7.310240
0.129494 0.880000 0.093980 -7.351217
0.149282 0.880000 0.120000 -7.285083
0.120000 0.880000 0.149282 -7.447616
0.067522 0.880000 0.031403 -7.380027
0.155820 0.852604 0.105520 -7.409038
0.105520 0.852604 0.004180 -7.212389
0.044420 0.880000 0.048264 -7.389458
0.010718 0.880000 0.040000 -7.499310
0.040000 0.880000 0.010718 -7.489740
0.135913 0.843702 0.022784 -6.957407
0.155325 0.852636 0.053053 -7.334826
0.139053 0.846731 0.088280 -7.088167
0.160000 0.840000 0.080000 -7.040764
0.109628 0.863141 0.131754 -7.404937
0.084076 0.880000 0.095865 -7.378106
0.092729 0.880000 0.128358 -7.378249
0.074320 0.880000 0.063133 -7.331194
0.093214 0.858060 0.084898 -7.388554
0.113571 0.850037 0.101739 -7.324832
0.066907 0.880000 0.126067 -7.412778
0.080000 0.880000 0.160000 -7.319305
0.053053 0.852636 0.004675 -7.344800
0.096770 0.853001 0.039875 -7.318877
0.120264 0.824279 0.041718 -7.064269
0.117867 0.836639 0.074325 -7.089421
0.080000 0.840000 0.000000 -6.779669
0.097935 0.850131 0.117951 -7.378249
0.131568 0.846055 0.114029 -7.028265
0.137216 0.843702 0.135913 -6.990283
0.105890 0.841972 0.132170 -7.120122
0.106947 0.852636 0.155325 -7.273123
0.047630 0.853785 0.035235 -7.438434
0.109188 0.825405 0.116586 -7.059815
0.072009 0.841403 0.059263 -7.077137
0.055564 0.880000 0.077991 -7.427660
0.054712 0.880000 0.102679 -7.456640
0.042208 0.854935 0.065795 -7.386469
0.030356 0.880000 0.069529 -7.468369
0.031255 0.880000 0.094631 -7.425913
0.129418 0.818627 0.099071 -7.062504
0.154504 0.819476 0.109141 -7.111718
0.153770 0.819477 0.049048 -6.937690
0.109141 0.819476 0.005496 -6.936638
0.160000 0.800000 0.080000 -7.040764
0.000000 0.880000 0.080000 -7.391105
0.004180 0.852604 0.054480 -7.282287
0.023852 0.837205 0.058327 -7.030555
0.022784 0.843702 0.024087 -6.975216
0.135151 0.800524 0.022049 -6.957407
0.138440 0.820066 0.073925 -7.085104
0.124088 0.804868 0.045866 -7.032735
0.104332 0.817779 0.089001 -7.101428
0.088030 0.830069 0.075124 -7.186263
0.075045 0.850066 0.129078 -7.394728
0.070538 0.860131 0.103429 -7.350602
0.064286 0.847598 0.084987 -7.156914
0.086365 0.840262 0.104179 -7.120635
0.042609 0.880000 0.115900 -7.415281
0.040000 0.880000 0.149282 -7.521447
0.010718 0.880000 0.120000 -7.523478
0.049566 0.846884 0.133147 -7.125855
0.054480 0.852604 0.155820 -7.441710
0.080000 0.840000 0.160000 -6.898754
0.117316 0.790259 0.094406 -7.067238
0.101774 0.804868 0.024090 -6.974807
0.049048 0.819477 0.006230 -7.107864
0.078199 0.820708 0.031834 -6.976715
0.096730 0.815388 0.058275 -7.025741
0.080000 0.800000 0.000000 -6.779669
0.083182 0.820131 0.132090 -7.171777
0.137951 0.800524 0.135151 -6.990283
0.096956 0.801454 0.111984 -7.098017
0.110952 0.819477 0.153770 -7.117299
0.047905 0.820393 0.040275 -7.022875
0.075979 0.815261 0.110747 -7.044168
0.062803 0.821496 0.072463 -7.144997
0.039996 0.829870 0.083327 -7.226811
0.038341 0.852336 0.106773 -7.415281
0.019171 0.846168 0.093387 -7.159356
0.004675 0.852636 0.106947 -7.365634
0.094406 0.790259 0.042684 -6.923195
0.154631 0.779995 0.108812 -6.299076
0.135972 0.765130 0.101612 -6.528817
0.134966 0.785130 0.070419 -6.331458
0.118289 0.775130 0.047223 -6.316454
0.152616 0.780000 0.046431 -6.145022
0.108812 0.779995 0.005369 -6.101315
0.160000 0.760000 0.080000 -6.579317
0.000000 0.840000 0.080000 -6.994290
0.033268 0.813732 0.061961 -7.007308
0.005496 0.819476 0.050859 -6.912727
0.022049 0.800524 0.024849 -6.975216
0.134315 0.760086 0.021265 -6.484218
0.105861 0.790259 0.068545 -7.063949
0.080000 0.800524 0.080000 -7.191098
0.107986 0.762700 0.090806 -6.511340
0.088478 0.780862 0.095992 -6.533516
0.045427 0.824673 0.118915 -7.215409
0.024087 0.843702 0.137216 -7.122617
0.046431 0.780000 0.007384 -6.357667
0.101612 0.765130 0.024028 -6.496019
0.116308 0.750007 0.063216 -6.307368
0.112563 0.745004 0.034293 -6.196991
0.065594 0.790259 0.117316 -7.189162
0.058226 0.804868 0.135910 -7.098879
0.050859 0.819476 0.154504 -7.145123
0.080000 0.800000 0.160000 -6.898754
0.112777 0.775130 0.118289 -6.346949
0.113569 0.780000 0.152616 -6.257272
0.125707 0.745004 0.112563 -6.294184
0.138735 0.760086 0.134315 -6.503254
0.070419 0.785130 0.025034 -6.272806
0.068545 0.790259 0.054139 -6.944155
0.080000 0.760000 0.000000 -6.367435
0.047223 0.775130 0.041711 -6.383595
0.089581 0.785130 0.134966 -6.399532
0.096784 0.750007 0.116308 -6.369657
0.042684 0.790259 0.065594 -7.007308
0.051845 0.802730 0.089224 -7.246510
0.065922 0.781499 0.084612 -6.544670
0.023690 0.804935 0.098448 -7.159356
0.006230 0.819477 0.110952 -7.257146
0.090806 0.762700 0.052014 -6.455550
0.154629 0.740000 0.108818 -6.299076
0.135469 0.745004 0.086017 -6.334087
0.152616 0.740000 0.046431 -6.145022
0.108818 0.740000 0.005371 -6.101315
0.160000 0.720000 0.080000 -5.402121
0.000000 0.800000 0.080000 -6.994290
0.005369 0.779995 0.051188 -6.228968
0.021265 0.760086 0.025685 -6.562217
0.134176 0.720014 0.021136 -5.329883
0.123764 0.725004 0.052357 -5.487485
0.112650 0.736353 0.092608 -6.472347
0.080000 0.760269 0.080000 -6.572766
0.098154 0.735011 0.071608 -6.545939
0.088392 0.735011 0.098154 -6.533516
0.069194 0.762700 0.107986 -6.505428
0.036489 0.785130 0.115442 -6.428214
0.024849 0.800524 0.137951 -7.122617
0.046431 0.740000 0.007384 -6.357667
0.086017 0.745004 0.024531 -6.312006
0.092608 0.736353 0.047350 -6.455411
0.101614 0.725004 0.024028 -5.362505
0.094409 0.710007 0.042685 -5.658632
0.080000 0.720000 0.000000 -5.226693
0.058388 0.765130 0.135972 -6.580133
0.051188 0.779995 0.154631 -6.258972
0.080000 0.760000 0.160000 -6.404915
0.135972 0.725004 0.101614 -5.377991
0.117315 0.710007 0.094409 -5.737265
0.107643 0.725004 0.123764 -5.484152
0.113569 0.740000 0.152616 -6.257272
0.138864 0.720014 0.134176 -5.326700
0.024028 0.765130 0.058388 -6.600376
0.052014 0.762700 0.069194 -6.624691
0.063216 0.750007 0.043692 -6.319634
0.034293 0.745004 0.047437 -6.318382
0.052357 0.725004 0.036236 -5.503426
0.073983 0.745004 0.135469 -6.353526
0.067392 0.736353 0.112650 -6.520992
0.043692 0.750007 0.096784 -6.504393
0.030258 0.775130 0.086915 -6.498683
0.007384 0.780000 0.113569 -6.406391
0.071608 0.735011 0.061846 -6.462527
0.061846 0.735011 0.088392 -6.544670
0.154629 0.700000 0.108818 -5.635480
0.135972 0.685004 0.101614 -5.377991
0.134966 0.705004 0.070420 -5.669073
0.118290 0.695004 0.047224 -5.487485
0.152616 0.700000 0.046431 -5.486923
0.108818 0.700000 0.005371 -5.456808
0.160000 0.680000 0.080000 -5.402121
0.000000 0.760000 0.080000 -6.558327
0.005371 0.740000 0.051182 -6.228968
0.021136 0.720014 0.025824 -5.385663
0.134152 0.680002 0.021114 -5.329883
0.068547 0.710007 0.054138 -5.600912
0.105862 0.710007 0.068547 -5.700884
0.080000 0.720014 0.080000 -5.308795
0.091453 0.710007 0.105862 -5.699881
0.047437 0.745004 0.125707 -6.395581
0.025685 0.760086 0.138735 -6.593954
0.047224 0.695004 0.041710 -5.503426
0.046431 0.700000 0.007384 -5.651998
0.070420 0.705004 0.025034 -5.611679
0.101614 0.685004 0.024028 -5.362505
0.090807 0.682505 0.052014 -5.294906
0.112563 0.665000 0.034293 -5.450793
0.116308 0.670000 0.063216 -5.462849
0.107986 0.682505 0.090807 -5.313660
0.080000 0.680000 0.000000 -5.226693
0.051182 0.740000 0.154629 -6.258972
0.080000 0.720000 0.160000 -5.210156
0.089580 0.705004 0.134966 -5.686392
0.112776 0.695004 0.118290 -5.484152
0.113569 0.700000 0.152616 -5.572779
0.138886 0.680002 0.134152 -5.326700
0.096784 0.670000 0.116308 -5.494568
0.125707 0.665000 0.112563 -5.525496
0.024531 0.745004 0.073983 -6.482252
0.047350 0.736353 0.067392 -6.568562
0.024028 0.725004 0.058386 -5.402641
0.042685 0.710007 0.065591 -5.732206
0.058386 0.725004 0.135972 -5.401053
0.065591 0.710007 0.117315 -5.711425
0.036236 0.725004 0.107643 -5.510859
0.007384 0.740000 0.113569 -6.406391
0.054138 0.710007 0.091453 -5.828676
0.154629 0.660000 0.108818 -4.391734
0.135469 0.665000 0.086017 -5.668798
0.135972 0.645000 0.101614 -4.647474
0.152616 0.660000 0.046431 -4.215186
0.123764 0.645000 0.052357 -4.629961
0.108818 0.660000 0.005371 -4.248846
0.160000 0.640000 0.080000 -4.714549
0.098154 0.655000 0.071608 -4.443398
0.063216 0.670000 0.043692 -5.446948
0.052014 0.682505 0.069193 -5.384548
0.000000 0.720000 0.080000 -5.275095
0.024028 0.685004 0.058386 -5.402641
0.005371 0.700000 0.051182 -5.532734
0.034293 0.665000 0.047437 -5.454464
0.021114 0.680002 0.025848 -5.385663
0.134149 0.640000 0.021111 -4.574852
0.080000 0.680007 0.080000 -5.308795
0.069193 0.682505 0.107986 -5.274343
0.025824 0.720014 0.138864 -5.347785
0.046431 0.660000 0.007384 -4.289277
0.086017 0.665000 0.024531 -5.656393
0.092608 0.656253 0.047350 -4.380733
0.101614 0.645000 0.024028 -4.628140
0.112650 0.656253 0.092608 -4.327125
0.080000 0.640000 0.000000 -4.483674
0.094409 0.630000 0.042685 -4.396195
0.105862 0.630000 0.068547 -4.427737
0.058386 0.685004 0.135972 -5.401053
0.051182 0.700000 0.154629 -5.564393
0.073983 0.665000 0.135469 -5.645245
0.080000 0.680000 0.160000 -5.210156
0.113569 0.660000 0.152616 -4.280192
0.138889 0.640000 0.134149 -4.598201
0.074016 0.656562 0.105664 -4.321329
0.107311 0.647500 0.120768 -4.336411
0.118615 0.623998 0.101307 -4.384737
0.117837 0.625000 0.125228 -4.377541
0.080000 0.640000 0.080000 -4.555684
0.025034 0.705004 0.089580 -5.740565
0.041710 0.695004 0.112776 -5.510859
0.007384 0.700000 0.113569 -5.612136
0.043692 0.670000 0.096784 -5.579794
0.154629 0.620000 0.108818 -4.391734
0.134966 0.625000 0.070420 -4.396883
0.152616 0.620000 0.046431 -4.215186
0.118290 0.615000 0.047224 -4.629961
0.101614 0.605000 0.024028 -4.628140
0.108818 0.620000 0.005371 -4.248846
0.160000 0.600000 0.080000 -3.593000
0.052357 0.645000 0.036236 -4.567901
0.066178 0.642500 0.058118 -4.526771
0.047350 0.656253 0.067392 -4.387691
0.024531 0.665000 0.073983 -5.733128
0.000000 0.680000 0.080000 -5.275095
0.024028 0.645000 0.058386 -4.596382
0.005371 0.660000 0.051182 -4.124143
0.021111 0.640000 0.025851 -4.559752
0.046431 0.620000 0.007384 -4.289277
0.134148 0.600000 0.021110 -3.436198
0.051247 0.643125 0.095019 -4.601354
0.047437 0.665000 0.125707 -5.543612
0.025848 0.680002 0.138886 -5.347785
0.070420 0.625000 0.025034 -4.334366
0.042685 0.630000 0.065591 -4.363751
0.096091 0.622500 0.089942 -4.326609
0.073212 0.616250 0.055939 -4.529781
0.080000 0.600000 0.000000 -3.405720
0.092086 0.601250 0.048070 -3.519575
0.088076 0.583125 0.030310 -3.678411
0.112083 0.605263 0.095144 -4.327125
0.116308 0.590000 0.063216 -3.574682
0.135469 0.585000 0.086017 -3.693591
0.085384 0.637500 0.125888 -4.505294
0.058386 0.645000 0.135972 -4.618658
0.051182 0.660000 0.154629 -4.188717
0.080000 0.640000 0.160000 -4.485178
0.113569 0.620000 0.152616 -4.280192
0.116489 0.604042 0.121328 -4.336411
0.134139 0.597986 0.103558 -3.458480
0.138890 0.600000 0.134148 -3.471243
0.065591 0.630000 0.117315 -4.351367
0.095357 0.609427 0.117708 -4.502704
0.058802 0.616250 0.093254 -4.556068
0.007384 0.660000 0.113569 -4.276732
0.029315 0.651562 0.104294 -4.318614
0.154629 0.580000 0.108818 -3.747558
0.152616 0.580000 0.046431 -3.564228
0.125228 0.575000 0.042163 -3.586371
0.108818 0.580000 0.005371 -3.579567
0.160000 0.560000 0.080000 -3.593000
0.047224 0.615000 0.041710 -4.567901
0.025034 0.625000 0.089580 -4.356936
0.000000 0.640000 0.080000 -4.454769
0.046431 0.580000 0.007384 -3.629138
0.024028 0.605000 0.058386 -4.596382
0.005371 0.620000 0.051182 -4.124143
0.021110 0.600000 0.025852 -3.383551
0.134148 0.560000 0.021110 -3.436198
0.036487 0.625000 0.115442 -4.278927
0.025851 0.640000 0.138889 -4.544197
0.063216 0.590000 0.043692 -3.334742
0.052014 0.602500 0.069193 -3.438260
0.082592 0.591869 0.082393 -3.363217
0.103205 0.576517 0.075604 -3.591332
0.099290 0.556250 0.029412 -3.673947
0.080000 0.560000 0.000000 -3.405720
0.074539 0.561250 0.036591 -3.339648
0.089762 0.572500 0.053454 -3.519575
0.112665 0.580145 0.107559 -3.621785
0.131088 0.563834 0.097314 -3.458480
0.138758 0.538498 0.081444 -2.964342
0.116548 0.553712 0.066980 -3.574682
0.072795 0.615000 0.138657 -4.496153
0.051182 0.620000 0.154629 -4.188717
0.107402 0.549755 0.094174 -3.613239
0.087630 0.575172 0.118611 -3.560500
0.080000 0.600000 0.160000 -3.340804
0.113569 0.580000 0.152616 -3.656102
0.138890 0.560000 0.134148 -3.471243
0.061357 0.598750 0.122918 -3.405255
0.066042 0.582500 0.107469 -3.544208
0.043692 0.590000 0.096784 -3.502892
0.007384 0.620000 0.113569 -4.276732
0.154629 0.540000 0.108818 -3.024952
0.152616 0.540000 0.046431 -2.808946
0.112563 0.530000 0.034293 -2.850971
0.108818 0.540000 0.005371 -2.813737
0.160000 0.520000 0.080000 -3.093622
0.036359 0.582500 0.043849 -3.515911
0.049787 0.566250 0.043770 -3.359805
0.051608 0.565000 0.061846 -3.404271
0.024531 0.585000 0.073983 -3.463058
0.000000 0.600000 0.080000 -3.270784
0.046431 0.540000 0.007384 -2.813261
0.021110 0.560000 0.025852 -3.383551
0.005371 0.580000 0.051182 -3.414163
0.134148 0.520000 0.021110 -3.015965
0.080000 0.520000 0.000000 -2.910316
0.121204 0.505000 0.041393 -2.883750
0.025852 0.600000 0.138890 -3.279529
0.058825 0.573750 0.084658 -3.485168
0.074196 0.557500 0.109077 -3.538020
0.080854 0.556320 0.080177 -3.363217
0.080000 0.540000 0.040000 -2.774484
0.036359 0.542500 0.043849 -3.515911
0.083446 0.497500 0.025246 -2.848091
0.065278 0.515000 0.026463 -2.815974
0.065278 0.535000 0.066463 -2.727765
0.094409 0.500000 0.042685 -2.827646
0.090793 0.527500 0.064839 -2.982808
0.112313 0.546983 0.120445 -3.651982
0.123397 0.534518 0.096678 -2.984307
0.117451 0.517307 0.069203 -3.045013
0.132698 0.512520 0.093590 -2.976958
0.097617 0.527532 0.091766 -2.960463
0.057122 0.567500 0.128522 -3.405255
0.051182 0.580000 0.154629 -3.546328
0.080000 0.540000 0.120000 -2.800986
0.080000 0.560000 0.160000 -3.340804
0.113569 0.540000 0.152616 -2.913050
0.138890 0.520000 0.134148 -3.072267
0.132284 0.497500 0.071015 -2.837323
0.041540 0.562500 0.110476 -3.319198
0.007384 0.580000 0.113569 -3.574029
0.154629 0.500000 0.108818 -3.024952
0.152616 0.500000 0.046431 -2.808946
0.108818 0.500000 0.005371 -2.813737
0.160000 0.480000 0.080000 -2.934616
0.025804 0.562500 0.070923 -3.463058
0.040000 0.540000 0.080000 -2.642871
0.000000 0.560000 0.080000 -3.270784
0.046431 0.500000 0.007384 -2.813261
0.021110 0.520000 0.025852 -2.905884
0.005371 0.540000 0.051182 -2.653767
0.129845 0.480000 0.048493 -2.856258
0.134148 0.480000 0.021110 -3.015965
0.101614 0.480000 0.024028 -2.791699
0.080000 0.480000 0.000000 -2.716664
0.065553 0.482347 0.026313 -2.815974
0.095424 0.482500 0.062629 -2.966509
0.031115 0.522500 0.062221 -2.899106
0.098017 0.523750 0.128821 -2.952586
0.025852 0.560000 0.138890 -3.279529
0.060000 0.540000 0.100000 -2.869951
0.047392 0.538965 0.121272 -2.691690
0.070000 0.520000 0.090000 -2.899315
0.051669 0.510161 0.053202 -2.722644
0.072292 0.482867 0.045536 -2.713306
0.049806 0.483313 0.037153 -2.736115
0.035915 0.499317 0.045301 -2.587398
0.051483 0.511581 0.081360 -2.764695
0.080575 0.500328 0.079161 -2.813694
0.106120 0.508446 0.108741 -2.854231
0.112877 0.490000 0.085145 -3.006315
0.125883 0.485000 0.109646 -2.897118
0.081340 0.511727 0.108757 -2.835649
0.062685 0.520312 0.127757 -2.794710
0.051182 0.540000 0.154629 -2.640362
0.080000 0.520000 0.160000 -2.854162
0.113569 0.500000 0.152616 -2.913050
0.111507 0.480000 0.129845 -2.978948
0.138890 0.480000 0.134148 -3.072267
0.136438 0.465000 0.082572 -2.745965
0.032436 0.524814 0.099372 -2.774839
0.007384 0.540000 0.113569 -2.589999
0.154629 0.460000 0.108818 -2.897489
0.132405 0.447500 0.059457 -2.775021
0.152616 0.460000 0.046431 -2.710366
0.108818 0.460000 0.005371 -2.720870
0.160000 0.440000 0.080000 -2.934616
0.134148 0.440000 0.021110 -2.833920
0.000000 0.520000 0.080000 -2.692960
0.102802 0.442031 0.026773 -2.791699
0.046431 0.460000 0.007384 -2.652056
0.080000 0.440000 0.000000 -2.716664
0.064314 0.450787 0.026411 -2.631902
0.021110 0.480000 0.025852 -2.905884
0.005371 0.500000 0.051182 -2.653767
0.027173 0.478377 0.053739 -2.443781
0.050397 0.459826 0.052791 -2.510954
0.107074 0.460000 0.050555 -2.703797
0.086176 0.455000 0.038509 -2.727663
0.073497 0.462500 0.067749 -2.702749
0.109445 0.460000 0.107074 -2.726037
0.096438 0.465000 0.082572 -2.702494
0.025870 0.502500 0.080593 -2.635595
0.081009 0.497701 0.131688 -2.802737
0.025852 0.520000 0.138890 -2.800195
0.051448 0.501852 0.110301 -2.675071
0.051106 0.481076 0.075459 -2.769344
0.083438 0.479745 0.103939 -2.683075
0.082387 0.456614 0.106184 -2.687436
0.051182 0.500000 0.154629 -2.640362
0.080593 0.462500 0.134130 -2.704413
0.080000 0.480000 0.160000 -2.684820
0.102041 0.446250 0.132239 -2.829185
0.113569 0.460000 0.152616 -2.732428
0.138890 0.440000 0.134148 -2.878005
0.131047 0.437701 0.107192 -2.890187
0.134579 0.420350 0.080679 -2.745965
0.112194 0.435000 0.072482 -2.862038
0.098620 0.423575 0.053020 -2.724950
0.110921 0.421673 0.124407 -2.813989
0.125298 0.407551 0.106751 -3.226740
0.007384 0.500000 0.113569 -2.589999
0.154629 0.420000 0.108818 -2.897489
0.122092 0.418207 0.048464 -3.346902
0.152616 0.420000 0.046431 -2.710366
0.108818 0.420000 0.005371 -2.720870
0.160000 0.400000 0.080000 -3.268594
0.134148 0.400000 0.021110 -3.205264
0.000000 0.480000 0.080000 -2.395767
0.110604 0.400532 0.033547 -3.102563
0.085124 0.420625 0.023090 -2.794249
0.058416 0.425312 0.028468 -2.631902
0.021110 0.440000 0.025852 -2.635252
0.046431 0.420000 0.007384 -2.652056
0.080000 0.400000 0.000000 -3.063654
0.070401 0.430625 0.049553 -2.657229
0.037886 0.425312 0.050368 -2.476246
0.005371 0.460000 0.051182 -2.361516
0.062003 0.456103 0.086992 -2.582133
0.046160 0.442348 0.072936 -2.560945
0.025870 0.462500 0.080593 -2.469993
0.044217 0.457459 0.087676 -2.523546
0.078458 0.438295 0.078703 -2.702749
0.090514 0.432500 0.111862 -2.687436
0.030882 0.472823 0.105207 -2.463278
0.056426 0.473698 0.131687 -2.637978
0.025852 0.480000 0.138890 -2.800195
0.052926 0.460000 0.109445 -2.543929
0.067743 0.445000 0.100204 -2.600937
0.064655 0.442500 0.130950 -2.637978
0.051182 0.460000 0.154629 -2.532232
0.080000 0.440000 0.160000 -2.684820
0.085257 0.416250 0.135931 -3.211457
0.113569 0.420000 0.152616 -2.732428
0.138890 0.400000 0.134148 -3.127085
0.133687 0.390893 0.072060 -3.204507
0.138878 0.391477 0.096574 -3.203700
0.089985 0.400518 0.049555 -3.048952
0.113956 0.408916 0.093187 -3.259724
0.110862 0.402656 0.075521 -3.190224
0.115693 0.391323 0.061650 -3.182534
0.116895 0.390391 0.120722 -3.183891
0.116826 0.382631 0.094484 -3.259724
0.102920 0.382636 0.054398 -3.253498
0.086758 0.410312 0.080622 -3.282624
0.096356 0.402366 0.107301 -3.052702
0.007384 0.460000 0.113569 -2.480350
0.154629 0.380000 0.108818 -3.441263
0.152616 0.380000 0.046431 -3.277743
0.130957 0.379438 0.048229 -3.332403
0.112563 0.370000 0.034293 -3.102563
0.108818 0.380000 0.005371 -3.313238
0.160000 0.360000 0.080000 -3.268594
0.134148 0.360000 0.021110 -3.205264
0.120276 0.360904 0.065355 -3.213892
0.000000 0.440000 0.080000 -2.395767
0.088132 0.375625 0.035356 -3.371979
0.055679 0.400625 0.036016 -2.986312
0.069777 0.387500 0.060151 -3.097279
0.033728 0.401250 0.048551 -2.847600
0.005371 0.420000 0.051182 -2.361516
0.021110 0.400000 0.025852 -3.026387
0.046431 0.380000 0.007384 -3.320614
0.086017 0.350000 0.024531 -4.444336
0.080000 0.360000 0.000000 -3.063654
0.046347 0.402500 0.071251 -3.228206
0.023173 0.421250 0.075625 -2.485525
0.053795 0.428361 0.093594 -2.512340
0.028510 0.445625 0.101958 -2.453398
0.071583 0.405000 0.116649 -3.175103
0.025852 0.440000 0.138890 -2.571646
0.048718 0.422500 0.127770 -2.561660
0.084184 0.382500 0.116479 -3.214232
0.051182 0.420000 0.154629 -2.532232
0.075792 0.382500 0.138325 -3.179912
0.080000 0.400000 0.160000 -2.967758
0.113569 0.380000 0.152616 -3.262446
0.138890 0.360000 0.134148 -3.127085
0.135469 0.350000 0.086017 -4.261690
0.123219 0.361307 0.109014 -3.226740
0.093516 0.380625 0.081244 -3.269110
0.096784 0.360000 0.116308 -3.052702
0.106546 0.360000 0.089762 -3.272112
0.089762 0.360000 0.053454 -3.048952
0.112350 0.342500 0.080685 -4.236018
0.060445 0.389375 0.095385 -3.012000
0.007384 0.420000 0.113569 -2.480350
0.154629 0.340000 0.108819 -4.066902
0.134196 0.322500 0.089077 -4.261690
0.152616 0.340000 0.046431 -3.961035
0.125228 0.340000 0.042163 -4.055386
0.108819 0.340000 0.005371 -3.978890
0.160000 0.320000 0.080000 -4.444599
0.134148 0.320000 0.021111 -4.367832
0.129077 0.322500 0.065804 -4.284346
0.098154 0.325000 0.051608 -4.215270
0.070238 0.360000 0.106546 -3.175103
0.049306 0.373750 0.074121 -3.228206
0.023173 0.381250 0.075625 -3.066394
0.000000 0.400000 0.080000 -2.775110
0.063216 0.360000 0.043692 -3.097463
0.035208 0.366875 0.049987 -2.847600
0.005371 0.380000 0.051182 -2.985685
0.071608 0.325000 0.041846 -4.169208
0.021110 0.360000 0.025852 -3.026387
0.046431 0.340000 0.007384 -4.074944
0.089641 0.315137 0.026118 -4.444336
0.080000 0.320000 0.000000 -4.249307
0.036099 0.401250 0.105070 -2.842142
0.055946 0.391875 0.121698 -2.990949
0.025852 0.400000 0.138890 -2.893044
0.056514 0.357500 0.131511 -3.000243
0.051182 0.380000 0.154629 -3.089884
0.117837 0.340000 0.125228 -3.980864
0.080000 0.360000 0.160000 -2.967758
0.138889 0.320000 0.134148 -4.236255
0.113569 0.340000 0.152616 -3.921939
0.123639 0.302500 0.116153 -4.243401
0.068257 0.333750 0.125755 -3.968179
0.108392 0.325000 0.098154 -4.213068
0.093047 0.336875 0.125492 -4.002800
0.080000 0.340000 0.080000 -3.942026
0.091175 0.321250 0.075342 -4.289845
0.061846 0.335000 0.108392 -3.942387
0.043692 0.360000 0.096784 -3.044213
0.007384 0.380000 0.113569 -3.079546
0.154628 0.300000 0.108822 -4.066902
0.120000 0.290000 0.080000 -5.321562
0.152616 0.300000 0.046431 -3.961035
0.116153 0.302500 0.036361 -4.229073
0.108822 0.300000 0.005372 -3.978890
0.160000 0.280000 0.080000 -5.228081
0.134152 0.280000 0.021114 -5.187975
0.098076 0.301250 0.058180 -4.213286
0.052266 0.345000 0.076991 -4.311324
0.055804 0.317500 0.060923 -4.261619
0.024531 0.350000 0.073983 -3.991379
0.028729 0.332500 0.091714 -3.973696
0.000000 0.360000 0.080000 -2.775110
0.038489 0.332500 0.046514 -3.996686
0.005371 0.340000 0.051181 -3.764323
0.080602 0.292781 0.038886 -5.342445
0.047064 0.303218 0.034720 -4.074612
0.021111 0.320000 0.025852 -4.287661
0.046431 0.300000 0.007384 -4.074944
0.063485 0.287308 0.024233 -5.721872
0.080000 0.280000 0.000000 -5.124468
0.137310 0.274999 0.094421 -5.133256
0.025852 0.360000 0.138890 -2.893044
0.034615 0.337500 0.110980 -3.825447
0.138886 0.280000 0.134152 -5.067862
0.051181 0.340000 0.154629 -3.799947
0.116537 0.276249 0.111619 -5.100014
0.107562 0.301250 0.129232 -3.960140
0.056512 0.317500 0.131510 -4.221569
0.080000 0.320000 0.160000 -4.118993
0.113569 0.300000 0.152616 -3.921939
0.101555 0.302500 0.105848 -4.209582
0.080000 0.310000 0.120000 -3.968179
0.084196 0.317500 0.099077 -4.352292
0.060000 0.310000 0.100000 -3.966171
0.080000 0.300000 0.080000 -3.950711
0.032926 0.315000 0.109445 -3.825447
0.007384 0.340000 0.113569 -3.848567
0.154620 0.259998 0.108842 -5.434879
0.100763 0.276014 0.070389 -5.198523
0.115885 0.273799 0.045301 -5.182553
0.126771 0.267500 0.072641 -5.321653
0.152616 0.260000 0.046431 -5.321134
0.079818 0.267619 0.047599 -5.271821
0.094864 0.271041 0.025643 -5.347207
0.108842 0.259998 0.005380 -5.383692
0.160000 0.240000 0.080000 -5.228081
0.134170 0.239998 0.021131 -5.187975
0.153796 0.219935 0.049110 -6.139663
0.094717 0.280000 0.113543 -5.440916
0.076567 0.281292 0.067991 -5.437639
0.052790 0.284039 0.067773 -5.505059
0.033311 0.305379 0.075994 -3.980982
0.000000 0.320000 0.080000 -4.109080
0.005372 0.300000 0.051178 -3.764323
0.029622 0.274378 0.052126 -5.199446
0.049689 0.274012 0.040407 -5.277202
0.021114 0.280000 0.025848 -5.192637
0.080000 0.240000 0.000000 -5.124468
0.046431 0.260000 0.007384 -5.566238
0.064987 0.247570 0.030621 -5.721872
0.134717 0.245000 0.093543 -5.133256
0.025852 0.320000 0.138889 -4.168263
0.138869 0.239998 0.134170 -5.067862
0.113569 0.260000 0.152616 -5.342712
0.048818 0.290000 0.124672 -5.306720
0.051178 0.300000 0.154628 -3.799947
0.080000 0.280000 0.160000 -4.947430
0.108260 0.249999 0.078825 -5.177405
0.109435 0.249999 0.107085 -5.100014
0.080148 0.274999 0.135426 -5.165495
0.070587 0.280000 0.104130 -5.071352
0.087946 0.254999 0.110901 -5.427865
0.053483 0.252524 0.057356 -5.590693
0.080000 0.260000 0.080000 -5.437639
0.080138 0.248934 0.055308 -5.316050
0.047803 0.283212 0.096628 -5.479173
0.007384 0.300000 0.113569 -3.848567
0.154574 0.219990 0.108959 -6.282786
0.106002 0.249584 0.048279 -5.182553
0.133543 0.245000 0.065283 -5.280496
0.095628 0.240573 0.030815 -5.300249
0.108260 0.229999 0.078825 -6.456591
0.120628 0.224998 0.035848 -6.580809
0.108959 0.219990 0.005426 -6.155742
0.078825 0.229999 0.051740 -6.396986
0.079413 0.214999 0.025870 -6.386509
0.134130 0.214999 0.079413 -6.471204
0.160000 0.200000 0.080000 -6.594790
0.130972 0.194818 0.065333 -6.442297
0.134848 0.199866 0.021762 -6.549767
0.152929 0.179998 0.047116 -6.139663
0.094717 0.245000 0.133543 -5.605075
0.124152 0.224998 0.120628 -6.454607
0.080000 0.219999 0.080000 -6.497773
0.049841 0.259257 0.083458 -5.510929
0.025273 0.268097 0.078780 -5.338006
0.000000 0.280000 0.080000 -5.039834
0.028897 0.240199 0.062600 -5.212341
0.005380 0.259998 0.051158 -5.337848
0.021131 0.239998 0.025830 -5.192637
0.035848 0.224998 0.039372 -6.608074
0.109665 0.179940 0.005703 -6.155742
0.080000 0.200000 0.000000 -6.471104
0.049110 0.219935 0.006204 -6.392747
0.050565 0.209998 0.052915 -6.400057
0.109122 0.213051 0.105953 -6.275065
0.134131 0.198610 0.098385 -6.457868
0.039382 0.264999 0.124161 -5.285388
0.025848 0.280000 0.138886 -5.104761
0.138238 0.199866 0.134848 -6.483415
0.110890 0.219935 0.153796 -6.203065
0.066457 0.245000 0.134717 -5.559569
0.080000 0.240000 0.160000 -4.947430
0.051158 0.259998 0.154620 -5.284552
0.048841 0.194998 0.029993 -6.717007
0.081175 0.229999 0.108260 -6.406186
0.052915 0.249999 0.109435 -5.557202
0.051740 0.229999 0.081175 -6.528823
0.033659 0.248537 0.104650 -5.276528
0.007384 0.260000 0.113569 -5.444019
0.154297 0.179940 0.109665 -6.282786
0.107085 0.209998 0.050565 -6.324232
0.100893 0.201392 0.081687 -6.469923
0.108375 0.194969 0.028134 -6.602846
0.080000 0.204999 0.060000 -6.419251
0.080000 0.189999 0.040000 -6.624167
0.120965 0.188393 0.077240 -6.487558
0.160000 0.160000 0.080000 -7.192097
0.127814 0.174638 0.051253 -6.349420
0.135627 0.159276 0.022505 -7.158947
0.153887 0.140264 0.049328 -7.283409
0.105578 0.162289 0.031313 -7.266818
0.109569 0.140376 0.005665 -7.134891
0.059041 0.219984 0.133292 -6.574655
0.094321 0.208929 0.129250 -6.388526
0.076726 0.203659 0.100572 -6.413233
0.063937 0.202546 0.083662 -6.511473
0.024509 0.233418 0.090038 -6.509147
0.000000 0.240000 0.080000 -5.039834
0.025283 0.204999 0.066457 -6.445733
0.035129 0.187546 0.051300 -6.356620
0.005426 0.219990 0.051041 -6.149137
0.021762 0.199866 0.025152 -6.615554
0.080000 0.160000 0.000000 -6.971007
0.047116 0.179998 0.007071 -6.392747
0.061416 0.175093 0.052608 -6.385708
0.119064 0.182084 0.103848 -6.483080
0.085401 0.178611 0.087806 -6.474334
0.137495 0.159276 0.135627 -7.081178
0.125862 0.152592 0.107224 -7.069904
0.136569 0.115213 0.023431 -7.158947
0.149282 0.080000 0.040000 -7.367229
0.039372 0.224998 0.124152 -6.694160
0.025830 0.239998 0.138869 -5.104761
0.112884 0.179998 0.152929 -6.203065
0.080000 0.200000 0.160000 -6.386715
0.051041 0.219990 0.154574 -6.182032
0.136569 0.115213 0.136569 -7.081178
0.044974 0.170093 0.036143 -7.323470
0.052915 0.209998 0.109435 -6.381263
0.051625 0.194969 0.131866 -6.609633
0.026457 0.204999 0.094717 -6.486948
0.006204 0.219935 0.110890 -6.305225
0.154335 0.140376 0.109569 -7.278397
0.160000 0.080000 0.080000 -7.554947
0.160000 0.120000 0.080000 -7.192097
0.155486 0.107118 0.106492 -7.467807
0.092789 0.171144 0.055656 -7.162117
0.070160 0.154273 0.043983 -7.104795
0.112654 0.162277 0.086349 -7.227888
0.132366 0.137726 0.074891 -7.253396
0.155407 0.107095 0.053284 -7.486372
0.101492 0.144638 0.056922 -7.162117
0.119030 0.129925 0.040177 -7.309280
0.066079 0.135615 0.032315 -7.291843
0.090746 0.132319 0.028461 -7.364509
0.080000 0.120000 0.000000 -6.971007
0.110829 0.109718 0.033628 -7.402581
0.106492 0.107118 0.004514 -7.322281
0.120000 0.080000 0.010718 -7.524927
0.073452 0.187318 0.121145 -6.560787
0.091075 0.174397 0.111837 -6.406186
0.103911 0.159842 0.129221 -7.243517
0.092142 0.177569 0.132640 -6.381824
0.047874 0.185093 0.087325 -6.528823
0.042833 0.160187 0.065215 -7.257133
0.000000 0.200000 0.080000 -6.448797
0.030611 0.176182 0.072837 -6.486178
0.005703 0.179940 0.050335 -6.149137
0.022505 0.159276 0.024373 -7.213621
0.049328 0.140264 0.006113 -7.211054
0.080000 0.080000 0.000000 -7.349787
0.067111 0.153242 0.077999 -7.305133
0.091389 0.146296 0.090783 -7.185758
0.097779 0.155004 0.106318 -7.084467
0.071788 0.157967 0.099765 -7.276407
0.110672 0.140264 0.153887 -7.130686
0.102672 0.133862 0.124791 -7.243517
0.123707 0.125200 0.118512 -7.256956
0.110845 0.135188 0.100454 -7.212139
0.117300 0.080000 0.045149 -7.406969
0.128841 0.080000 0.068561 -7.445912
0.128637 0.107356 0.110449 -7.386041
0.149282 0.080000 0.120000 -7.346631
0.129494 0.080000 0.093980 -7.436094
0.038669 0.184751 0.123493 -6.694160
0.025152 0.199866 0.138238 -6.571068
0.080000 0.160000 0.160000 -7.009304
0.050335 0.179940 0.154297 -6.182032
0.110894 0.093797 0.131844 -7.407405
0.106716 0.107095 0.155407 -7.313297
0.120000 0.080000 0.149282 -7.478102
0.041413 0.138912 0.036170 -7.287531
0.050687 0.137593 0.073805 -7.323114
0.052186 0.169637 0.108747 -7.373906
0.051309 0.155007 0.131541 -7.219093
0.026093 0.164819 0.094374 -7.353221
0.007071 0.179998 0.112884 -6.305225
0.130930 0.108863 0.084436 -7.469045
0.077427 0.134337 0.066677 -7.234704
0.103278 0.129308 0.076763 -7.276998
0.115166 0.112319 0.062742 -7.153697
0.060320 0.118547 0.047966 -7.128750
0.053284 0.107095 0.004593 -7.436551
0.087743 0.115433 0.055354 -7.154451
0.079134 0.106159 0.029932 -7.499434
0.094818 0.080000 0.034497 -7.422119
0.067522 0.080000 0.031403 -7.456427
0.073678 0.145000 0.125670 -7.167120
0.046725 0.147409 0.092857 -7.256734
0.080000 0.120000 0.160000 -7.009304
0.028176 0.138985 0.062118 -7.275649
0.000000 0.160000 0.080000 -7.050517
0.005665 0.140376 0.050431 -7.130698
0.023431 0.115213 0.023431 -7.213621
0.040000 0.080000 0.010718 -7.593212
0.067356 0.129999 0.091340 -7.314657
0.085014 0.131931 0.108065 -7.245829
0.088063 0.116931 0.133912 -7.270086
0.101787 0.107594 0.114406 -7.372282
0.111941 0.080000 0.087971 -7.411624
0.099451 0.080000 0.066903 -7.371193
0.113282 0.080000 0.114845 -7.348979
0.092729 0.080000 0.128358 -7.425455
0.073454 0.100000 0.143034 -7.484066
0.024373 0.159276 0.137495 -7.217419
0.050431 0.140376 0.154335 -7.274940
0.080000 0.080000 0.160000 -7.366134
0.061155 0.114811 0.081705 -7.314657
0.032417 0.112833 0.050737 -7.233237
0.035870 0.122390 0.082650 -7.247528
0.036210 0.133312 0.115977 -7.336767
0.006113 0.140264 0.110672 -7.243062
0.083404 0.105000 0.079121 -7.429286
0.058217 0.099304 0.062658 -7.430592
0.044420 0.080000 0.048264 -7.473645
0.074320 0.080000 0.063133 -7.412062
0.060432 0.118558 0.123413 -7.187786
0.053508 0.107118 0.155486 -7.515584
0.004514 0.107118 0.053508 -7.401350
0.000000 0.120000 0.080000 -7.050517
0.010718 0.080000 0.040000 -7.613897
0.072254 0.099279 0.109639 -7.443042
0.084076 0.080000 0.095865 -7.438146
0.066907 0.080000 0.126067 -7.480673
0.055932 0.096913 0.084140 -7.537112
0.023431 0.115213 0.136569 -7.217419
0.004593 0.107095 0.106716 -7.479661
0.040000 0.080000 0.149282 -7.584143
0.041682 0.098997 0.099396 -7.556683
0.030356 0.080000 0.069529 -7.545987
0.018605 0.105481 0.095814 -7.582492
0.055564 0.080000 0.077991 -7.525577
0.042609 0.080000 0.115900 -7.510342
0.000000 0.080000 0.080000 -7.529169
0.054712 0.080000 0.102679 -7.554975
0.010718 0.080000 0.120000 -7.621708
0.031255 0.080000 0.094631 -7.556683
