0.042500 0.014231 0.042000 0.591570
0.042500 0.041154 0.042000 0.634533
0.042500 0.037308 0.042000 0.631237
0.044500 0.041154 0.042000 0.635893
0.044500 0.018077 0.042000 0.603382
0.042500 0.018077 0.042000 0.600820
0.044500 0.037308 0.042000 0.632719
0.044500 0.021923 0.042000 0.610515
0.044500 0.033462 0.042000 0.628736
0.044500 0.025769 0.042000 0.617648
0.044500 0.029615 0.042000 0.624781
0.042500 0.033462 0.042000 0.627342
0.043530 0.034123 0.040578 0.631485
0.042500 0.021923 0.042000 0.607953
0.042500 0.025769 0.042000 0.615086
0.042500 0.029615 0.042000 0.622219
0.044500 -0.001154 0.042000 0.575749
0.044500 -0.005000 0.042000 0.578176
0.044500 0.002692 0.042000 0.575533
0.044500 0.014231 0.042000 0.596250
0.044500 0.006538 0.042000 0.579815
0.044500 0.010385 0.042000 0.586664
0.043493 0.010418 0.040543 0.587993
0.042500 0.010385 0.042000 0.582913
0.042452 0.016257 0.038389 0.606158
0.044545 0.016040 0.038560 0.608021
0.042453 0.012517 0.038409 0.596646
0.042500 0.045000 0.042000 0.636528
0.044500 0.045000 0.042000 0.637973
0.044537 0.042261 0.039208 0.639361
0.042458 0.039197 0.038837 0.637744
0.042463 0.042256 0.039173 0.637894
0.042454 0.035689 0.038538 0.636307
0.044541 0.039165 0.038861 0.639135
0.042500 -0.005000 0.042000 0.579432
0.044544 0.019955 0.038635 0.615098
0.042452 0.019950 0.038385 0.613015
0.044546 0.035001 0.038515 0.637552
0.044545 0.023507 0.038615 0.621732
0.044545 0.031201 0.038611 0.633044
0.044543 0.027433 0.038739 0.628712
0.042453 0.031504 0.038463 0.632181
0.042452 0.023679 0.038320 0.620087
0.042448 0.027642 0.038049 0.628091
0.042500 -0.001154 0.042000 0.577602
0.042500 0.006538 0.042000 0.578127
0.042500 0.002692 0.042000 0.577211
0.044533 -0.002292 0.039500 0.575163
0.044537 0.000814 0.039208 0.575459
0.042465 -0.002315 0.039322 0.577249
0.044554 -0.005000 0.037871 0.576633
0.044540 0.004408 0.038931 0.578880
0.044548 0.012306 0.038373 0.601554
0.044547 0.008334 0.038423 0.591112
0.042452 0.008810 0.038319 0.586910
0.044592 0.018067 0.034973 0.620714
0.042407 0.018095 0.034910 0.617960
0.042408 0.014545 0.035004 0.611148
0.044596 0.014495 0.034713 0.615176
0.042408 0.010930 0.034996 0.601553
0.042417 0.033731 0.035728 0.640012
0.042446 0.045000 0.037871 0.640741
0.043500 0.043789 0.037696 0.641014
0.044554 0.045000 0.037871 0.642266
0.044580 0.041670 0.035894 0.642478
0.042403 0.037622 0.034598 0.642060
0.042420 0.041703 0.035906 0.640922
0.044603 0.037303 0.034186 0.643977
0.042446 -0.005000 0.037871 0.577763
0.044590 0.021842 0.035160 0.627097
0.042406 0.021884 0.034845 0.625144
0.044599 0.032610 0.034483 0.643482
0.044589 0.025286 0.035252 0.633259
0.044590 0.029127 0.035145 0.637776
0.042399 0.030446 0.034318 0.639101
0.042406 0.025808 0.034840 0.632430
0.042459 0.000773 0.038876 0.577269
0.042449 0.005043 0.038088 0.579043
0.044571 0.002557 0.036611 0.577746
0.042419 -0.001757 0.035829 0.577122
0.044583 -0.001298 0.035662 0.574676
0.044612 -0.005000 0.033518 0.575724
0.044587 0.005752 0.035422 0.591118
0.044604 0.010295 0.034118 0.608427
0.044632 0.019883 0.032000 0.632087
0.042360 0.020039 0.031386 0.630590
0.043499 0.018235 0.031673 0.628374
0.044637 0.016786 0.031613 0.627730
0.042401 0.007595 0.034451 0.592706
0.042365 0.016229 0.031729 0.622987
0.042376 0.013054 0.032577 0.614162
0.044641 0.013156 0.031287 0.621867
0.042360 0.010302 0.031347 0.608831
0.026833 0.014231 0.042000 0.583826
0.042349 0.030620 0.030526 0.646143
0.042363 0.033858 0.031559 0.645124
0.044654 0.033775 0.030312 0.647967
0.042388 0.045000 0.033518 0.645183
0.042332 0.037385 0.029245 0.647530
0.042359 0.041395 0.031293 0.645482
0.044612 0.045000 0.033518 0.646791
0.044639 0.041417 0.031433 0.646976
0.044672 0.037434 0.028954 0.649419
0.042388 -0.005000 0.033518 0.576429
0.044632 0.023627 0.031930 0.638834
0.042359 0.023820 0.031319 0.637393
0.044643 0.029791 0.031125 0.647053
0.044624 0.026758 0.032598 0.640473
0.042359 0.027480 0.031297 0.641990
0.044684 0.030849 0.028045 0.650134
0.042321 0.028976 0.028433 0.648184
0.042396 0.002749 0.034121 0.580070
0.044618 0.002349 0.033057 0.585209
0.042360 -0.001415 0.031375 0.576531
0.044644 -0.001078 0.031036 0.581031
0.044672 -0.005000 0.028929 0.581150
0.042312 0.025604 0.027708 0.648307
0.044667 0.021743 0.029331 0.642698
0.042314 0.021979 0.027853 0.643582
0.044637 0.006336 0.031575 0.601991
0.044654 0.010251 0.030294 0.617201
0.044678 0.018680 0.028475 0.639692
0.042320 0.018097 0.028298 0.635576
0.044671 0.015452 0.028990 0.632436
0.042347 0.006462 0.030393 0.598196
0.044675 0.002900 0.028675 0.597123
0.042324 0.013213 0.028653 0.624195
0.044692 0.012446 0.027393 0.628425
0.042321 0.009637 0.028381 0.613313
0.028833 -0.001154 0.042000 0.571853
0.028833 -0.005000 0.042000 0.570731
0.028833 0.002692 0.042000 0.574687
0.028833 0.014231 0.042000 0.585513
0.026833 0.041154 0.042000 0.621372
0.026833 0.037308 0.042000 0.611017
0.028833 0.041154 0.042000 0.625606
0.028833 0.037308 0.042000 0.616466
0.026833 0.033462 0.042000 0.601410
0.028833 0.018077 0.042000 0.589273
0.026833 0.018077 0.042000 0.587585
0.028833 0.033462 0.042000 0.606111
0.028833 0.029615 0.042000 0.597045
0.028833 0.025769 0.042000 0.593403
0.028833 0.021923 0.042000 0.592396
0.027882 0.030422 0.040167 0.601105
0.026833 0.029615 0.042000 0.595647
0.026833 0.025769 0.042000 0.593742
0.026833 0.021923 0.042000 0.591345
0.028833 0.006538 0.042000 0.577659
0.028833 0.010385 0.042000 0.581754
0.027826 0.010421 0.040549 0.582009
0.026833 0.010385 0.042000 0.580066
0.026787 0.012538 0.038447 0.584880
0.028879 0.016054 0.038557 0.590068
0.026787 0.016316 0.038457 0.588639
0.042305 0.032609 0.027207 0.649480
0.044708 0.033543 0.026195 0.652042
0.042328 0.045000 0.028929 0.649867
0.042265 0.036727 0.024123 0.652599
0.042295 0.041028 0.026418 0.650462
0.044737 0.037244 0.023956 0.654363
0.043500 0.041109 0.026524 0.651156
0.044672 0.045000 0.028929 0.651561
0.044702 0.041222 0.026643 0.651814
0.026833 0.045000 0.042000 0.628383
0.028833 0.045000 0.042000 0.629277
0.028870 0.042261 0.039208 0.630663
0.027833 0.042382 0.039300 0.630148
0.026796 0.042256 0.039173 0.629297
0.042328 -0.005000 0.028929 0.576032
0.026833 -0.005000 0.042000 0.568515
0.044682 0.026156 0.028135 0.649912
0.044734 0.029630 0.024218 0.653889
0.042267 0.028620 0.024274 0.652223
0.042326 0.002576 0.028801 0.590141
0.044704 -0.000981 0.026506 0.590292
0.042296 -0.001203 0.026524 0.586506
0.044736 -0.005000 0.024090 0.592498
0.042266 0.023769 0.024215 0.652143
0.044721 0.021522 0.025201 0.652497
0.042282 0.020107 0.025429 0.646887
0.044701 0.007778 0.026738 0.616023
0.044731 0.003067 0.024440 0.606257
0.044727 0.016194 0.024760 0.643691
0.042267 0.016339 0.024308 0.640688
0.042287 0.006602 0.025829 0.608788
0.044739 0.011480 0.023801 0.631667
0.042267 0.011366 0.024301 0.626313
0.026833 -0.001154 0.042000 0.570288
0.026833 0.006538 0.042000 0.575959
0.026833 0.002692 0.042000 0.573121
0.028870 0.000814 0.039208 0.574581
0.028866 -0.002292 0.039500 0.572186
0.026798 -0.002315 0.039322 0.570631
0.028888 -0.005000 0.037871 0.570971
0.028874 0.004408 0.038932 0.577556
0.028881 0.012307 0.038372 0.586514
0.026792 0.039197 0.038837 0.624640
0.026788 0.035689 0.038538 0.616003
0.028875 0.039165 0.038861 0.629703
0.028880 0.034905 0.038475 0.619763
0.026787 0.031504 0.038463 0.604776
0.028878 0.019974 0.038628 0.593338
0.026786 0.020001 0.038433 0.592259
0.028879 0.031006 0.038546 0.609070
0.028878 0.027284 0.038598 0.599404
0.028878 0.023509 0.038633 0.593792
0.026781 0.027778 0.038026 0.597120
0.026785 0.023674 0.038333 0.594810
0.028880 0.008332 0.038424 0.582172
0.026785 0.008808 0.038322 0.580927
0.026741 0.010931 0.034995 0.585541
0.026741 0.014545 0.035004 0.589450
0.028926 0.018081 0.034959 0.594392
0.028929 0.014495 0.034713 0.591515
0.026740 0.018149 0.034930 0.593192
0.027833 0.017281 0.033290 0.594569
0.044771 0.033305 0.021389 0.656795
0.044786 0.029707 0.020236 0.657836
0.042233 0.032582 0.021697 0.654844
0.042210 0.029135 0.019957 0.656440
0.042201 0.036818 0.019304 0.657292
0.042264 0.045000 0.024090 0.654702
0.042230 0.040751 0.021497 0.655268
0.044802 0.036687 0.019057 0.659200
0.044767 0.040922 0.021739 0.656663
0.044736 0.045000 0.024090 0.656096
0.026779 0.045000 0.037871 0.631601
0.028888 0.045000 0.037871 0.632544
0.028914 0.041690 0.035875 0.633415
0.026753 0.041703 0.035906 0.632354
0.042264 -0.005000 0.024090 0.583314
0.026779 -0.005000 0.037871 0.569321
0.044760 0.024896 0.022215 0.655740
0.042219 0.025044 0.020611 0.655688
0.042259 0.002912 0.023712 0.601098
0.044766 -0.000984 0.021797 0.598977
0.042230 -0.000936 0.021515 0.596909
0.044802 -0.005000 0.019078 0.602250
0.042226 0.020099 0.021207 0.653178
0.044776 0.019754 0.021043 0.655015
0.044796 0.003096 0.019527 0.614595
0.044761 0.007048 0.022132 0.621650
0.044789 0.010826 0.020068 0.636047
0.044782 0.014703 0.020597 0.646374
0.042219 0.014979 0.020659 0.642720
0.042231 0.007179 0.021558 0.618687
0.042210 0.010862 0.019947 0.631977
0.026792 0.000773 0.038876 0.573076
0.026782 0.005043 0.038088 0.577012
0.028904 0.002557 0.036611 0.577056
0.026752 -0.001756 0.035829 0.572587
0.028917 -0.001298 0.035662 0.574691
0.028945 -0.005000 0.033518 0.572992
0.028920 0.005754 0.035422 0.581495
0.028937 0.010295 0.034120 0.587392
0.026751 0.033731 0.035728 0.618313
0.026736 0.037622 0.034597 0.631250
0.028937 0.037268 0.034159 0.635564
0.028932 0.032602 0.034507 0.624555
0.026732 0.030445 0.034317 0.613273
0.028923 0.021869 0.035172 0.596433
0.026740 0.021869 0.034892 0.595834
0.028926 0.028963 0.034951 0.613529
0.028922 0.025290 0.035246 0.602820
0.026738 0.025894 0.034787 0.600339
0.026734 0.007595 0.034451 0.582306
0.026693 0.010302 0.031347 0.587377
0.026709 0.013055 0.032577 0.589524
0.028974 0.013156 0.031287 0.592526
0.028965 0.019889 0.031989 0.600118
0.026698 0.016229 0.031729 0.593552
0.028970 0.016788 0.031611 0.596048
0.026694 0.020074 0.031385 0.598526
0.044833 0.026966 0.016682 0.661279
0.044834 0.032314 0.016613 0.661497
0.042162 0.027406 0.016317 0.659935
0.043501 0.032426 0.016687 0.660572
0.042169 0.032561 0.016863 0.659549
0.042153 0.037011 0.015625 0.660879
0.042169 0.040628 0.016851 0.659788
0.042198 0.045000 0.019078 0.657865
0.044864 0.037083 0.014347 0.663875
0.044833 0.040756 0.016711 0.661304
0.044802 0.045000 0.019078 0.657676
0.026722 0.045000 0.033518 0.634994
0.028945 0.045000 0.033518 0.635988
0.028972 0.041433 0.031432 0.636984
0.026692 0.041396 0.031293 0.636180
0.042198 -0.005000 0.019078 0.594579
0.026722 -0.005000 0.033518 0.571252
0.044829 0.022339 0.016971 0.658419
0.042167 0.022450 0.016728 0.656367
0.042196 0.003128 0.018868 0.611368
0.042163 -0.000972 0.016366 0.605506
0.044828 -0.001058 0.017095 0.608670
0.044868 -0.005000 0.014052 0.610908
0.044847 0.002844 0.015599 0.620467
0.042167 0.017576 0.016706 0.653020
0.044832 0.017150 0.016732 0.654388
0.044832 0.007368 0.016801 0.631534
0.044833 0.012330 0.016681 0.646090
0.042163 0.012676 0.016370 0.643074
0.042162 0.007421 0.016278 0.628023
0.026730 0.002749 0.034121 0.576738
0.028951 0.002349 0.033057 0.578839
0.026694 -0.001416 0.031375 0.574811
0.028978 -0.001071 0.031043 0.577001
0.029005 -0.005000 0.028929 0.574791
0.028971 0.006344 0.031574 0.584510
0.028987 0.010250 0.030291 0.589954
0.026682 0.030620 0.030525 0.623979
0.026696 0.033858 0.031559 0.629655
0.028988 0.033731 0.030231 0.637751
0.026666 0.037385 0.029245 0.636725
0.029006 0.037440 0.028882 0.639791
0.028976 0.029814 0.031138 0.626380
0.026692 0.027480 0.031296 0.613202
0.026693 0.023820 0.031349 0.604293
0.028966 0.023629 0.031929 0.607539
0.028957 0.026757 0.032598 0.614109
0.029017 0.030881 0.028024 0.636736
0.026681 0.006462 0.030393 0.583332
0.029009 0.002924 0.028683 0.582151
0.026655 0.028976 0.028433 0.625200
0.029000 0.021744 0.029331 0.609984
0.026654 0.009637 0.028380 0.588293
0.026658 0.013213 0.028652 0.592415
0.029026 0.012447 0.027394 0.596446
0.029005 0.015453 0.028991 0.599160
0.026645 0.025595 0.027708 0.618016
0.029011 0.018682 0.028471 0.606502
0.026653 0.018093 0.028293 0.601529
0.026647 0.021969 0.027852 0.609577
0.011167 0.014231 0.042000 0.570644
0.044891 0.033306 0.012253 0.665843
0.044887 0.024646 0.012557 0.661713
0.044887 0.029507 0.012588 0.665404
0.042111 0.024924 0.012411 0.659669
0.042108 0.029742 0.012243 0.663570
0.042103 0.034684 0.011820 0.664518
0.044939 0.037240 0.008645 0.667628
0.042100 0.040396 0.011627 0.663750
0.042132 0.045000 0.014052 0.661792
0.044949 0.041711 0.007840 0.668662
0.044898 0.041304 0.011740 0.663039
0.044868 0.045000 0.014052 0.663694
0.026661 0.045000 0.028929 0.638571
0.029005 0.045000 0.028929 0.640236
0.011167 0.041154 0.042000 0.597911
0.013167 0.041154 0.042000 0.600706
0.029035 0.041169 0.026640 0.641218
0.027833 0.041098 0.026524 0.640519
0.026628 0.041031 0.026419 0.640059
0.042132 -0.005000 0.014052 0.603525
0.026661 -0.005000 0.028929 0.573222
0.044934 -0.005000 0.009026 0.619566
0.013167 -0.001154 0.042000 0.559592
0.013167 -0.005000 0.042000 0.556793
0.044886 0.020000 0.012660 0.657967
0.044888 0.014925 0.012499 0.654374
0.042114 0.020000 0.012660 0.655657
0.042100 -0.001448 0.011583 0.611479
0.042133 0.002781 0.014080 0.618196
0.044899 -0.000424 0.011675 0.621360
0.044892 0.004964 0.012211 0.632291
0.043501 -0.001251 0.008473 0.619540
0.044957 -0.001236 0.007285 0.629153
0.042111 0.015104 0.012400 0.652841
0.044887 0.009969 0.012619 0.646083
0.042108 0.010351 0.012224 0.643129
0.042105 0.006407 0.011966 0.632143
0.044943 0.012500 0.008330 0.654251
0.013167 0.018077 0.042000 0.576054
0.011167 0.018077 0.042000 0.574366
0.011167 0.037308 0.042000 0.594259
0.013167 0.037308 0.042000 0.596796
0.011167 0.033462 0.042000 0.589405
0.011167 0.021923 0.042000 0.578126
0.013167 0.021923 0.042000 0.579813
0.011167 0.029615 0.042000 0.585645
0.011167 0.025769 0.042000 0.581886
0.013167 0.025769 0.042000 0.583573
0.012218 0.030404 0.040167 0.588759
0.013167 0.033462 0.042000 0.591092
0.013167 0.029615 0.042000 0.587333
0.026660 0.002574 0.028801 0.579598
0.029037 -0.000964 0.026493 0.578700
0.026630 -0.001210 0.026513 0.576891
0.029069 -0.005000 0.024090 0.576324
0.029034 0.007801 0.026780 0.589124
0.029064 0.003133 0.024443 0.584759
0.026639 0.032609 0.027206 0.635010
0.029042 0.033531 0.026172 0.642024
0.026598 0.036727 0.024119 0.641643
0.029070 0.037240 0.023981 0.643939
0.029016 0.026156 0.028136 0.624850
0.029066 0.029657 0.024304 0.641288
0.045000 0.025000 0.000000 0.666079
0.045000 0.025000 0.004000 0.664808
0.044943 0.022500 0.008330 0.661388
0.042057 0.022500 0.008330 0.658983
0.045000 0.020000 0.000000 0.662083
0.026621 0.006602 0.025828 0.586133
0.026600 0.028620 0.024274 0.632813
0.029054 0.021529 0.025200 0.619679
0.029060 0.016196 0.024759 0.609379
0.029073 0.011483 0.023806 0.602295
0.026600 0.011366 0.024300 0.594302
0.026601 0.016339 0.024311 0.606389
0.026599 0.023760 0.024176 0.622500
0.026615 0.020049 0.025433 0.610765
0.013167 0.002692 0.042000 0.562420
0.013167 0.014231 0.042000 0.572290
0.013167 0.010385 0.042000 0.568124
0.013167 0.006538 0.042000 0.565258
0.012157 0.010419 0.040548 0.568305
0.011167 0.010385 0.042000 0.566530
0.011120 0.016321 0.038491 0.576444
0.013212 0.016054 0.038557 0.576739
0.011121 0.012534 0.038493 0.571883
0.011167 0.045000 0.042000 0.599830
0.013167 0.045000 0.042000 0.602032
0.044941 0.031808 0.008487 0.668774
0.044945 0.027298 0.008207 0.665262
0.042057 0.027500 0.008330 0.662979
0.042055 0.032382 0.008185 0.666925
0.045000 0.035000 0.004000 0.670326
0.045000 0.030000 0.004000 0.668804
0.045000 0.035000 0.000000 0.669963
0.045000 0.030000 0.000000 0.669393
0.013203 0.042261 0.039208 0.601142
0.012167 0.042382 0.039300 0.599735
0.011129 0.042256 0.039173 0.598550
0.045000 0.040000 0.004000 0.672720
0.042047 0.037297 0.007547 0.667998
0.042042 0.041434 0.007196 0.667382
0.042066 0.045000 0.009026 0.670357
0.045000 0.045000 0.004000 0.682022
0.043499 0.042893 0.006136 0.673008
0.044934 0.045000 0.009026 0.672313
0.045000 0.040000 0.000000 0.680581
0.045000 0.042500 0.002000 0.681383
0.026598 0.045000 0.024090 0.643480
0.029069 0.045000 0.024090 0.645266
0.045000 0.045000 0.000000 0.690046
0.011125 0.039201 0.038837 0.596891
0.011122 0.035686 0.038569 0.594266
0.013208 0.039165 0.038861 0.599814
0.011167 -0.005000 0.042000 0.555228
0.029099 0.040804 0.021793 0.646255
0.026564 0.040747 0.021495 0.644838
0.043500 -0.002505 0.006238 0.621783
0.042043 -0.001900 0.007260 0.616833
0.042066 -0.005000 0.009026 0.611826
0.026598 -0.005000 0.024090 0.574670
0.045000 -0.005000 0.004000 0.629067
0.045000 -0.002500 0.002000 0.637869
0.011167 -0.001154 0.042000 0.558027
0.011167 0.006538 0.042000 0.563692
0.011167 0.002692 0.042000 0.560854
0.013200 -0.002292 0.039500 0.559925
0.013203 0.000814 0.039208 0.562321
0.011131 -0.002314 0.039322 0.558581
0.013221 -0.005000 0.037871 0.558762
0.045000 0.000000 0.004000 0.638441
0.045000 0.000000 0.000000 0.646670
0.044943 0.017500 0.008330 0.657392
0.045000 0.020000 0.004000 0.660812
0.042057 0.017500 0.008330 0.654987
0.045000 0.015000 0.000000 0.658087
0.042059 0.002467 0.008453 0.626491
0.044944 0.007463 0.008268 0.646144
0.044951 0.002534 0.007687 0.635367
0.043501 -0.000001 0.006495 0.625952
0.045000 0.015000 0.004000 0.656817
0.042055 0.012664 0.008197 0.652654
0.042055 0.007817 0.008195 0.642389
0.045000 0.010000 0.004000 0.654132
0.045000 0.005000 0.004000 0.647814
0.045000 0.010000 0.000000 0.655066
0.045000 0.005000 0.000000 0.655490
0.013211 0.019974 0.038628 0.580624
0.011120 0.019998 0.038473 0.579492
0.013213 0.034905 0.038475 0.595342
0.011120 0.031490 0.038443 0.590264
0.011119 0.023668 0.038343 0.582696
0.013211 0.023509 0.038633 0.584075
0.011115 0.027643 0.038051 0.586810
0.013211 0.027284 0.038598 0.587793
0.013212 0.031006 0.038546 0.591474
0.026593 0.002912 0.023721 0.582798
0.029099 -0.000963 0.021804 0.581256
0.026564 -0.000927 0.021510 0.579320
0.029135 -0.005000 0.019078 0.577911
0.029129 0.003096 0.019532 0.590307
0.029095 0.007048 0.022134 0.594599
0.029135 0.036677 0.019067 0.649044
0.029104 0.033255 0.021403 0.646575
0.026566 0.032586 0.021696 0.641734
0.026535 0.036818 0.019304 0.647033
0.029120 0.029429 0.020230 0.646345
0.026543 0.029145 0.019946 0.641655
0.029096 0.024881 0.022036 0.636057
0.042500 0.027500 0.000000 0.665994
0.042000 0.025000 0.004000 0.662309
0.042500 0.022500 0.000000 0.661998
0.042000 0.020000 0.004000 0.658313
0.042500 0.017500 0.000000 0.658003
0.029122 0.010828 0.020069 0.608073
0.026564 0.007164 0.021554 0.589518
0.026552 0.025085 0.020587 0.631378
0.026543 0.010852 0.019953 0.602693
0.029115 0.014705 0.020597 0.614431
0.029109 0.019757 0.021033 0.624392
0.026553 0.014972 0.020677 0.610685
0.026560 0.020042 0.021211 0.620553
0.013207 0.004408 0.038932 0.565078
0.013214 0.012307 0.038373 0.572812
0.013259 0.018080 0.034959 0.582356
0.013214 0.008334 0.038424 0.568473
0.011118 0.008869 0.038271 0.567680
0.012166 0.018158 0.035060 0.582111
0.011075 0.018158 0.035013 0.581912
0.011075 0.014581 0.035034 0.577585
0.013263 0.014495 0.034713 0.578271
0.011074 0.010938 0.034972 0.573259
0.011112 0.045000 0.037871 0.600803
0.013221 0.045000 0.037871 0.601643
0.042500 0.037500 0.000000 0.670545
0.042000 0.030000 0.004000 0.666305
0.042000 0.035000 0.004000 0.669802
0.042500 0.032500 0.000000 0.668796
0.013247 0.041690 0.035875 0.600807
0.011086 0.041703 0.035906 0.599034
0.042000 0.040000 0.004000 0.671102
0.042000 0.045000 0.004000 0.680404
0.042500 0.042500 0.000000 0.684039
0.026532 0.045000 0.019078 0.648666
0.029135 0.045000 0.019078 0.650476
0.040000 0.045000 0.000000 0.684776
0.037778 0.045000 0.004000 0.676556
0.011084 0.033719 0.035701 0.594589
0.011069 0.037480 0.034580 0.596435
0.012175 0.039371 0.032862 0.599316
0.013270 0.037269 0.034159 0.598941
0.011112 -0.005000 0.037871 0.558465
0.045000 -0.005000 0.000000 0.637297
0.029166 0.040742 0.016695 0.652652
0.026502 0.040628 0.016851 0.650455
0.042000 0.000000 0.004000 0.626638
0.042000 -0.005000 0.004000 0.620127
0.026532 -0.005000 0.019078 0.576169
0.041725 -0.001112 0.002333 0.625718
0.042500 -0.002500 0.000000 0.629722
0.039375 -0.001657 0.004000 0.620777
0.011126 0.000772 0.038876 0.560814
0.011115 0.005047 0.038072 0.564292
0.013238 0.002557 0.036611 0.564795
0.011085 -0.001761 0.035827 0.562277
0.013250 -0.001298 0.035662 0.563003
0.013278 -0.005000 0.033518 0.562991
0.042500 0.002500 0.000000 0.641350
0.042000 0.015000 0.004000 0.654689
0.042500 0.012500 0.000000 0.654755
0.042000 0.005000 0.004000 0.641102
0.042000 0.010000 0.004000 0.652361
0.042500 0.007500 0.000000 0.652426
0.040000 0.002500 -0.002000 0.640424
0.040000 0.035000 0.000000 0.669091
0.040000 0.030000 0.000000 0.665909
0.040000 0.025000 0.000000 0.661913
0.040000 0.025000 -0.004000 0.663184
0.040000 0.030000 -0.004000 0.667180
0.040000 0.035000 -0.004000 0.668728
0.029197 0.037078 0.014345 0.655806
0.026486 0.037011 0.015625 0.654152
0.011074 0.021860 0.034962 0.585672
0.013257 0.021869 0.035172 0.585461
0.013265 0.032602 0.034507 0.596286
0.011066 0.030425 0.034332 0.592441
0.011073 0.025814 0.034883 0.588073
0.013256 0.025290 0.035246 0.588543
0.013259 0.028963 0.034951 0.592372
0.026529 0.003101 0.018900 0.585589
0.029161 -0.001057 0.017094 0.585108
0.026496 -0.001003 0.016375 0.581958
0.029201 -0.005000 0.014052 0.581850
0.029181 0.002845 0.015599 0.598709
0.040000 0.020000 0.000000 0.657918
0.040000 0.015000 0.000000 0.654443
0.040000 0.020000 -0.004000 0.659188
0.040000 0.015000 -0.004000 0.655378
0.029165 0.007370 0.016801 0.607718
0.029168 0.032315 0.016596 0.652881
0.027834 0.032404 0.016691 0.651628
0.026503 0.032560 0.016863 0.649824
0.029166 0.026938 0.016702 0.646353
0.026495 0.027421 0.016324 0.642152
0.029163 0.022324 0.016957 0.637595
0.037769 0.026675 0.004000 0.660123
0.037781 0.021681 0.004000 0.656141
0.037795 0.016711 0.004000 0.653004
0.029166 0.012331 0.016681 0.617167
0.026494 0.007390 0.016234 0.601986
0.026501 0.022453 0.016717 0.631084
0.026496 0.012693 0.016348 0.614545
0.029166 0.017162 0.016700 0.627487
0.026501 0.017619 0.016714 0.624345
0.013253 0.005754 0.035422 0.567719
0.013270 0.010295 0.034121 0.573772
0.013298 0.019889 0.031989 0.587331
0.011029 0.019934 0.031501 0.587337
0.013303 0.016788 0.031611 0.583953
0.011066 0.007668 0.034364 0.569943
0.011032 0.016213 0.031740 0.582634
0.011043 0.013060 0.032582 0.578049
0.013308 0.013155 0.031287 0.579886
0.011026 0.010411 0.031347 0.576142
0.011055 0.045000 0.033518 0.604972
0.013278 0.045000 0.033518 0.609375
0.040000 0.040000 0.000000 0.676230
0.037500 0.040000 -0.002000 0.671153
0.040000 0.040000 -0.004000 0.676604
0.037929 0.036615 0.004000 0.669384
0.037898 0.031775 0.004000 0.664306
0.013306 0.041433 0.031432 0.607231
0.011026 0.041317 0.031308 0.602962
0.037500 0.042500 0.000000 0.677285
0.037821 0.041435 0.004000 0.671520
0.034892 0.042125 0.002000 0.669713
0.026466 0.045000 0.014052 0.654018
0.029232 0.041330 0.011708 0.658826
0.029201 0.045000 0.014052 0.656565
0.035000 0.045000 0.000000 0.674247
0.033556 0.045000 0.004000 0.667664
0.036892 0.036708 0.000000 0.669245
0.036678 0.036176 -0.004000 0.668024
0.011016 0.030602 0.030529 0.597170
0.011030 0.033830 0.031576 0.596744
0.011000 0.037334 0.029320 0.598937
0.013339 0.037440 0.028882 0.605985
0.013322 0.033731 0.030231 0.598835
0.011055 -0.005000 0.033518 0.562678
0.040000 -0.005000 0.000000 0.621478
0.035670 0.022500 -0.004000 0.657579
0.029283 0.041711 0.007840 0.662720
0.026434 0.040396 0.011627 0.658340
0.038773 0.002223 0.004000 0.628238
0.040000 0.000000 0.000000 0.630202
0.036634 -0.000584 0.004000 0.621604
0.037778 -0.005000 0.004000 0.613331
0.037500 0.000000 -0.002000 0.631909
0.040000 0.000000 -0.004000 0.636508
0.026466 -0.005000 0.014052 0.578347
0.037500 -0.002500 0.000000 0.624007
0.011063 0.002753 0.034103 0.566500
0.013284 0.002349 0.033058 0.567598
0.011027 -0.001382 0.031378 0.566797
0.013311 -0.001072 0.031043 0.567618
0.013339 -0.005000 0.028929 0.567449
0.029267 -0.005000 0.009026 0.593424
0.040000 0.010000 0.000000 0.652115
0.040000 0.005000 0.000000 0.644340
0.037906 0.011786 0.004000 0.650452
0.037871 0.006468 0.004000 0.638342
0.036325 0.003314 0.000000 0.635057
0.040000 0.005000 -0.004000 0.649603
0.040000 0.010000 -0.004000 0.653049
0.036441 0.003171 -0.004000 0.640644
0.035670 0.022500 0.000000 0.656308
0.036407 0.032541 0.000000 0.665277
0.035996 0.027723 0.000000 0.660753
0.035835 0.027378 -0.004000 0.661615
0.036266 0.032276 -0.004000 0.666315
0.029225 0.033300 0.012270 0.657290
0.029272 0.037239 0.008645 0.663149
0.026436 0.034684 0.011820 0.658894
0.011028 0.023713 0.031430 0.591878
0.013299 0.023629 0.031929 0.591196
0.013310 0.029814 0.031139 0.596273
0.011028 0.027199 0.031450 0.593863
0.013290 0.026757 0.032598 0.592111
0.013351 0.030881 0.028024 0.599987
0.010988 0.028957 0.028428 0.599033
0.026433 -0.001443 0.011588 0.589369
0.026466 0.002789 0.014072 0.594839
0.029232 -0.000424 0.011675 0.599236
0.027834 -0.001251 0.008473 0.600643
0.029290 -0.001236 0.007285 0.607231
0.029225 0.004965 0.012211 0.612026
0.036100 0.017771 0.000000 0.653432
0.036094 0.013220 0.000000 0.651308
0.035693 0.017536 -0.004000 0.654016
0.035614 0.012788 -0.004000 0.651758
0.029220 0.009969 0.012620 0.620217
0.026438 0.006419 0.011967 0.608987
0.029220 0.029501 0.012610 0.652311
0.026442 0.029745 0.012248 0.648032
0.033676 0.028399 0.004000 0.658091
0.029221 0.024650 0.012567 0.647485
0.026444 0.024938 0.012391 0.643177
0.031630 0.020184 -0.004000 0.653293
0.029219 0.020000 0.012660 0.639395
0.033625 0.013343 0.004000 0.646947
0.032035 0.020358 0.000000 0.652237
0.033594 0.023341 0.004000 0.653980
0.033600 0.018355 0.004000 0.651293
0.029222 0.014942 0.012487 0.631145
0.026442 0.010349 0.012239 0.617892
0.029276 0.012500 0.008330 0.634217
0.026447 0.020000 0.012660 0.634572
0.026444 0.015119 0.012430 0.627515
0.010978 0.025623 0.027695 0.597747
0.013333 0.021744 0.029331 0.592067
0.010982 0.021720 0.027976 0.592786
0.013304 0.006341 0.031575 0.572188
0.013321 0.010249 0.030291 0.577655
0.013345 0.018681 0.028471 0.589190
0.013338 0.015453 0.028990 0.584815
0.010986 0.017775 0.028261 0.587771
0.011014 0.006482 0.030430 0.573123
0.013342 0.002923 0.028683 0.572172
0.010990 0.013316 0.028560 0.582250
0.013359 0.012446 0.027394 0.583174
0.010987 0.009671 0.028352 0.578731
0.010995 0.045000 0.028929 0.612052
0.013339 0.045000 0.028929 0.615982
0.033607 0.038084 0.004000 0.667750
0.035000 0.040000 0.000000 0.669339
0.035000 0.040000 -0.004000 0.668229
0.033686 0.033391 0.004000 0.662797
0.013369 0.041169 0.026640 0.613232
0.012167 0.041091 0.026534 0.612065
0.010963 0.041105 0.026494 0.610764
0.032500 0.042500 0.000000 0.668862
0.032283 0.041750 0.004000 0.668076
0.026399 0.045000 0.009026 0.660463
0.029267 0.045000 0.009026 0.661072
0.030000 0.045000 0.000000 0.668351
0.030000 0.040000 -0.004000 0.668407
0.029333 0.045000 0.004000 0.665937
0.026375 0.041434 0.007196 0.662597
0.027832 0.042893 0.006136 0.663909
0.032513 0.035513 0.000000 0.665029
0.032215 0.035409 -0.004000 0.666887
0.010972 0.032630 0.027233 0.599374
0.010932 0.036771 0.024178 0.608554
0.013404 0.037240 0.023981 0.613183
0.013375 0.033531 0.026173 0.605123
0.010995 -0.005000 0.028929 0.567119
0.035000 -0.005000 0.000000 0.617812
0.033556 -0.005000 0.004000 0.612874
0.031535 0.024813 -0.004000 0.656912
0.029333 0.040000 0.004000 0.665897
0.026380 0.037297 0.007547 0.661153
0.034181 0.002620 0.004000 0.626828
0.035000 0.000000 0.000000 0.627801
0.033561 -0.001760 0.004000 0.617780
0.035000 0.000000 -0.004000 0.633616
0.026399 -0.005000 0.009026 0.585831
0.029333 -0.005000 0.004000 0.604997
0.032500 -0.002500 0.000000 0.621606
0.010993 0.002631 0.028800 0.571562
0.010963 -0.001158 0.026489 0.571655
0.013371 -0.000964 0.026491 0.572102
0.013402 -0.005000 0.024090 0.572150
0.027833 -0.002505 0.006238 0.602444
0.026376 -0.001900 0.007260 0.597844
0.035495 0.007696 0.000000 0.643933
0.033775 0.008214 0.004000 0.637808
0.029333 0.000000 0.004000 0.618012
0.032501 0.003729 0.000000 0.634051
0.035376 0.007534 -0.004000 0.647242
0.032222 0.003492 -0.004000 0.639257
0.030000 0.000000 -0.004000 0.631215
0.031722 0.025100 0.000000 0.655160
0.032092 0.029997 0.000000 0.659642
0.032083 0.029792 -0.004000 0.661512
0.029333 0.035000 0.004000 0.661244
0.029275 0.031734 0.008413 0.656529
0.026388 0.032382 0.008187 0.656127
0.013349 0.026156 0.028136 0.598174
0.013400 0.029657 0.024303 0.605667
0.010934 0.028670 0.024295 0.602050
0.029333 0.005000 0.004000 0.626788
0.026392 0.002468 0.008453 0.606549
0.027834 -0.000000 0.006496 0.608383
0.029285 0.002533 0.007687 0.616116
0.029277 0.007463 0.008269 0.623539
0.031794 0.015623 0.000000 0.649889
0.032172 0.011647 0.000000 0.645793
0.031756 0.015360 -0.004000 0.650679
0.031951 0.011550 -0.004000 0.649020
0.029333 0.010000 0.004000 0.637509
0.026389 0.007823 0.008196 0.620795
0.029333 0.030000 0.004000 0.656936
0.029278 0.027219 0.008193 0.652152
0.026390 0.027500 0.008330 0.649628
0.029333 0.025000 0.004000 0.652430
0.029276 0.022500 0.008330 0.649101
0.026390 0.022500 0.008330 0.644702
0.027881 0.022644 0.000000 0.652770
0.027800 0.022389 -0.004000 0.654490
0.029629 0.014020 -0.002000 0.648533
0.027673 0.017611 -0.004000 0.651667
0.028160 0.017903 0.000000 0.650127
0.029276 0.017500 0.008330 0.640871
0.029333 0.015000 0.004000 0.643626
0.029333 0.020000 0.004000 0.649630
0.026388 0.012660 0.008190 0.630690
0.026390 0.017500 0.008330 0.638352
0.010934 0.023535 0.024325 0.598389
0.013388 0.021528 0.025200 0.595699
0.010948 0.019844 0.025349 0.592987
0.013367 0.007800 0.026780 0.579081
0.013398 0.003134 0.024441 0.576908
0.013394 0.016195 0.024758 0.589997
0.010932 0.016226 0.024161 0.590167
0.010954 0.006613 0.025801 0.578436
0.013406 0.011499 0.023820 0.586217
0.010932 0.011344 0.024139 0.585166
0.010931 0.045000 0.024090 0.615804
0.013402 0.045000 0.024090 0.620170
0.030000 0.040000 0.000000 0.668100
0.028574 0.032111 0.000000 0.660501
0.028328 0.031912 -0.004000 0.662307
0.013433 0.040804 0.021794 0.618452
0.010896 0.040666 0.021416 0.616924
0.025000 0.040000 -0.004000 0.668551
0.027500 0.042500 0.000000 0.669293
0.026333 0.045000 0.004000 0.666523
0.025000 0.045000 0.000000 0.670219
0.026830 0.035683 -0.004000 0.665234
0.026333 0.040000 0.004000 0.664825
0.027250 0.035856 0.000000 0.663456
0.010869 0.036863 0.019377 0.617198
0.010900 0.032613 0.021754 0.608833
0.013468 0.036677 0.019067 0.621675
0.013438 0.033255 0.021403 0.614192
0.010931 -0.005000 0.024090 0.571707
0.030000 -0.005000 0.000000 0.615834
0.027243 0.027428 -0.004000 0.657992
0.026333 0.035000 0.004000 0.660369
0.010878 0.029165 0.020046 0.607182
0.013453 0.029429 0.020230 0.612351
0.030000 0.000000 0.000000 0.625487
0.026333 -0.005000 0.004000 0.597054
0.027500 -0.002500 0.000000 0.615722
0.010926 0.002911 0.023707 0.576968
0.010896 -0.000984 0.021446 0.576596
0.013432 -0.000963 0.021802 0.576658
0.013468 -0.005000 0.019078 0.576959
0.026333 0.000000 0.004000 0.610070
0.023708 -0.001657 0.004000 0.598806
0.030186 0.008293 0.000000 0.642057
0.027611 0.004264 0.000000 0.631048
0.029611 0.007690 -0.004000 0.646392
0.027414 0.003980 -0.004000 0.637834
0.025000 0.000000 -0.004000 0.624683
0.027326 0.027746 0.000000 0.656244
0.026333 0.030000 0.004000 0.655909
0.013429 0.024881 0.022036 0.602973
0.010887 0.024963 0.020745 0.600689
0.026333 0.005000 0.004000 0.623081
0.027502 0.012680 0.000000 0.646373
0.027418 0.012820 -0.004000 0.651038
0.026333 0.010000 0.004000 0.633229
0.024149 0.023826 -0.004000 0.655375
0.023872 0.020014 -0.004000 0.654195
0.024221 0.016096 -0.004000 0.654582
0.024209 0.024019 0.000000 0.652359
0.026333 0.025000 0.004000 0.651456
0.026333 0.020000 0.004000 0.646517
0.023966 0.020048 0.000000 0.651049
0.024358 0.016249 0.000000 0.648620
0.026333 0.015000 0.004000 0.642239
0.010894 0.019960 0.021285 0.597305
0.013443 0.019757 0.021032 0.597852
0.013462 0.003097 0.019527 0.582394
0.013428 0.007049 0.022132 0.583534
0.013448 0.014704 0.020590 0.593148
0.013455 0.010827 0.020069 0.589743
0.010884 0.014945 0.020499 0.593411
0.010897 0.007171 0.021543 0.583774
0.010875 0.010784 0.019847 0.590181
0.010865 0.045000 0.019078 0.621424
0.013468 0.045000 0.019078 0.627292
0.025000 0.040000 0.000000 0.666495
0.024514 0.031970 0.000000 0.659192
0.024370 0.031578 -0.004000 0.660855
0.022500 0.042500 0.000000 0.667996
0.022111 0.045000 0.004000 0.666319
0.020000 0.040000 -0.004000 0.667092
0.013500 0.040742 0.016695 0.627345
0.010834 0.040608 0.016749 0.624119
0.022207 0.035828 -0.004000 0.664015
0.023032 0.041372 0.004000 0.665080
0.013531 0.037078 0.014345 0.630937
0.010818 0.037021 0.015533 0.626005
0.020000 0.045000 0.000000 0.669491
0.022423 0.035913 0.000000 0.662098
0.022827 0.036777 0.004000 0.660931
0.010835 0.032585 0.016806 0.617859
0.013501 0.032316 0.016594 0.622983
0.010865 -0.005000 0.019078 0.576649
0.025000 -0.005000 0.000000 0.602596
0.022191 0.027544 0.000000 0.653748
0.021968 0.027409 -0.004000 0.657522
0.022542 0.031852 0.004000 0.654364
0.010831 0.027433 0.016476 0.610409
0.013500 0.026938 0.016702 0.614758
0.025000 0.000000 0.000000 0.615611
0.022111 -0.005000 0.004000 0.588501
0.022500 -0.002500 0.000000 0.603498
0.010862 0.003066 0.018813 0.583882
0.010829 -0.000996 0.016343 0.584106
0.013494 -0.001057 0.017095 0.580782
0.013534 -0.005000 0.014052 0.579046
0.013514 0.002845 0.015599 0.587049
0.023106 0.002223 0.004000 0.607310
0.020967 -0.000584 0.004000 0.597313
0.025131 0.008580 0.000000 0.635414
0.022500 0.004330 0.000000 0.620263
0.021979 0.002318 -0.002222 0.618885
0.020000 0.000000 -0.004000 0.614491
0.024652 0.008062 -0.004000 0.642429
0.022500 0.004330 -0.004000 0.629335
0.019934 0.022834 -0.004000 0.655347
0.022205 0.026697 0.004000 0.648443
0.013496 0.022324 0.016957 0.609443
0.010836 0.022404 0.016838 0.602611
0.022283 0.012528 -0.004000 0.648684
0.022205 0.006453 0.004000 0.615937
0.019996 0.016982 -0.004000 0.650774
0.022507 0.012916 0.000000 0.642375
0.022147 0.011681 0.004000 0.629383
0.020029 0.023014 0.000000 0.650586
0.020046 0.017115 0.000000 0.644603
0.022201 0.021711 0.004000 0.646275
0.022118 0.016743 0.004000 0.639697
0.010835 0.017510 0.016815 0.600343
0.013500 0.017159 0.016698 0.601053
0.013498 0.007369 0.016801 0.590579
0.013500 0.012331 0.016681 0.596006
0.010828 0.012562 0.016287 0.598304
0.010829 0.007428 0.016331 0.592829
0.010799 0.045000 0.014052 0.630495
0.013565 0.041330 0.011708 0.637820
0.013534 0.045000 0.014052 0.636471
0.020000 0.040000 0.000000 0.665037
0.017889 0.045000 0.004000 0.666115
0.017500 0.042500 0.000000 0.666037
0.019936 0.031816 0.000000 0.655652
0.019594 0.031538 -0.004000 0.659383
0.015000 0.040000 -0.004000 0.663578
0.017889 0.042385 0.004000 0.662794
0.013616 0.041711 0.007840 0.645595
0.017500 0.035670 -0.004000 0.661358
0.017478 0.037465 -0.002000 0.661465
0.010767 0.040396 0.011605 0.633125
0.017500 0.035670 0.000000 0.656903
0.018452 0.038430 0.004000 0.657308
0.013558 0.033300 0.012270 0.631365
0.013606 0.037239 0.008645 0.638784
0.010770 0.034683 0.011835 0.629279
0.015000 0.045000 0.000000 0.666167
0.017487 0.027090 -0.004000 0.654186
0.018350 0.033518 0.004000 0.650392
0.013553 0.029501 0.012610 0.626825
0.010776 0.029809 0.012282 0.622426
0.010799 -0.005000 0.014052 0.581215
0.020000 -0.005000 0.000000 0.594103
0.017889 -0.005000 0.004000 0.584174
0.017743 0.027585 0.000000 0.649851
0.018308 0.028548 0.004000 0.645803
0.013554 0.024650 0.012567 0.623623
0.010778 0.024916 0.012464 0.617481
0.015590 0.023688 -0.004000 0.652283
0.020000 0.000000 0.000000 0.605894
0.017894 -0.001760 0.004000 0.590238
0.013601 -0.005000 0.009026 0.581723
0.017500 -0.002500 0.000000 0.596498
0.015000 0.000000 -0.004000 0.605300
0.010799 0.002785 0.014076 0.591683
0.010767 -0.001445 0.011588 0.588093
0.013566 -0.000424 0.011675 0.585747
0.013559 0.004964 0.012211 0.592671
0.013623 -0.001236 0.007285 0.588210
0.018514 0.002620 0.004000 0.601436
0.020403 0.008472 0.000000 0.628009
0.017789 0.004186 0.000000 0.614460
0.017605 0.004038 -0.004000 0.621369
0.019983 0.008151 -0.004000 0.635104
0.016040 0.019909 -0.004000 0.649555
0.016130 0.019988 0.000000 0.643440
0.015764 0.023894 0.000000 0.646940
0.018018 0.023362 0.004000 0.642426
0.013553 0.020000 0.012660 0.616684
0.010781 0.020000 0.012660 0.609120
0.017810 0.012454 -0.004000 0.639107
0.015793 0.015981 -0.004000 0.642043
0.018032 0.012590 0.000000 0.633340
0.018078 0.008211 0.004000 0.615513
0.015894 0.016161 0.000000 0.635886
0.018048 0.013341 0.004000 0.628461
0.018012 0.018437 0.004000 0.638165
0.010777 0.015122 0.012407 0.603174
0.013555 0.014942 0.012486 0.609025
0.013553 0.009969 0.012620 0.599173
0.013610 0.012500 0.008330 0.611060
0.010775 0.010450 0.012215 0.602475
0.010772 0.006423 0.011969 0.598370
0.010733 0.045000 0.009026 0.640225
0.013601 0.045000 0.009026 0.646626
0.015000 0.040000 0.000000 0.657606
0.013667 0.045000 0.004000 0.657750
0.012500 0.042500 0.000000 0.655408
0.010709 0.041434 0.007196 0.639722
0.012166 0.042893 0.006136 0.646557
0.015220 0.031662 0.000000 0.649562
0.015002 0.031456 -0.004000 0.653992
0.012503 0.035769 -0.004000 0.653778
0.010000 0.040000 -0.004000 0.653541
0.013667 0.040000 0.004000 0.649135
0.012644 0.035802 0.000000 0.649261
0.010713 0.037297 0.007544 0.636966
0.013667 0.035000 0.004000 0.644999
0.013609 0.031734 0.008413 0.638168
0.010722 0.032377 0.008191 0.634527
0.010000 0.045000 0.000000 0.654226
0.012469 0.027143 -0.004000 0.651512
0.012514 0.027128 0.000000 0.646798
0.013667 0.030000 0.004000 0.643696
0.013611 0.027219 0.008193 0.636705
0.010724 0.027500 0.008330 0.631069
0.010733 -0.005000 0.009026 0.584563
0.013667 -0.005000 0.004000 0.585363
0.015000 -0.005000 0.000000 0.585818
0.013667 0.025000 0.004000 0.640486
0.013610 0.022500 0.008330 0.630217
0.010724 0.022500 0.008330 0.623861
0.012362 0.022375 0.000000 0.640805
0.011898 0.022031 -0.004000 0.645988
0.015000 0.000000 0.000000 0.599428
0.013667 0.000000 0.004000 0.592547
0.010710 -0.001900 0.007260 0.589237
0.012167 -0.002571 0.006121 0.588570
0.012500 -0.002500 0.000000 0.589062
0.012747 0.004147 -0.004000 0.610241
0.010000 0.000000 -0.004000 0.593697
0.010725 0.002467 0.008452 0.595633
0.012167 -0.000000 0.006496 0.592350
0.013610 0.007464 0.008270 0.599648
0.013618 0.002534 0.007687 0.592997
0.013148 0.004327 0.000000 0.606455
0.013667 0.005000 0.004000 0.603681
0.015623 0.008426 0.000000 0.620524
0.015482 0.008026 -0.004000 0.625825
0.011426 0.007887 -0.004000 0.616348
0.012677 0.012254 -0.004000 0.628289
0.012124 0.017352 -0.004000 0.636943
0.012202 0.017619 0.000000 0.631260
0.013667 0.020000 0.004000 0.632415
0.013610 0.017500 0.008330 0.620639
0.010724 0.017500 0.008330 0.614841
0.012751 0.012570 0.000000 0.622692
0.013667 0.010000 0.004000 0.613259
0.013667 0.015000 0.004000 0.622837
0.010722 0.012718 0.008220 0.605852
0.010722 0.007825 0.008193 0.600847
0.010667 0.045000 0.004000 0.649499
0.007500 0.042500 0.000000 0.647091
0.005000 0.045000 0.000000 0.644741
0.010000 0.040000 0.000000 0.648939
0.010667 0.040000 0.004000 0.643134
0.005000 0.040000 -0.004000 0.650862
0.010052 0.031794 -0.004000 0.651430
0.007570 0.036317 -0.004000 0.651279
0.010363 0.032193 0.000000 0.647099
0.007680 0.036544 0.000000 0.646796
0.010667 0.035000 0.004000 0.642983
0.007951 0.028265 -0.004000 0.649462
0.010667 0.030000 0.004000 0.642488
0.007939 0.028454 0.000000 0.643496
0.006444 0.045000 0.004000 0.641069
0.002222 0.045000 0.004000 0.636226
0.000000 0.045000 0.000000 0.638719
-0.005000 0.045000 0.000000 0.630837
0.008263 0.024234 -0.004000 0.642371
0.008136 0.024640 0.000000 0.636544
0.010667 0.025000 0.004000 0.635967
0.010667 -0.005000 0.004000 0.584820
0.010271 -0.002078 0.002000 0.588918
0.010000 -0.005000 0.000000 0.584716
0.008042 0.019690 -0.004000 0.633223
0.010667 0.020000 0.004000 0.626389
0.008321 0.019872 0.000000 0.627781
0.010000 0.000000 0.000000 0.590596
0.010667 0.000000 0.004000 0.592211
0.007500 -0.002500 0.000000 0.585993
0.008041 -0.001657 0.004000 0.588516
0.005000 0.000000 -0.004000 0.586098
0.003108 0.003292 -0.004000 0.588710
0.008290 0.014885 -0.004000 0.624516
0.007487 0.004487 -0.004000 0.598868
0.007912 0.010004 -0.004000 0.613385
0.007785 0.004591 0.000000 0.594657
0.010667 0.005000 0.004000 0.598092
0.011657 0.008079 0.000000 0.611892
0.007890 0.010228 0.000000 0.608507
0.008491 0.015154 0.000000 0.619086
0.010667 0.015000 0.004000 0.616811
0.010667 0.010000 0.004000 0.607233
0.005000 0.040000 0.000000 0.644270
0.007365 0.041372 0.004000 0.640109
0.002500 0.042500 0.000000 0.641469
0.004861 0.042442 0.002000 0.640496
0.003769 0.036725 -0.004000 0.649350
0.000000 0.040000 -0.004000 0.645998
0.004611 0.032145 -0.004000 0.648320
0.000000 0.035000 -0.004000 0.644615
0.007160 0.036777 0.004000 0.639048
0.003592 0.036860 0.000000 0.642458
0.004090 0.026705 -0.004000 0.638721
0.000000 0.030000 -0.004000 0.636817
0.004721 0.032399 0.000000 0.644294
0.006875 0.031852 0.004000 0.637767
0.003918 0.022258 -0.004000 0.629858
0.000000 0.025000 -0.004000 0.627239
0.004291 0.027182 0.000000 0.633688
0.006538 0.026697 0.004000 0.630056
0.002222 0.042385 0.004000 0.634772
0.000000 0.040000 0.000000 0.637559
-0.002500 0.042500 0.000000 0.634129
-0.005000 0.042500 0.002000 0.624616
-0.005000 0.040000 0.000000 0.629450
-0.002000 0.045000 0.004000 0.630278
-0.003501 0.042893 0.006136 0.622062
-0.005000 0.045000 0.004000 0.624220
0.004330 0.017500 -0.004000 0.621591
0.000000 0.020000 -0.004000 0.617775
0.004259 0.022455 0.000000 0.624570
0.006534 0.021711 0.004000 0.621364
0.000000 0.000000 -0.004000 0.583145
0.006444 -0.005000 0.004000 0.584056
0.005000 -0.005000 0.000000 0.581389
0.004012 0.012276 -0.004000 0.609907
0.000000 0.015000 -0.004000 0.607277
0.000000 0.010000 -0.004000 0.595015
0.004330 0.017500 0.000000 0.615233
0.006452 0.016743 0.004000 0.611683
0.005000 0.000000 0.000000 0.587270
0.007439 0.002223 0.004000 0.592678
0.002500 -0.002500 0.000000 0.583583
0.005300 -0.000584 0.004000 0.588467
0.003593 0.007459 -0.004000 0.597122
0.000000 0.005000 -0.004000 0.588652
0.000000 0.002500 -0.002000 0.587103
0.003322 0.003824 0.000000 0.590650
0.004186 0.012639 0.000000 0.605758
0.003733 0.007704 0.000000 0.595487
0.006538 0.006453 0.004000 0.597055
0.006480 0.011681 0.004000 0.602114
0.000000 -0.005000 0.000000 0.581010
-0.005000 -0.005000 0.000000 0.580890
0.002222 -0.005000 0.004000 0.583955
0.002785 0.038430 0.004000 0.633261
0.000000 0.035000 0.000000 0.635579
-0.002500 0.037500 0.000000 0.632763
0.000000 0.030000 0.000000 0.627569
0.002684 0.033518 0.004000 0.630441
-0.002500 0.032500 0.000000 0.624753
-0.005000 0.035000 0.000000 0.621936
-0.005000 0.030000 0.000000 0.613926
0.000000 0.025000 0.000000 0.619559
-0.002500 0.027500 0.000000 0.616743
0.002641 0.028548 0.004000 0.622388
-0.005000 0.025000 0.000000 0.605984
0.000000 0.020000 0.000000 0.611417
-0.002500 0.022500 0.000000 0.608822
0.002352 0.023362 0.004000 0.613290
-0.005000 0.040000 0.004000 0.619472
-0.004934 0.045000 0.009026 0.617924
-0.002066 0.045000 0.009026 0.621901
-0.002000 0.040000 0.004000 0.625292
-0.002051 0.041711 0.007840 0.621153
-0.004958 0.041434 0.007196 0.615841
-0.005000 0.020000 0.000000 0.599715
0.000000 0.015000 0.000000 0.601964
0.002345 0.018437 0.004000 0.605410
-0.002500 0.017500 0.000000 0.601813
-0.005000 0.015000 0.000000 0.597630
0.000000 0.000000 0.000000 0.586036
0.002227 -0.001760 0.004000 0.587212
-0.002500 -0.002500 0.000000 0.583463
-0.005000 -0.002500 0.002000 0.584849
-0.005000 0.000000 0.000000 0.585917
0.000000 0.010000 0.000000 0.596088
0.002382 0.013341 0.004000 0.601631
-0.002500 0.012500 0.000000 0.598542
-0.005000 0.010000 0.000000 0.595545
0.002848 0.002620 0.004000 0.591630
0.000000 0.005000 0.000000 0.591062
0.002411 0.008211 0.004000 0.597240
-0.002500 0.002500 0.000000 0.588489
-0.002500 0.007500 0.000000 0.593515
-0.005000 0.005000 0.000000 0.590943
-0.005000 -0.005000 0.004000 0.583535
-0.002000 -0.005000 0.004000 0.583854
-0.003500 -0.002505 0.006238 0.585862
-0.005000 0.035000 0.004000 0.611874
-0.002000 0.035000 0.004000 0.620060
-0.002000 0.030000 0.004000 0.612050
-0.005000 0.030000 0.004000 0.603864
-0.005000 0.025000 0.004000 0.597319
-0.002000 0.025000 0.004000 0.604040
-0.005000 0.020000 0.004000 0.595642
-0.002000 0.020000 0.004000 0.599171
-0.002132 0.045000 0.014052 0.611789
-0.004868 0.045000 0.014052 0.606939
-0.004953 0.037297 0.007547 0.607012
-0.004900 0.040396 0.011627 0.604979
-0.002102 0.041304 0.011740 0.613573
-0.002061 0.037240 0.008645 0.612562
-0.002198 0.045000 0.019078 0.601285
-0.004802 0.045000 0.019078 0.595374
-0.002264 0.045000 0.024090 0.593296
-0.005000 0.015000 0.004000 0.593557
-0.005000 0.010000 0.004000 0.591473
-0.002000 0.015000 0.004000 0.597680
-0.005000 0.000000 0.004000 0.587219
-0.004957 -0.001900 0.007260 0.582882
-0.002000 0.000000 0.004000 0.588880
-0.003499 -0.000000 0.006496 0.586734
-0.005000 0.005000 0.004000 0.589388
-0.002000 0.010000 0.004000 0.595596
-0.002000 0.005000 0.004000 0.593511
-0.003499 -0.001251 0.008473 0.584020
-0.002043 -0.001236 0.007285 0.587463
-0.004934 -0.005000 0.009026 0.579583
-0.002066 -0.005000 0.009026 0.583818
-0.004945 0.032382 0.008188 0.597297
-0.004943 0.022500 0.008330 0.592354
-0.004943 0.017500 0.008330 0.590269
-0.002059 0.031808 0.008487 0.603499
-0.004943 0.027500 0.008330 0.594566
-0.002057 0.017500 0.008330 0.594236
-0.002055 0.027274 0.008205 0.597172
-0.002057 0.022500 0.008330 0.596218
-0.002167 0.040758 0.016711 0.601886
-0.004831 0.040627 0.016843 0.596374
-0.004897 0.034686 0.011820 0.594318
-0.004847 0.037012 0.015628 0.594590
-0.002136 0.037083 0.014347 0.600219
-0.002109 0.033306 0.012253 0.596988
-0.002233 0.040946 0.021710 0.594384
-0.003488 0.043366 0.024016 0.591469
-0.004736 0.045000 0.024090 0.590449
-0.004770 0.040741 0.021502 0.592379
-0.002297 0.041212 0.026597 0.590094
-0.004672 0.045000 0.028929 0.587847
-0.002328 0.045000 0.028929 0.590709
-0.002388 0.045000 0.033518 0.587817
-0.002446 0.045000 0.037871 0.584985
-0.004612 0.045000 0.033518 0.585718
-0.004554 0.045000 0.037871 0.584002
-0.002500 0.045000 0.042000 0.583957
-0.004945 0.012657 0.008190 0.588390
-0.004900 -0.001443 0.011588 0.578491
-0.004945 0.007823 0.008197 0.586346
-0.002057 0.012500 0.008330 0.592151
-0.004941 0.002468 0.008453 0.583617
-0.002049 0.002533 0.007687 0.588662
-0.002056 0.007463 0.008269 0.590114
-0.002101 -0.000424 0.011675 0.582998
-0.004868 -0.005000 0.014052 0.575284
-0.002132 -0.005000 0.014052 0.578280
-0.004891 0.029751 0.012247 0.592073
-0.004889 0.024954 0.012419 0.589559
-0.002112 0.014927 0.012499 0.588843
-0.004890 0.015112 0.012395 0.585208
-0.004886 0.020000 0.012660 0.586981
-0.002113 0.029507 0.012588 0.594228
-0.002114 0.020000 0.012660 0.590791
-0.002113 0.024660 0.012575 0.593368
-0.004831 0.032574 0.016860 0.591549
-0.002198 0.036701 0.019070 0.595847
-0.004798 0.036831 0.019322 0.593384
-0.003499 0.032422 0.016694 0.592709
-0.002166 0.032314 0.016613 0.593871
-0.002262 0.037302 0.023947 0.592161
-0.004705 0.041038 0.026423 0.588171
-0.003500 0.039263 0.027801 0.587882
-0.004735 0.036724 0.024124 0.589850
-0.002361 0.041399 0.031435 0.586741
-0.002328 0.037413 0.028947 0.587760
-0.004500 0.045000 0.042000 0.582345
-0.002420 0.041670 0.035894 0.584820
-0.002463 0.042261 0.039208 0.584185
-0.004641 0.041397 0.031294 0.584089
-0.003505 0.042311 0.039022 0.583724
-0.003548 0.041473 0.035637 0.583768
-0.004580 0.041703 0.035906 0.582984
-0.004537 0.042256 0.039173 0.582772
-0.002500 0.041154 0.042000 0.582955
-0.004892 0.010346 0.012239 0.583206
-0.004895 0.006418 0.011968 0.581693
-0.004867 0.002789 0.014071 0.577792
-0.004836 -0.000857 0.016435 0.574467
-0.002113 0.009969 0.012619 0.586651
-0.002108 0.004965 0.012211 0.584878
-0.002153 0.002845 0.015599 0.580173
-0.002172 -0.001057 0.017094 0.576736
-0.004802 -0.005000 0.019078 0.571080
-0.002198 -0.005000 0.019078 0.572749
-0.004838 0.027415 0.016309 0.587306
-0.004833 0.022468 0.016723 0.583946
-0.004838 0.012690 0.016348 0.579913
-0.002167 0.012331 0.016682 0.583330
-0.002168 0.017150 0.016730 0.585385
-0.004833 0.017571 0.016700 0.581778
-0.002167 0.026966 0.016682 0.590648
-0.002170 0.022328 0.016952 0.587674
-0.004790 0.029147 0.019964 0.587189
-0.004767 0.032626 0.021730 0.590026
-0.002230 0.033351 0.021448 0.592946
-0.002213 0.029477 0.020217 0.591006
-0.002292 0.033536 0.026186 0.589927
-0.004668 0.037397 0.029250 0.585491
-0.004695 0.032629 0.027196 0.586343
-0.002346 0.033788 0.030300 0.586317
-0.002397 0.037295 0.034163 0.583249
-0.004500 0.041154 0.042000 0.581536
-0.002459 0.039165 0.038861 0.582558
-0.004597 0.037622 0.034603 0.581976
-0.004542 0.039197 0.038837 0.580794
-0.002500 0.037308 0.042000 0.580692
-0.004839 0.007395 0.016245 0.577594
-0.004804 0.003101 0.018879 0.573547
-0.004770 -0.000874 0.021490 0.570233
-0.004736 -0.005000 0.024090 0.564582
-0.002168 0.007370 0.016801 0.580924
-0.002204 0.003096 0.019531 0.575956
-0.002234 -0.000982 0.021805 0.572186
-0.002264 -0.005000 0.024090 0.564536
-0.002211 0.010828 0.020069 0.578910
-0.004781 0.025060 0.020616 0.582556
-0.004790 0.010862 0.019948 0.575248
-0.004781 0.014975 0.020666 0.576372
-0.004774 0.020098 0.021199 0.578154
-0.002218 0.014707 0.020596 0.580108
-0.002224 0.019756 0.021034 0.581941
-0.004733 0.028610 0.024264 0.584415
-0.002238 0.024883 0.022074 0.585592
-0.002267 0.029644 0.024282 0.589365
-0.002316 0.030871 0.028021 0.588084
-0.004679 0.028975 0.028426 0.582632
-0.002357 0.029840 0.031147 0.584074
-0.004637 0.033857 0.031556 0.583191
-0.004651 0.030625 0.030524 0.581953
-0.002402 0.032671 0.034516 0.583309
-0.004583 0.033736 0.035718 0.580435
-0.002453 0.034918 0.038419 0.580931
-0.004500 0.037308 0.042000 0.578974
-0.004546 0.035688 0.038540 0.579865
-0.002500 0.033462 0.042000 0.578951
-0.004769 0.007164 0.021545 0.572469
-0.004740 0.002979 0.023765 0.569424
-0.004672 -0.005000 0.028929 0.557332
-0.004703 -0.001193 0.026541 0.564265
-0.002328 -0.005000 0.028929 0.558142
-0.002239 0.007048 0.022133 0.574901
-0.002269 0.003071 0.024440 0.571552
-0.002296 -0.000978 0.026503 0.564490
-0.004612 -0.005000 0.033518 0.552184
-0.002388 -0.005000 0.033518 0.552953
-0.004554 -0.005000 0.037871 0.551158
-0.002446 -0.005000 0.037871 0.551094
-0.002261 0.011486 0.023813 0.575086
-0.004734 0.023770 0.024210 0.579147
-0.004733 0.011343 0.024269 0.571377
-0.004733 0.016333 0.024308 0.573122
-0.004718 0.020081 0.025451 0.574786
-0.002273 0.016198 0.024747 0.576218
-0.002279 0.021542 0.025204 0.580188
-0.004688 0.025616 0.027709 0.579285
-0.002318 0.026084 0.028154 0.583469
-0.004639 0.027268 0.031429 0.579085
-0.002376 0.026714 0.032572 0.581468
-0.002408 0.028940 0.034981 0.579898
-0.004601 0.030448 0.034307 0.578355
-0.002455 0.031067 0.038576 0.579394
-0.004547 0.031497 0.038454 0.576668
-0.004500 0.033462 0.042000 0.576192
-0.002500 0.029615 0.042000 0.575765
-0.004712 0.006686 0.025924 0.568671
-0.004674 0.002551 0.028791 0.564216
-0.004640 -0.001440 0.031331 0.556736
-0.002356 -0.001079 0.031036 0.558071
-0.002299 0.007780 0.026744 0.570895
-0.002325 0.002899 0.028674 0.564702
-0.004581 -0.001727 0.035821 0.551531
-0.004535 -0.002307 0.039325 0.547633
-0.002417 -0.001298 0.035662 0.553026
-0.002467 -0.002292 0.039500 0.549752
-0.004500 -0.005000 0.042000 0.552932
-0.002500 -0.005000 0.042000 0.552450
-0.002308 0.012447 0.027394 0.571657
-0.004679 0.009630 0.028393 0.567441
-0.004686 0.021977 0.027848 0.575503
-0.004675 0.013263 0.028669 0.568241
-0.004679 0.018098 0.028377 0.571353
-0.002329 0.015453 0.028990 0.571910
-0.002322 0.018680 0.028475 0.575420
-0.002333 0.021818 0.029298 0.578127
-0.004640 0.023750 0.031387 0.575533
-0.002367 0.023625 0.031905 0.578549
-0.004594 0.025843 0.034894 0.575580
-0.002412 0.025222 0.035286 0.577834
-0.002455 0.027294 0.038583 0.575972
-0.004552 0.027643 0.038040 0.573301
-0.004500 0.029615 0.042000 0.572710
-0.002500 0.025769 0.042000 0.572159
-0.004500 -0.001154 0.042000 0.546284
-0.002346 0.010253 0.030296 0.568524
-0.004652 0.006453 0.030417 0.564845
-0.004603 0.002748 0.034154 0.556038
-0.002382 0.002349 0.033057 0.557808
-0.002363 0.006333 0.031580 0.563279
-0.004541 0.000772 0.038887 0.549609
-0.002429 0.002557 0.036611 0.554139
-0.002463 0.000814 0.039208 0.551417
-0.002500 -0.001154 0.042000 0.548448
-0.002359 0.013158 0.031288 0.569131
-0.004639 0.010327 0.031402 0.565121
-0.004623 0.013008 0.032658 0.566010
-0.002364 0.016755 0.031647 0.571799
-0.004641 0.020066 0.031303 0.571881
-0.004634 0.016148 0.031832 0.568622
-0.002368 0.019965 0.031944 0.574859
-0.003500 0.017303 0.033348 0.570150
-0.004593 0.021866 0.034932 0.571895
-0.002411 0.021820 0.035214 0.574976
-0.004549 0.023681 0.038307 0.571349
-0.002455 0.023472 0.038602 0.573756
-0.004500 0.025769 0.042000 0.568865
-0.002500 0.021923 0.042000 0.569336
-0.004500 0.002692 0.042000 0.548704
-0.002396 0.010297 0.034118 0.563657
-0.004600 0.007651 0.034432 0.559926
-0.004551 0.005033 0.038093 0.553091
-0.002413 0.005754 0.035422 0.557140
-0.002460 0.004408 0.038932 0.553499
-0.002500 0.002692 0.042000 0.550894
-0.002404 0.014495 0.034713 0.568774
-0.004592 0.010912 0.035016 0.563486
-0.004591 0.014495 0.035076 0.566229
-0.002408 0.018130 0.034997 0.571392
-0.004593 0.018179 0.034916 0.569000
-0.004547 0.019965 0.038425 0.569043
-0.002456 0.019930 0.038652 0.571248
-0.004500 0.021923 0.042000 0.567523
-0.002500 0.018077 0.042000 0.565556
-0.004549 0.008855 0.038299 0.556730
-0.004500 0.006538 0.042000 0.551887
-0.002452 0.012307 0.038372 0.561563
-0.002453 0.008332 0.038424 0.556883
-0.002500 0.006538 0.042000 0.553850
-0.002455 0.016061 0.038577 0.566672
-0.004546 0.012499 0.038501 0.561687
-0.003512 0.010399 0.040536 0.556931
-0.004547 0.016274 0.038433 0.566322
-0.004500 0.018077 0.042000 0.565556
-0.002500 0.014231 0.042000 0.560077
-0.004500 0.010385 0.042000 0.555500
-0.002500 0.010385 0.042000 0.556806
-0.004500 0.014231 0.042000 0.560076
