0.042500 0.014231 0.042000 0.614189
0.042500 0.041154 0.042000 0.607080
0.042500 0.037308 0.042000 0.611127
0.044500 0.041154 0.042000 0.608183
0.044500 0.018077 0.042000 0.614372
0.042500 0.018077 0.042000 0.614490
0.044500 0.037308 0.042000 0.612230
0.044500 0.021923 0.042000 0.614459
0.044500 0.033462 0.042000 0.613562
0.044500 0.025769 0.042000 0.614366
0.044500 0.029615 0.042000 0.613792
0.042500 0.033462 0.042000 0.613833
0.043530 0.034123 0.040578 0.613224
0.042500 0.021923 0.042000 0.614754
0.042500 0.025769 0.042000 0.614660
0.042500 0.029615 0.042000 0.613785
0.044500 -0.001154 0.042000 0.615504
0.044500 -0.005000 0.042000 0.615941
0.044500 0.002692 0.042000 0.615068
0.044500 0.014231 0.042000 0.614072
0.044500 0.006538 0.042000 0.614612
0.044500 0.010385 0.042000 0.614081
0.043493 0.010418 0.040543 0.614355
0.042500 0.010385 0.042000 0.613931
0.042452 0.016257 0.038389 0.614276
0.044545 0.016040 0.038560 0.614057
0.042453 0.012517 0.038409 0.614507
0.042500 0.045000 0.042000 0.603033
0.044500 0.045000 0.042000 0.604136
0.044537 0.042261 0.039208 0.606914
0.042458 0.039197 0.038837 0.608975
0.042463 0.042256 0.039173 0.605775
0.042454 0.035689 0.038538 0.612651
0.044541 0.039165 0.038861 0.610158
0.042500 -0.005000 0.042000 0.615812
0.044544 0.019955 0.038635 0.613973
0.042452 0.019950 0.038385 0.614242
0.044546 0.035001 0.038515 0.612615
0.044545 0.023507 0.038615 0.613884
0.044545 0.031201 0.038611 0.612635
0.044543 0.027433 0.038739 0.613813
0.042453 0.031504 0.038463 0.612526
0.042452 0.023679 0.038320 0.614141
0.042448 0.027642 0.038049 0.613959
0.042500 -0.001154 0.042000 0.615376
0.042500 0.006538 0.042000 0.614462
0.042500 0.002692 0.042000 0.614939
0.044533 -0.002292 0.039500 0.616201
0.044537 0.000814 0.039208 0.615914
0.042465 -0.002315 0.039322 0.616110
0.044554 -0.005000 0.037871 0.616877
0.044540 0.004408 0.038931 0.615569
0.044548 0.012306 0.038373 0.614702
0.044547 0.008334 0.038423 0.615238
0.042452 0.008810 0.038319 0.615041
0.044592 0.018067 0.034973 0.613953
0.042407 0.018095 0.034910 0.613982
0.042408 0.014545 0.035004 0.614827
0.044596 0.014495 0.034713 0.614841
0.042408 0.010930 0.034996 0.615554
0.042417 0.033731 0.035728 0.611934
0.042446 0.045000 0.037871 0.602755
0.043500 0.043789 0.037696 0.604667
0.044554 0.045000 0.037871 0.603982
0.044580 0.041670 0.035894 0.607413
0.042403 0.037622 0.034598 0.610252
0.042420 0.041703 0.035906 0.605838
0.044603 0.037303 0.034186 0.611572
0.042446 -0.005000 0.037871 0.616742
0.044590 0.021842 0.035160 0.613520
0.042406 0.021884 0.034845 0.613745
0.044599 0.032610 0.034483 0.611767
0.044589 0.025286 0.035252 0.613599
0.044590 0.029127 0.035145 0.613238
0.042399 0.030446 0.034318 0.612545
0.042406 0.025808 0.034840 0.613830
0.042459 0.000773 0.038876 0.615860
0.042449 0.005043 0.038088 0.615553
0.044571 0.002557 0.036611 0.616305
0.042419 -0.001757 0.035829 0.616834
0.044583 -0.001298 0.035662 0.616958
0.044612 -0.005000 0.033518 0.618202
0.044587 0.005752 0.035422 0.616212
0.044604 0.010295 0.034118 0.615888
0.044632 0.019883 0.032000 0.614238
0.042360 0.020039 0.031386 0.614286
0.043499 0.018235 0.031673 0.614602
0.044637 0.016786 0.031613 0.614925
0.042401 0.007595 0.034451 0.616082
0.042365 0.016229 0.031729 0.614953
0.042376 0.013054 0.032577 0.615446
0.044641 0.013156 0.031287 0.615695
0.042360 0.010302 0.031347 0.616189
0.026833 0.014231 0.042000 0.615111
0.042349 0.030620 0.030526 0.611288
0.042363 0.033858 0.031559 0.609896
0.044654 0.033775 0.030312 0.610224
0.042388 0.045000 0.033518 0.603832
0.042332 0.037385 0.029245 0.610886
0.042359 0.041395 0.031293 0.607221
0.044612 0.045000 0.033518 0.604088
0.044639 0.041417 0.031433 0.607431
0.044672 0.037434 0.028954 0.609680
0.042388 -0.005000 0.033518 0.618318
0.044632 0.023627 0.031930 0.613525
0.042359 0.023820 0.031319 0.613629
0.044643 0.029791 0.031125 0.612682
0.044624 0.026758 0.032598 0.613504
0.042359 0.027480 0.031297 0.613540
0.044684 0.030849 0.028045 0.611171
0.042321 0.028976 0.028433 0.612477
0.042396 0.002749 0.034121 0.616707
0.044618 0.002349 0.033057 0.617135
0.042360 -0.001415 0.031375 0.618187
0.044644 -0.001078 0.031036 0.617983
0.044672 -0.005000 0.028929 0.619690
0.042312 0.025604 0.027708 0.613388
0.044667 0.021743 0.029331 0.614458
0.042314 0.021979 0.027853 0.614677
0.044637 0.006336 0.031575 0.616971
0.044654 0.010251 0.030294 0.616387
0.044678 0.018680 0.028475 0.615240
0.042320 0.018097 0.028298 0.615335
0.044671 0.015452 0.028990 0.615756
0.042347 0.006462 0.030393 0.617104
0.044675 0.002900 0.028675 0.617972
0.042324 0.013213 0.028653 0.616181
0.044692 0.012446 0.027393 0.616596
0.042321 0.009637 0.028381 0.616843
0.028833 -0.001154 0.042000 0.614734
0.028833 -0.005000 0.042000 0.615531
0.028833 0.002692 0.042000 0.613967
0.028833 0.014231 0.042000 0.614993
0.026833 0.041154 0.042000 0.603180
0.026833 0.037308 0.042000 0.606309
0.028833 0.041154 0.042000 0.603368
0.028833 0.037308 0.042000 0.606497
0.026833 0.033462 0.042000 0.609238
0.028833 0.018077 0.042000 0.615294
0.026833 0.018077 0.042000 0.615412
0.028833 0.033462 0.042000 0.609626
0.028833 0.029615 0.042000 0.612287
0.028833 0.025769 0.042000 0.612786
0.028833 0.021923 0.042000 0.615576
0.027882 0.030422 0.040167 0.612188
0.026833 0.029615 0.042000 0.611883
0.026833 0.025769 0.042000 0.613401
0.026833 0.021923 0.042000 0.613510
0.028833 0.006538 0.042000 0.614317
0.028833 0.010385 0.042000 0.614693
0.027826 0.010421 0.040549 0.614725
0.026833 0.010385 0.042000 0.614810
0.026787 0.012538 0.038447 0.614908
0.028879 0.016054 0.038557 0.615062
0.026787 0.016316 0.038457 0.614958
0.042305 0.032609 0.027207 0.611650
0.044708 0.033543 0.026195 0.610830
0.042328 0.045000 0.028929 0.604968
0.042265 0.036727 0.024123 0.611232
0.042295 0.041028 0.026418 0.608717
0.044737 0.037244 0.023956 0.610271
0.043500 0.041109 0.026524 0.608765
0.044672 0.045000 0.028929 0.605238
0.044702 0.041222 0.026643 0.608785
0.026833 0.045000 0.042000 0.600051
0.028833 0.045000 0.042000 0.600239
0.028870 0.042261 0.039208 0.603018
0.027833 0.042382 0.039300 0.602781
0.026796 0.042256 0.039173 0.602808
0.042328 -0.005000 0.028929 0.619627
0.026833 -0.005000 0.042000 0.615477
0.044682 0.026156 0.028135 0.613860
0.044734 0.029630 0.024218 0.612176
0.042267 0.028620 0.024274 0.613411
0.042326 0.002576 0.028801 0.617924
0.044704 -0.000981 0.026506 0.619600
0.042296 -0.001203 0.026524 0.619527
0.044736 -0.005000 0.024090 0.621206
0.042266 0.023769 0.024215 0.614376
0.044721 0.021522 0.025201 0.614701
0.042282 0.020107 0.025429 0.614148
0.044701 0.007778 0.026738 0.617520
0.044731 0.003067 0.024440 0.618780
0.044727 0.016194 0.024760 0.616486
0.042267 0.016339 0.024308 0.615257
0.042287 0.006602 0.025829 0.617868
0.044739 0.011480 0.023801 0.617479
0.042267 0.011366 0.024301 0.617365
0.026833 -0.001154 0.042000 0.614662
0.026833 0.006538 0.042000 0.614100
0.026833 0.002692 0.042000 0.614160
0.028870 0.000814 0.039208 0.615125
0.028866 -0.002292 0.039500 0.615685
0.026798 -0.002315 0.039322 0.615685
0.028888 -0.005000 0.037871 0.616712
0.028874 0.004408 0.038932 0.614380
0.028881 0.012307 0.038372 0.614766
0.026792 0.039197 0.038837 0.605358
0.026788 0.035689 0.038538 0.608267
0.028875 0.039165 0.038861 0.605575
0.028880 0.034905 0.038475 0.609113
0.026787 0.031504 0.038463 0.611687
0.028878 0.019974 0.038628 0.614796
0.026786 0.020001 0.038433 0.615455
0.028879 0.031006 0.038546 0.612272
0.028878 0.027284 0.038598 0.614545
0.028878 0.023509 0.038633 0.614932
0.026781 0.027778 0.038026 0.614542
0.026785 0.023674 0.038333 0.615389
0.028880 0.008332 0.038424 0.614141
0.026785 0.008808 0.038322 0.614214
0.026741 0.010931 0.034995 0.615132
0.026741 0.014545 0.035004 0.616633
0.028926 0.018081 0.034959 0.616550
0.028929 0.014495 0.034713 0.616213
0.026740 0.018149 0.034930 0.617147
0.027833 0.017281 0.033290 0.617648
0.044771 0.033305 0.021389 0.611829
0.044786 0.029707 0.020236 0.612692
0.042233 0.032582 0.021697 0.613003
0.042210 0.029135 0.019957 0.613933
0.042201 0.036818 0.019304 0.612514
0.042264 0.045000 0.024090 0.606166
0.042230 0.040751 0.021497 0.610153
0.044802 0.036687 0.019057 0.611473
0.044767 0.040922 0.021739 0.610250
0.044736 0.045000 0.024090 0.606450
0.026779 0.045000 0.037871 0.600954
0.028888 0.045000 0.037871 0.601196
0.028914 0.041690 0.035875 0.604303
0.026753 0.041703 0.035906 0.604036
0.042264 -0.005000 0.024090 0.621047
0.026779 -0.005000 0.037871 0.616655
0.044760 0.024896 0.022215 0.613376
0.042219 0.025044 0.020611 0.614645
0.042259 0.002912 0.023712 0.619364
0.044766 -0.000984 0.021797 0.620828
0.042230 -0.000936 0.021515 0.620949
0.044802 -0.005000 0.019078 0.622610
0.042226 0.020099 0.021207 0.615304
0.044776 0.019754 0.021043 0.614430
0.044796 0.003096 0.019527 0.620352
0.044761 0.007048 0.022132 0.618566
0.044789 0.010826 0.020068 0.618340
0.044782 0.014703 0.020597 0.615998
0.042219 0.014979 0.020659 0.616799
0.042231 0.007179 0.021558 0.618624
0.042210 0.010862 0.019947 0.618236
0.026792 0.000773 0.038876 0.615161
0.026782 0.005043 0.038088 0.614410
0.028904 0.002557 0.036611 0.615507
0.026752 -0.001756 0.035829 0.616566
0.028917 -0.001298 0.035662 0.616577
0.028945 -0.005000 0.033518 0.617957
0.028920 0.005754 0.035422 0.615134
0.028937 0.010295 0.034120 0.614476
0.026751 0.033731 0.035728 0.610381
0.026736 0.037622 0.034597 0.607573
0.028937 0.037268 0.034159 0.608214
0.028932 0.032602 0.034507 0.611801
0.026732 0.030445 0.034317 0.613316
0.028923 0.021869 0.035172 0.616931
0.026740 0.021869 0.034892 0.617542
0.028926 0.028963 0.034951 0.614609
0.028922 0.025290 0.035246 0.616395
0.026738 0.025894 0.034787 0.617079
0.026734 0.007595 0.034451 0.614919
0.026693 0.010302 0.031347 0.616852
0.026709 0.013055 0.032577 0.616926
0.028974 0.013156 0.031287 0.617409
0.028965 0.019889 0.031989 0.618409
0.026698 0.016229 0.031729 0.618665
0.028970 0.016788 0.031611 0.618208
0.026694 0.020074 0.031385 0.619360
0.044833 0.026966 0.016682 0.613579
0.044834 0.032314 0.016613 0.612555
0.042162 0.027406 0.016317 0.614680
0.043501 0.032426 0.016687 0.613104
0.042169 0.032561 0.016863 0.613639
0.042153 0.037011 0.015625 0.612893
0.042169 0.040628 0.016851 0.610929
0.042198 0.045000 0.019078 0.607406
0.044864 0.037083 0.014347 0.611814
0.044833 0.040756 0.016711 0.610365
0.044802 0.045000 0.019078 0.607705
0.026722 0.045000 0.033518 0.602031
0.028945 0.045000 0.033518 0.602287
0.028972 0.041433 0.031432 0.605618
0.026692 0.041396 0.031293 0.605420
0.042198 -0.005000 0.019078 0.622669
0.026722 -0.005000 0.033518 0.617897
0.044829 0.022339 0.016971 0.614639
0.042167 0.022450 0.016728 0.615632
0.042196 0.003128 0.018868 0.620579
0.042163 -0.000972 0.016366 0.622330
0.044828 -0.001058 0.017095 0.622098
0.044868 -0.005000 0.014052 0.623951
0.044847 0.002844 0.015599 0.621467
0.042167 0.017576 0.016706 0.617277
0.044832 0.017150 0.016732 0.616430
0.044832 0.007368 0.016801 0.619607
0.044833 0.012330 0.016681 0.617785
0.042163 0.012676 0.016370 0.618799
0.042162 0.007421 0.016278 0.620376
0.026730 0.002749 0.034121 0.616120
0.028951 0.002349 0.033057 0.616567
0.026694 -0.001416 0.031375 0.617767
0.028978 -0.001071 0.031043 0.617851
0.029005 -0.005000 0.028929 0.619270
0.028971 0.006344 0.031574 0.616163
0.028987 0.010250 0.030291 0.616984
0.026682 0.030620 0.030525 0.614094
0.026696 0.033858 0.031559 0.611289
0.028988 0.033731 0.030231 0.611983
0.026666 0.037385 0.029245 0.609085
0.029006 0.037440 0.028882 0.609401
0.028976 0.029814 0.031138 0.615479
0.026692 0.027480 0.031296 0.617418
0.026693 0.023820 0.031349 0.618629
0.028966 0.023629 0.031929 0.617735
0.028957 0.026757 0.032598 0.616493
0.029017 0.030881 0.028024 0.615656
0.026681 0.006462 0.030393 0.616362
0.029009 0.002924 0.028683 0.617699
0.026655 0.028976 0.028433 0.617652
0.029000 0.021744 0.029331 0.618999
0.026654 0.009637 0.028380 0.618029
0.026658 0.013213 0.028652 0.618763
0.029026 0.012447 0.027394 0.618804
0.029005 0.015453 0.028991 0.619351
0.026645 0.025595 0.027708 0.619148
0.029011 0.018682 0.028471 0.619469
0.026653 0.018093 0.028293 0.620322
0.026647 0.021969 0.027852 0.620306
0.011167 0.014231 0.042000 0.612950
0.044891 0.033306 0.012253 0.612704
0.044887 0.024646 0.012557 0.614661
0.044887 0.029507 0.012588 0.613409
0.042111 0.024924 0.012411 0.615622
0.042108 0.029742 0.012243 0.614594
0.042103 0.034684 0.011820 0.613681
0.044939 0.037240 0.008645 0.609420
0.042100 0.040396 0.011627 0.608295
0.042132 0.045000 0.014052 0.607575
0.044949 0.041711 0.007840 0.605149
0.044898 0.041304 0.011740 0.607206
0.044868 0.045000 0.014052 0.606993
0.026661 0.045000 0.028929 0.603167
0.029005 0.045000 0.028929 0.603436
0.011167 0.041154 0.042000 0.600721
0.013167 0.041154 0.042000 0.601073
0.029035 0.041169 0.026640 0.607026
0.027833 0.041098 0.026524 0.606972
0.026628 0.041031 0.026419 0.606913
0.042132 -0.005000 0.014052 0.623640
0.026661 -0.005000 0.028929 0.619207
0.044934 -0.005000 0.009026 0.624142
0.013167 -0.001154 0.042000 0.615534
0.013167 -0.005000 0.042000 0.615594
0.044886 0.020000 0.012660 0.616208
0.044888 0.014925 0.012499 0.617947
0.042114 0.020000 0.012660 0.617233
0.042100 -0.001448 0.011583 0.622614
0.042133 0.002781 0.014080 0.621719
0.044899 -0.000424 0.011675 0.623072
0.044892 0.004964 0.012211 0.621135
0.043501 -0.001251 0.008473 0.622627
0.044957 -0.001236 0.007285 0.622534
0.042111 0.015104 0.012400 0.618932
0.044887 0.009969 0.012619 0.619508
0.042108 0.010351 0.012224 0.620558
0.042105 0.006407 0.011966 0.621248
0.044943 0.012500 0.008330 0.619519
0.013167 0.018077 0.042000 0.613388
0.011167 0.018077 0.042000 0.613175
0.011167 0.037308 0.042000 0.603277
0.013167 0.037308 0.042000 0.603628
0.011167 0.033462 0.042000 0.605833
0.011167 0.021923 0.042000 0.611923
0.013167 0.021923 0.042000 0.613153
0.011167 0.029615 0.042000 0.608718
0.011167 0.025769 0.042000 0.610856
0.013167 0.025769 0.042000 0.611767
0.012218 0.030404 0.040167 0.609037
0.013167 0.033462 0.042000 0.606471
0.013167 0.029615 0.042000 0.609122
0.026660 0.002574 0.028801 0.617340
0.029037 -0.000964 0.026493 0.619131
0.026630 -0.001210 0.026513 0.619111
0.029069 -0.005000 0.024090 0.620654
0.029034 0.007801 0.026780 0.618474
0.029064 0.003133 0.024443 0.619966
0.026639 0.032609 0.027206 0.613350
0.029042 0.033531 0.026172 0.613157
0.026598 0.036727 0.024119 0.610870
0.029070 0.037240 0.023981 0.610785
0.029016 0.026156 0.028136 0.618026
0.029066 0.029657 0.024304 0.618010
0.045000 0.025000 0.000000 0.616345
0.045000 0.025000 0.004000 0.616092
0.044943 0.022500 0.008330 0.616150
0.042057 0.022500 0.008330 0.617218
0.045000 0.020000 0.000000 0.618520
0.026621 0.006602 0.025828 0.619165
0.026600 0.028620 0.024274 0.619201
0.029054 0.021529 0.025200 0.620254
0.029060 0.016196 0.024759 0.619809
0.029073 0.011483 0.023806 0.619941
0.026600 0.011366 0.024300 0.620402
0.026601 0.016339 0.024311 0.620688
0.026599 0.023760 0.024176 0.620844
0.026615 0.020049 0.025433 0.621057
0.013167 0.002692 0.042000 0.615475
0.013167 0.014231 0.042000 0.613162
0.013167 0.010385 0.042000 0.612937
0.013167 0.006538 0.042000 0.613262
0.012157 0.010419 0.040548 0.613484
0.011167 0.010385 0.042000 0.612724
0.011120 0.016321 0.038491 0.614644
0.013212 0.016054 0.038557 0.614821
0.011121 0.012534 0.038493 0.614421
0.011167 0.045000 0.042000 0.598165
0.013167 0.045000 0.042000 0.598517
0.044941 0.031808 0.008487 0.613285
0.044945 0.027298 0.008207 0.614555
0.042057 0.027500 0.008330 0.615533
0.042055 0.032382 0.008185 0.614082
0.045000 0.035000 0.004000 0.609839
0.045000 0.030000 0.004000 0.613796
0.045000 0.035000 0.000000 0.610796
0.045000 0.030000 0.000000 0.613565
0.013203 0.042261 0.039208 0.601198
0.012167 0.042382 0.039300 0.600907
0.011129 0.042256 0.039173 0.600847
0.045000 0.040000 0.004000 0.607021
0.042047 0.037297 0.007547 0.609081
0.042042 0.041434 0.007196 0.606530
0.042066 0.045000 0.009026 0.605008
0.045000 0.045000 0.004000 0.604202
0.043499 0.042893 0.006136 0.605427
0.044934 0.045000 0.009026 0.603279
0.045000 0.040000 0.000000 0.607985
0.045000 0.042500 0.002000 0.606093
0.026598 0.045000 0.024090 0.604364
0.029069 0.045000 0.024090 0.604648
0.045000 0.045000 0.000000 0.605166
0.011125 0.039201 0.038837 0.602980
0.011122 0.035686 0.038569 0.605397
0.013208 0.039165 0.038861 0.603362
0.011167 -0.005000 0.042000 0.615786
0.029099 0.040804 0.021793 0.608527
0.026564 0.040747 0.021495 0.608355
0.043500 -0.002505 0.006238 0.622994
0.042043 -0.001900 0.007260 0.622993
0.042066 -0.005000 0.009026 0.623398
0.026598 -0.005000 0.024090 0.620135
0.045000 -0.005000 0.004000 0.623395
0.045000 -0.002500 0.002000 0.623106
0.011167 -0.001154 0.042000 0.615727
0.011167 0.006538 0.042000 0.612498
0.011167 0.002692 0.042000 0.614935
0.013200 -0.002292 0.039500 0.615647
0.013203 0.000814 0.039208 0.615598
0.011131 -0.002314 0.039322 0.615853
0.013221 -0.005000 0.037871 0.616292
0.045000 0.000000 0.004000 0.622543
0.045000 0.000000 0.000000 0.622816
0.044943 0.017500 0.008330 0.617834
0.045000 0.020000 0.004000 0.617776
0.042057 0.017500 0.008330 0.618902
0.045000 0.015000 0.000000 0.620260
0.042059 0.002467 0.008453 0.622166
0.044944 0.007463 0.008268 0.620986
0.044951 0.002534 0.007687 0.621865
0.043501 -0.000001 0.006495 0.622549
0.045000 0.015000 0.004000 0.619555
0.042055 0.012664 0.008197 0.620445
0.042055 0.007817 0.008195 0.621272
0.045000 0.010000 0.004000 0.620838
0.045000 0.005000 0.004000 0.621691
0.045000 0.010000 0.000000 0.621112
0.045000 0.005000 0.000000 0.621964
0.013211 0.019974 0.038628 0.615019
0.011120 0.019998 0.038473 0.614868
0.013213 0.034905 0.038475 0.606655
0.011120 0.031490 0.038443 0.608677
0.011119 0.023668 0.038343 0.611760
0.013211 0.023509 0.038633 0.612960
0.011115 0.027643 0.038051 0.610530
0.013211 0.027284 0.038598 0.611937
0.013212 0.031006 0.038546 0.609396
0.026593 0.002912 0.023721 0.620508
0.029099 -0.000963 0.021804 0.621356
0.026564 -0.000927 0.021510 0.621255
0.029135 -0.005000 0.019078 0.622285
0.029129 0.003096 0.019532 0.622731
0.029095 0.007048 0.022134 0.621505
0.029135 0.036677 0.019067 0.612460
0.029104 0.033255 0.021403 0.615864
0.026566 0.032586 0.021696 0.615876
0.026535 0.036818 0.019304 0.611991
0.029120 0.029429 0.020230 0.619303
0.026543 0.029145 0.019946 0.620359
0.029096 0.024881 0.022036 0.620033
0.042500 0.027500 0.000000 0.615881
0.042000 0.025000 0.004000 0.617202
0.042500 0.022500 0.000000 0.618603
0.042000 0.020000 0.004000 0.618886
0.042500 0.017500 0.000000 0.620129
0.029122 0.010828 0.020069 0.621341
0.026564 0.007164 0.021554 0.621835
0.026552 0.025085 0.020587 0.621270
0.026543 0.010852 0.019953 0.621632
0.029115 0.014705 0.020597 0.620637
0.029109 0.019757 0.021033 0.620572
0.026553 0.014972 0.020677 0.621089
0.026560 0.020042 0.021211 0.620921
0.013207 0.004408 0.038932 0.613633
0.013214 0.012307 0.038373 0.614684
0.013259 0.018080 0.034959 0.616562
0.013214 0.008334 0.038424 0.614428
0.011118 0.008869 0.038271 0.614305
0.012166 0.018158 0.035060 0.616405
0.011075 0.018158 0.035013 0.616310
0.011075 0.014581 0.035034 0.616091
0.013263 0.014495 0.034713 0.616462
0.011074 0.010938 0.034972 0.615905
0.011112 0.045000 0.037871 0.599833
0.013221 0.045000 0.037871 0.600599
0.042500 0.037500 0.000000 0.610314
0.042000 0.030000 0.004000 0.614116
0.042000 0.035000 0.004000 0.610943
0.042500 0.032500 0.000000 0.613111
0.013247 0.041690 0.035875 0.603276
0.011086 0.041703 0.035906 0.602466
0.042000 0.040000 0.004000 0.608124
0.042000 0.045000 0.004000 0.605306
0.042500 0.042500 0.000000 0.607495
0.026532 0.045000 0.019078 0.605373
0.029135 0.045000 0.019078 0.606137
0.040000 0.045000 0.000000 0.607006
0.037778 0.045000 0.004000 0.607017
0.011084 0.033719 0.035701 0.607747
0.011069 0.037480 0.034580 0.605416
0.012175 0.039371 0.032862 0.605490
0.013270 0.037269 0.034159 0.606398
0.011112 -0.005000 0.037871 0.616216
0.045000 -0.005000 0.000000 0.623668
0.029166 0.040742 0.016695 0.609853
0.026502 0.040628 0.016851 0.610748
0.042000 0.000000 0.004000 0.622897
0.042000 -0.005000 0.004000 0.623749
0.026532 -0.005000 0.019078 0.621995
0.041725 -0.001112 0.002333 0.623233
0.042500 -0.002500 0.000000 0.623538
0.039375 -0.001657 0.004000 0.623490
0.011126 0.000772 0.038876 0.613324
0.011115 0.005047 0.038072 0.614170
0.013238 0.002557 0.036611 0.614423
0.011085 -0.001761 0.035827 0.614196
0.013250 -0.001298 0.035662 0.614070
0.013278 -0.005000 0.033518 0.616056
0.042500 0.002500 0.000000 0.622686
0.042000 0.015000 0.004000 0.620341
0.042500 0.012500 0.000000 0.620981
0.042000 0.005000 0.004000 0.622045
0.042000 0.010000 0.004000 0.621193
0.042500 0.007500 0.000000 0.621833
0.040000 0.002500 -0.002000 0.623118
0.040000 0.035000 0.000000 0.612644
0.040000 0.030000 0.000000 0.615427
0.040000 0.025000 0.000000 0.618196
0.040000 0.025000 -0.004000 0.619024
0.040000 0.030000 -0.004000 0.616363
0.040000 0.035000 -0.004000 0.613594
0.029197 0.037078 0.014345 0.613592
0.026486 0.037011 0.015625 0.612795
0.011074 0.021860 0.034962 0.614579
0.013257 0.021869 0.035172 0.616206
0.013265 0.032602 0.034507 0.609738
0.011066 0.030425 0.034332 0.610011
0.011073 0.025814 0.034883 0.611412
0.013256 0.025290 0.035246 0.612795
0.013259 0.028963 0.034951 0.611938
0.026529 0.003101 0.018900 0.622734
0.029161 -0.001057 0.017094 0.623444
0.026496 -0.001003 0.016375 0.623470
0.029201 -0.005000 0.014052 0.624354
0.029181 0.002845 0.015599 0.623135
0.040000 0.020000 0.000000 0.619998
0.040000 0.015000 0.000000 0.620851
0.040000 0.020000 -0.004000 0.620314
0.040000 0.015000 -0.004000 0.621522
0.029165 0.007370 0.016801 0.622283
0.029168 0.032315 0.016596 0.619293
0.027834 0.032404 0.016691 0.619640
0.026503 0.032560 0.016863 0.618818
0.029166 0.026938 0.016702 0.620338
0.026495 0.027421 0.016324 0.621426
0.029163 0.022324 0.016957 0.620513
0.037769 0.026675 0.004000 0.617691
0.037781 0.021681 0.004000 0.619701
0.037795 0.016711 0.004000 0.620546
0.029166 0.012331 0.016681 0.621446
0.026494 0.007390 0.016234 0.622634
0.026501 0.022453 0.016717 0.620952
0.026496 0.012693 0.016348 0.621723
0.029166 0.017162 0.016700 0.620635
0.026501 0.017619 0.016714 0.621101
0.013253 0.005754 0.035422 0.615630
0.013270 0.010295 0.034121 0.616482
0.013298 0.019889 0.031989 0.618007
0.011029 0.019934 0.031501 0.617987
0.013303 0.016788 0.031611 0.617995
0.011066 0.007668 0.034364 0.615985
0.011032 0.016213 0.031740 0.617662
0.011043 0.013060 0.032582 0.617100
0.013308 0.013155 0.031287 0.617928
0.011026 0.010411 0.031347 0.617498
0.011055 0.045000 0.033518 0.601237
0.013278 0.045000 0.033518 0.601301
0.040000 0.040000 0.000000 0.609825
0.037500 0.040000 -0.002000 0.611227
0.040000 0.040000 -0.004000 0.610789
0.037929 0.036615 0.004000 0.611531
0.037898 0.031775 0.004000 0.614271
0.013306 0.041433 0.031432 0.603555
0.011026 0.041317 0.031308 0.603541
0.037500 0.042500 0.000000 0.609335
0.037821 0.041435 0.004000 0.608853
0.034892 0.042125 0.002000 0.610025
0.026466 0.045000 0.014052 0.608202
0.029232 0.041330 0.011708 0.612855
0.029201 0.045000 0.014052 0.608388
0.035000 0.045000 0.000000 0.608846
0.033556 0.045000 0.004000 0.609562
0.036892 0.036708 0.000000 0.612824
0.036678 0.036176 -0.004000 0.614167
0.011016 0.030602 0.030529 0.610157
0.011030 0.033830 0.031576 0.609345
0.011000 0.037334 0.029320 0.606188
0.013339 0.037440 0.028882 0.607194
0.013322 0.033731 0.030231 0.610181
0.011055 -0.005000 0.033518 0.615025
0.040000 -0.005000 0.000000 0.624259
0.035670 0.022500 -0.004000 0.619713
0.029283 0.041711 0.007840 0.612694
0.026434 0.040396 0.011627 0.613443
0.038773 0.002223 0.004000 0.622900
0.040000 0.000000 0.000000 0.623407
0.036634 -0.000584 0.004000 0.623631
0.037778 -0.005000 0.004000 0.624249
0.037500 0.000000 -0.002000 0.623839
0.040000 0.000000 -0.004000 0.623681
0.026466 -0.005000 0.014052 0.624074
0.037500 -0.002500 0.000000 0.624129
0.011063 0.002753 0.034103 0.615814
0.013284 0.002349 0.033058 0.616106
0.011027 -0.001382 0.031378 0.616081
0.013311 -0.001072 0.031043 0.616421
0.013339 -0.005000 0.028929 0.617050
0.029267 -0.005000 0.009026 0.624911
0.040000 0.010000 0.000000 0.621703
0.040000 0.005000 0.000000 0.622555
0.037906 0.011786 0.004000 0.621372
0.037871 0.006468 0.004000 0.622283
0.036325 0.003314 0.000000 0.623277
0.040000 0.005000 -0.004000 0.622828
0.040000 0.010000 -0.004000 0.621976
0.036441 0.003171 -0.004000 0.623561
0.035670 0.022500 0.000000 0.619592
0.036407 0.032541 0.000000 0.615352
0.035996 0.027723 0.000000 0.618179
0.035835 0.027378 -0.004000 0.618453
0.036266 0.032276 -0.004000 0.616492
0.029225 0.033300 0.012270 0.616690
0.029272 0.037239 0.008645 0.613245
0.026436 0.034684 0.011820 0.615424
0.011028 0.023713 0.031430 0.614074
0.013299 0.023629 0.031929 0.615740
0.013310 0.029814 0.031139 0.611899
0.011028 0.027199 0.031450 0.611359
0.013290 0.026757 0.032598 0.612636
0.013351 0.030881 0.028024 0.611536
0.010988 0.028957 0.028428 0.611101
0.026433 -0.001443 0.011588 0.624465
0.026466 0.002789 0.014072 0.623570
0.029232 -0.000424 0.011675 0.623954
0.027834 -0.001251 0.008473 0.624479
0.029290 -0.001236 0.007285 0.624386
0.029225 0.004965 0.012211 0.623000
0.036100 0.017771 0.000000 0.620839
0.036094 0.013220 0.000000 0.621616
0.035693 0.017536 -0.004000 0.620993
0.035614 0.012788 -0.004000 0.622218
0.029220 0.009969 0.012620 0.622120
0.026438 0.006419 0.011967 0.623098
0.029220 0.029501 0.012610 0.620185
0.026442 0.029745 0.012248 0.620321
0.033676 0.028399 0.004000 0.617728
0.029221 0.024650 0.012567 0.620289
0.026444 0.024938 0.012391 0.620777
0.031630 0.020184 -0.004000 0.620351
0.029219 0.020000 0.012660 0.620413
0.033625 0.013343 0.004000 0.621613
0.032035 0.020358 0.000000 0.620181
0.033594 0.023341 0.004000 0.619913
0.033600 0.018355 0.004000 0.620762
0.029222 0.014942 0.012487 0.621281
0.026442 0.010349 0.012239 0.622409
0.029276 0.012500 0.008330 0.621975
0.026447 0.020000 0.012660 0.620915
0.026444 0.015119 0.012430 0.621583
0.010978 0.025623 0.027695 0.613602
0.013333 0.021744 0.029331 0.619313
0.010982 0.021720 0.027976 0.618208
0.013304 0.006341 0.031575 0.617398
0.013321 0.010249 0.030291 0.618206
0.013345 0.018681 0.028471 0.619522
0.013338 0.015453 0.028990 0.619098
0.010986 0.017775 0.028261 0.619312
0.011014 0.006482 0.030430 0.617678
0.013342 0.002923 0.028683 0.617709
0.010990 0.013316 0.028560 0.618916
0.013359 0.012446 0.027394 0.619641
0.010987 0.009671 0.028352 0.618796
0.010995 0.045000 0.028929 0.601675
0.013339 0.045000 0.028929 0.600902
0.033607 0.038084 0.004000 0.612293
0.035000 0.040000 0.000000 0.611665
0.035000 0.040000 -0.004000 0.612629
0.033686 0.033391 0.004000 0.614910
0.013369 0.041169 0.026640 0.603364
0.012167 0.041091 0.026534 0.603817
0.010963 0.041105 0.026494 0.604211
0.032500 0.042500 0.000000 0.611175
0.032283 0.041750 0.004000 0.610714
0.026399 0.045000 0.009026 0.611695
0.029267 0.045000 0.009026 0.611890
0.030000 0.045000 0.000000 0.611247
0.030000 0.040000 -0.004000 0.614469
0.029333 0.045000 0.004000 0.612788
0.026375 0.041434 0.007196 0.614631
0.027832 0.042893 0.006136 0.613856
0.032513 0.035513 0.000000 0.615109
0.032215 0.035409 -0.004000 0.616242
0.010972 0.032630 0.027233 0.609528
0.010932 0.036771 0.024178 0.606811
0.013404 0.037240 0.023981 0.608256
0.013375 0.033531 0.026173 0.610589
0.010995 -0.005000 0.028929 0.616849
0.035000 -0.005000 0.000000 0.624850
0.033556 -0.005000 0.004000 0.624748
0.031535 0.024813 -0.004000 0.619157
0.029333 0.040000 0.004000 0.612786
0.026380 0.037297 0.007547 0.614541
0.034181 0.002620 0.004000 0.623375
0.035000 0.000000 0.000000 0.623998
0.033561 -0.001760 0.004000 0.624195
0.035000 0.000000 -0.004000 0.624272
0.026399 -0.005000 0.009026 0.625250
0.029333 -0.005000 0.004000 0.625247
0.032500 -0.002500 0.000000 0.624720
0.010993 0.002631 0.028800 0.617565
0.010963 -0.001158 0.026489 0.617980
0.013371 -0.000964 0.026491 0.618195
0.013402 -0.005000 0.024090 0.618930
0.027833 -0.002505 0.006238 0.624846
0.026376 -0.001900 0.007260 0.624845
0.035495 0.007696 0.000000 0.622628
0.033775 0.008214 0.004000 0.622470
0.029333 0.000000 0.004000 0.624395
0.032501 0.003729 0.000000 0.623658
0.035376 0.007534 -0.004000 0.622943
0.032222 0.003492 -0.004000 0.624005
0.030000 0.000000 -0.004000 0.624863
0.031722 0.025100 0.000000 0.618961
0.032092 0.029997 0.000000 0.617694
0.032083 0.029792 -0.004000 0.617868
0.029333 0.035000 0.004000 0.615605
0.029275 0.031734 0.008413 0.616403
0.026388 0.032382 0.008187 0.617042
0.013349 0.026156 0.028136 0.614625
0.013400 0.029657 0.024303 0.612279
0.010934 0.028670 0.024295 0.611588
0.029333 0.005000 0.004000 0.623542
0.026392 0.002468 0.008453 0.624017
0.027834 -0.000000 0.006496 0.624401
0.029285 0.002533 0.007687 0.623717
0.029277 0.007463 0.008269 0.622837
0.031794 0.015623 0.000000 0.621523
0.032172 0.011647 0.000000 0.622347
0.031756 0.015360 -0.004000 0.621593
0.031951 0.011550 -0.004000 0.622574
0.029333 0.010000 0.004000 0.622690
0.026389 0.007823 0.008196 0.623123
0.029333 0.030000 0.004000 0.617562
0.029278 0.027219 0.008193 0.619448
0.026390 0.027500 0.008330 0.618615
0.029333 0.025000 0.004000 0.618890
0.029276 0.022500 0.008330 0.620271
0.026390 0.022500 0.008330 0.620712
0.027881 0.022644 0.000000 0.619633
0.027800 0.022389 -0.004000 0.619820
0.029629 0.014020 -0.002000 0.621900
0.027673 0.017611 -0.004000 0.621054
0.028160 0.017903 0.000000 0.620853
0.029276 0.017500 0.008330 0.621123
0.029333 0.015000 0.004000 0.621838
0.029333 0.020000 0.004000 0.620986
0.026388 0.012660 0.008190 0.622299
0.026390 0.017500 0.008330 0.621464
0.010934 0.023535 0.024325 0.617894
0.013388 0.021528 0.025200 0.621200
0.010948 0.019844 0.025349 0.620738
0.013367 0.007800 0.026780 0.619195
0.013398 0.003134 0.024441 0.619192
0.013394 0.016195 0.024758 0.621049
0.010932 0.016226 0.024161 0.621058
0.010954 0.006613 0.025801 0.619189
0.013406 0.011499 0.023820 0.620754
0.010932 0.011344 0.024139 0.620577
0.010931 0.045000 0.024090 0.602228
0.013402 0.045000 0.024090 0.601413
0.030000 0.040000 0.000000 0.613505
0.028574 0.032111 0.000000 0.617150
0.028328 0.031912 -0.004000 0.617354
0.013433 0.040804 0.021794 0.605151
0.010896 0.040666 0.021416 0.604796
0.025000 0.040000 -0.004000 0.615207
0.027500 0.042500 0.000000 0.613015
0.026333 0.045000 0.004000 0.613895
0.025000 0.045000 0.000000 0.613912
0.026830 0.035683 -0.004000 0.616352
0.026333 0.040000 0.004000 0.613890
0.027250 0.035856 0.000000 0.616194
0.010869 0.036863 0.019377 0.607423
0.010900 0.032613 0.021754 0.610919
0.013468 0.036677 0.019067 0.608958
0.013438 0.033255 0.021403 0.611600
0.010931 -0.005000 0.024090 0.618718
0.030000 -0.005000 0.000000 0.625441
0.027243 0.027428 -0.004000 0.618526
0.026333 0.035000 0.004000 0.616450
0.010878 0.029165 0.020046 0.613365
0.013453 0.029429 0.020230 0.613791
0.030000 0.000000 0.000000 0.624589
0.026333 -0.005000 0.004000 0.625601
0.027500 -0.002500 0.000000 0.625311
0.010926 0.002911 0.023707 0.619254
0.010896 -0.000984 0.021446 0.619936
0.013432 -0.000963 0.021802 0.620016
0.013468 -0.005000 0.019078 0.620877
0.026333 0.000000 0.004000 0.624749
0.023708 -0.001657 0.004000 0.625342
0.030186 0.008293 0.000000 0.623154
0.027611 0.004264 0.000000 0.624145
0.029611 0.007690 -0.004000 0.623593
0.027414 0.003980 -0.004000 0.624490
0.025000 0.000000 -0.004000 0.625454
0.027326 0.027746 0.000000 0.618323
0.026333 0.030000 0.004000 0.617580
0.013429 0.024881 0.022036 0.619033
0.010887 0.024963 0.020745 0.617633
0.026333 0.005000 0.004000 0.623897
0.027502 0.012680 0.000000 0.622320
0.027418 0.012820 -0.004000 0.622292
0.026333 0.010000 0.004000 0.623045
0.024149 0.023826 -0.004000 0.619486
0.023872 0.020014 -0.004000 0.620472
0.024221 0.016096 -0.004000 0.621479
0.024209 0.024019 0.000000 0.619315
0.026333 0.025000 0.004000 0.618919
0.026333 0.020000 0.004000 0.620275
0.023966 0.020048 0.000000 0.620342
0.024358 0.016249 0.000000 0.621318
0.026333 0.015000 0.004000 0.622193
0.010894 0.019960 0.021285 0.622787
0.013443 0.019757 0.021032 0.622972
0.013462 0.003097 0.019527 0.621099
0.013428 0.007049 0.022132 0.620375
0.013448 0.014704 0.020590 0.622469
0.013455 0.010827 0.020069 0.621784
0.010884 0.014945 0.020499 0.622430
0.010897 0.007171 0.021543 0.620508
0.010875 0.010784 0.019847 0.621727
0.010865 0.045000 0.019078 0.604302
0.013468 0.045000 0.019078 0.602938
0.025000 0.040000 0.000000 0.615345
0.024514 0.031970 0.000000 0.617211
0.024370 0.031578 -0.004000 0.617466
0.022500 0.042500 0.000000 0.614980
0.022111 0.045000 0.004000 0.614901
0.020000 0.040000 -0.004000 0.615236
0.013500 0.040742 0.016695 0.607656
0.010834 0.040608 0.016749 0.606043
0.022207 0.035828 -0.004000 0.616340
0.023032 0.041372 0.004000 0.615425
0.013531 0.037078 0.014345 0.611082
0.010818 0.037021 0.015533 0.609407
0.020000 0.045000 0.000000 0.615387
0.022423 0.035913 0.000000 0.616167
0.022827 0.036777 0.004000 0.615785
0.010835 0.032585 0.016806 0.612073
0.013501 0.032316 0.016594 0.613724
0.010865 -0.005000 0.019078 0.620654
0.025000 -0.005000 0.000000 0.626032
0.022191 0.027544 0.000000 0.618410
0.021968 0.027409 -0.004000 0.618584
0.022542 0.031852 0.004000 0.617105
0.010831 0.027433 0.016476 0.617570
0.013500 0.026938 0.016702 0.618514
0.025000 0.000000 0.000000 0.625180
0.022111 -0.005000 0.004000 0.626101
0.022500 -0.002500 0.000000 0.625902
0.010862 0.003066 0.018813 0.621152
0.010829 -0.000996 0.016343 0.621907
0.013494 -0.001057 0.017095 0.621840
0.013534 -0.005000 0.014052 0.622749
0.013514 0.002845 0.015599 0.622788
0.023106 0.002223 0.004000 0.624752
0.020967 -0.000584 0.004000 0.625483
0.025131 0.008580 0.000000 0.623702
0.022500 0.004330 0.000000 0.624738
0.021979 0.002318 -0.002222 0.625294
0.020000 0.000000 -0.004000 0.625673
0.024652 0.008062 -0.004000 0.623547
0.022500 0.004330 -0.004000 0.624531
0.019934 0.022834 -0.004000 0.619784
0.022205 0.026697 0.004000 0.618488
0.013496 0.022324 0.016957 0.623180
0.010836 0.022404 0.016838 0.622527
0.022283 0.012528 -0.004000 0.622419
0.022205 0.006453 0.004000 0.624137
0.019996 0.016982 -0.004000 0.621293
0.022507 0.012916 0.000000 0.622196
0.022147 0.011681 0.004000 0.623253
0.020029 0.023014 0.000000 0.619616
0.020046 0.017115 0.000000 0.621138
0.022201 0.021711 0.004000 0.619810
0.022118 0.016743 0.004000 0.621294
0.010835 0.017510 0.016815 0.623787
0.013500 0.017159 0.016698 0.623343
0.013498 0.007369 0.016801 0.622598
0.013500 0.012331 0.016681 0.623351
0.010828 0.012562 0.016287 0.623414
0.010829 0.007428 0.016331 0.622523
0.010799 0.045000 0.014052 0.607094
0.013565 0.041330 0.011708 0.610209
0.013534 0.045000 0.014052 0.606972
0.020000 0.040000 0.000000 0.615410
0.017889 0.045000 0.004000 0.614543
0.017500 0.042500 0.000000 0.615034
0.019936 0.031816 0.000000 0.617279
0.019594 0.031538 -0.004000 0.617504
0.015000 0.040000 -0.004000 0.615534
0.017889 0.042385 0.004000 0.615353
0.013616 0.041711 0.007840 0.612339
0.017500 0.035670 -0.004000 0.616410
0.017478 0.037465 -0.002000 0.615855
0.010767 0.040396 0.011605 0.610179
0.017500 0.035670 0.000000 0.616261
0.018452 0.038430 0.004000 0.616097
0.013558 0.033300 0.012270 0.615662
0.013606 0.037239 0.008645 0.614765
0.010770 0.034683 0.011835 0.613772
0.015000 0.045000 0.000000 0.615333
0.017487 0.027090 -0.004000 0.618708
0.018350 0.033518 0.004000 0.616683
0.013553 0.029501 0.012610 0.619876
0.010776 0.029809 0.012282 0.618668
0.010799 -0.005000 0.014052 0.622496
0.020000 -0.005000 0.000000 0.626624
0.017889 -0.005000 0.004000 0.626600
0.017743 0.027585 0.000000 0.618425
0.018308 0.028548 0.004000 0.618015
0.013554 0.024650 0.012567 0.620252
0.010778 0.024916 0.012464 0.620052
0.015590 0.023688 -0.004000 0.619608
0.020000 0.000000 0.000000 0.625771
0.017894 -0.001760 0.004000 0.626047
0.013601 -0.005000 0.009026 0.624811
0.017500 -0.002500 0.000000 0.626493
0.015000 0.000000 -0.004000 0.625723
0.010799 0.002785 0.014076 0.623127
0.010767 -0.001445 0.011588 0.623779
0.013566 -0.000424 0.011675 0.624117
0.013559 0.004964 0.012211 0.624359
0.013623 -0.001236 0.007285 0.625848
0.018514 0.002620 0.004000 0.625227
0.020403 0.008472 0.000000 0.623363
0.017789 0.004186 0.000000 0.625304
0.017605 0.004038 -0.004000 0.624656
0.019983 0.008151 -0.004000 0.623571
0.016040 0.019909 -0.004000 0.620578
0.016130 0.019988 0.000000 0.620436
0.015764 0.023894 0.000000 0.619425
0.018018 0.023362 0.004000 0.619405
0.013553 0.020000 0.012660 0.623246
0.010781 0.020000 0.012660 0.622637
0.017810 0.012454 -0.004000 0.622483
0.015793 0.015981 -0.004000 0.621594
0.018032 0.012590 0.000000 0.622325
0.018078 0.008211 0.004000 0.624326
0.015894 0.016161 0.000000 0.621425
0.018048 0.013341 0.004000 0.622443
0.018012 0.018437 0.004000 0.620696
0.010777 0.015122 0.012407 0.623866
0.013555 0.014942 0.012486 0.623371
0.013553 0.009969 0.012620 0.623972
0.013610 0.012500 0.008330 0.623827
0.010775 0.010450 0.012215 0.624246
0.010772 0.006423 0.011969 0.624298
0.010733 0.045000 0.009026 0.608753
0.013601 0.045000 0.009026 0.610086
0.015000 0.040000 0.000000 0.615434
0.013667 0.045000 0.004000 0.612551
0.012500 0.042500 0.000000 0.615816
0.010709 0.041434 0.007196 0.612184
0.012166 0.042893 0.006136 0.612244
0.015220 0.031662 0.000000 0.617347
0.015002 0.031456 -0.004000 0.617553
0.012503 0.035769 -0.004000 0.616412
0.010000 0.040000 -0.004000 0.615605
0.013667 0.040000 0.004000 0.615818
0.012644 0.035802 0.000000 0.617055
0.010713 0.037297 0.007544 0.614674
0.013667 0.035000 0.004000 0.617924
0.013609 0.031734 0.008413 0.619481
0.010722 0.032377 0.008191 0.619046
0.010000 0.045000 0.000000 0.614077
0.012469 0.027143 -0.004000 0.618722
0.012514 0.027128 0.000000 0.618577
0.013667 0.030000 0.004000 0.617653
0.013611 0.027219 0.008193 0.618242
0.010724 0.027500 0.008330 0.618826
0.010733 -0.005000 0.009026 0.624518
0.013667 -0.005000 0.004000 0.626873
0.015000 -0.005000 0.000000 0.627215
0.013667 0.025000 0.004000 0.618992
0.013610 0.022500 0.008330 0.619500
0.010724 0.022500 0.008330 0.619517
0.012362 0.022375 0.000000 0.619851
0.011898 0.022031 -0.004000 0.620072
0.015000 0.000000 0.000000 0.626362
0.013667 0.000000 0.004000 0.626247
0.010710 -0.001900 0.007260 0.625503
0.012167 -0.002571 0.006121 0.626060
0.012500 -0.002500 0.000000 0.627084
0.012747 0.004147 -0.004000 0.624676
0.010000 0.000000 -0.004000 0.625774
0.010725 0.002467 0.008452 0.625392
0.012167 -0.000000 0.006496 0.626128
0.013610 0.007464 0.008270 0.624689
0.013618 0.002534 0.007687 0.625568
0.013148 0.004327 0.000000 0.624505
0.013667 0.005000 0.004000 0.625394
0.015623 0.008426 0.000000 0.623423
0.015482 0.008026 -0.004000 0.623648
0.011426 0.007887 -0.004000 0.623725
0.012677 0.012254 -0.004000 0.622586
0.012124 0.017352 -0.004000 0.621277
0.012202 0.017619 0.000000 0.621087
0.013667 0.020000 0.004000 0.620331
0.013610 0.017500 0.008330 0.621828
0.010724 0.017500 0.008330 0.621079
0.012751 0.012570 0.000000 0.622383
0.013667 0.010000 0.004000 0.623473
0.013667 0.015000 0.004000 0.621626
0.010722 0.012718 0.008220 0.624098
0.010722 0.007825 0.008193 0.624974
0.010667 0.045000 0.004000 0.611798
0.007500 0.042500 0.000000 0.615082
0.005000 0.045000 0.000000 0.614525
0.010000 0.040000 0.000000 0.616192
0.010667 0.040000 0.004000 0.615064
0.005000 0.040000 -0.004000 0.616202
0.010052 0.031794 -0.004000 0.617491
0.007570 0.036317 -0.004000 0.617444
0.010363 0.032193 0.000000 0.617233
0.007680 0.036544 0.000000 0.617287
0.010667 0.035000 0.004000 0.617939
0.007951 0.028265 -0.004000 0.618448
0.010667 0.030000 0.004000 0.617670
0.007939 0.028454 0.000000 0.618248
0.006444 0.045000 0.004000 0.612374
0.002222 0.045000 0.004000 0.613945
0.000000 0.045000 0.000000 0.616384
-0.005000 0.045000 0.000000 0.618244
0.008263 0.024234 -0.004000 0.619525
0.008136 0.024640 0.000000 0.619269
0.010667 0.025000 0.004000 0.619009
0.010667 -0.005000 0.004000 0.626566
0.010271 -0.002078 0.002000 0.627139
0.010000 -0.005000 0.000000 0.627806
0.008042 0.019690 -0.004000 0.620715
0.010667 0.020000 0.004000 0.620348
0.008321 0.019872 0.000000 0.620544
0.010000 0.000000 0.000000 0.626007
0.010667 0.000000 0.004000 0.626601
0.007500 -0.002500 0.000000 0.626977
0.008041 -0.001657 0.004000 0.626584
0.005000 0.000000 -0.004000 0.625824
0.003108 0.003292 -0.004000 0.624994
0.008290 0.014885 -0.004000 0.621952
0.007487 0.004487 -0.004000 0.624642
0.007912 0.010004 -0.004000 0.623214
0.007785 0.004591 0.000000 0.624491
0.010667 0.005000 0.004000 0.625749
0.011657 0.008079 0.000000 0.623553
0.007890 0.010228 0.000000 0.623036
0.008491 0.015154 0.000000 0.621759
0.010667 0.015000 0.004000 0.621657
0.010667 0.010000 0.004000 0.622946
0.005000 0.040000 0.000000 0.616087
0.007365 0.041372 0.004000 0.613339
0.002500 0.042500 0.000000 0.615864
0.004861 0.042442 0.002000 0.614189
0.003769 0.036725 -0.004000 0.617357
0.000000 0.040000 -0.004000 0.618523
0.004611 0.032145 -0.004000 0.617428
0.000000 0.035000 -0.004000 0.618283
0.007160 0.036777 0.004000 0.616289
0.003592 0.036860 0.000000 0.617176
0.004090 0.026705 -0.004000 0.618888
0.000000 0.030000 -0.004000 0.618029
0.004721 0.032399 0.000000 0.619408
0.006875 0.031852 0.004000 0.619613
0.003918 0.022258 -0.004000 0.620080
0.000000 0.025000 -0.004000 0.619368
0.004291 0.027182 0.000000 0.618610
0.006538 0.026697 0.004000 0.618578
0.002222 0.042385 0.004000 0.614373
0.000000 0.040000 0.000000 0.617203
-0.002500 0.042500 0.000000 0.617724
-0.005000 0.042500 0.002000 0.617847
-0.005000 0.040000 0.000000 0.619063
-0.002000 0.045000 0.004000 0.615515
-0.003501 0.042893 0.006136 0.615557
-0.005000 0.045000 0.004000 0.616824
0.004330 0.017500 -0.004000 0.621317
0.000000 0.020000 -0.004000 0.620343
0.004259 0.022455 0.000000 0.619876
0.006534 0.021711 0.004000 0.619914
0.000000 0.000000 -0.004000 0.626331
0.006444 -0.005000 0.004000 0.626134
0.005000 -0.005000 0.000000 0.627566
0.004012 0.012276 -0.004000 0.622668
0.000000 0.015000 -0.004000 0.622005
0.000000 0.010000 -0.004000 0.623295
0.004330 0.017500 0.000000 0.621196
0.006452 0.016743 0.004000 0.621244
0.005000 0.000000 0.000000 0.625703
0.007439 0.002223 0.004000 0.626604
0.002500 -0.002500 0.000000 0.626036
0.005300 -0.000584 0.004000 0.626395
0.003593 0.007459 -0.004000 0.623914
0.000000 0.005000 -0.004000 0.624584
0.000000 0.002500 -0.002000 0.625169
0.003322 0.003824 0.000000 0.624734
0.004186 0.012639 0.000000 0.622451
0.003733 0.007704 0.000000 0.623729
0.006538 0.006453 0.004000 0.623934
0.006480 0.011681 0.004000 0.622555
0.000000 -0.005000 0.000000 0.626155
-0.005000 -0.005000 0.000000 0.626792
0.002222 -0.005000 0.004000 0.625701
0.002785 0.038430 0.004000 0.614812
0.000000 0.035000 0.000000 0.618136
-0.002500 0.037500 0.000000 0.618543
0.000000 0.030000 0.000000 0.620586
0.002684 0.033518 0.004000 0.617981
-0.002500 0.032500 0.000000 0.618424
-0.005000 0.035000 0.000000 0.619882
-0.005000 0.030000 0.000000 0.617686
0.000000 0.025000 0.000000 0.618965
-0.002500 0.027500 0.000000 0.618165
0.002641 0.028548 0.004000 0.620985
-0.005000 0.025000 0.000000 0.615312
0.000000 0.020000 0.000000 0.619698
-0.002500 0.022500 0.000000 0.617424
0.002352 0.023362 0.004000 0.619496
-0.005000 0.040000 0.004000 0.617450
-0.004934 0.045000 0.009026 0.615026
-0.002066 0.045000 0.009026 0.613513
-0.002000 0.040000 0.004000 0.616334
-0.002051 0.041711 0.007840 0.614524
-0.004958 0.041434 0.007196 0.615911
-0.005000 0.020000 0.000000 0.615884
0.000000 0.015000 0.000000 0.620903
0.002345 0.018437 0.004000 0.620814
-0.002500 0.017500 0.000000 0.618157
-0.005000 0.015000 0.000000 0.616617
0.000000 0.000000 0.000000 0.625460
0.002227 -0.001760 0.004000 0.625980
-0.002500 -0.002500 0.000000 0.625544
-0.005000 -0.002500 0.002000 0.624903
-0.005000 0.000000 0.000000 0.624920
0.000000 0.010000 0.000000 0.623174
0.002382 0.013341 0.004000 0.622168
-0.002500 0.012500 0.000000 0.619885
-0.005000 0.010000 0.000000 0.618867
0.002848 0.002620 0.004000 0.625133
0.000000 0.005000 0.000000 0.624464
0.002411 0.008211 0.004000 0.623491
-0.002500 0.002500 0.000000 0.624884
-0.002500 0.007500 0.000000 0.622463
-0.005000 0.005000 0.000000 0.621666
-0.005000 -0.005000 0.004000 0.626030
-0.002000 -0.005000 0.004000 0.625269
-0.003500 -0.002505 0.006238 0.624414
-0.005000 0.035000 0.004000 0.618269
-0.002000 0.035000 0.004000 0.617153
-0.002000 0.030000 0.004000 0.618371
-0.005000 0.030000 0.004000 0.617772
-0.005000 0.025000 0.004000 0.617447
-0.002000 0.025000 0.004000 0.618612
-0.005000 0.020000 0.004000 0.615238
-0.002000 0.020000 0.004000 0.617527
-0.002132 0.045000 0.014052 0.611167
-0.004868 0.045000 0.014052 0.612882
-0.004953 0.037297 0.007547 0.616445
-0.004900 0.040396 0.011627 0.613944
-0.002102 0.041304 0.011740 0.612681
-0.002061 0.037240 0.008645 0.614936
-0.002198 0.045000 0.019078 0.609106
-0.004802 0.045000 0.019078 0.610738
-0.002264 0.045000 0.024090 0.607051
-0.005000 0.015000 0.004000 0.615971
-0.005000 0.010000 0.004000 0.617439
-0.002000 0.015000 0.004000 0.618260
-0.005000 0.000000 0.004000 0.623947
-0.004957 -0.001900 0.007260 0.623899
-0.002000 0.000000 0.004000 0.624726
-0.003499 -0.000000 0.006496 0.624524
-0.005000 0.005000 0.004000 0.620693
-0.002000 0.010000 0.004000 0.619943
-0.002000 0.005000 0.004000 0.623112
-0.003499 -0.001251 0.008473 0.623608
-0.002043 -0.001236 0.007285 0.624244
-0.004934 -0.005000 0.009026 0.624838
-0.002066 -0.005000 0.009026 0.623675
-0.004945 0.032382 0.008188 0.616989
-0.004943 0.022500 0.008330 0.617750
-0.004943 0.017500 0.008330 0.614972
-0.002059 0.031808 0.008487 0.615889
-0.004943 0.027500 0.008330 0.616288
-0.002057 0.017500 0.008330 0.617152
-0.002055 0.027274 0.008205 0.617713
-0.002057 0.022500 0.008330 0.619019
-0.002167 0.040758 0.016711 0.610102
-0.004831 0.040627 0.016843 0.611718
-0.004897 0.034686 0.011820 0.614772
-0.004847 0.037012 0.015628 0.612258
-0.002136 0.037083 0.014347 0.611914
-0.002109 0.033306 0.012253 0.613815
-0.002233 0.040946 0.021710 0.608051
-0.003488 0.043366 0.024016 0.607858
-0.004736 0.045000 0.024090 0.608600
-0.004770 0.040741 0.021502 0.609730
-0.002297 0.041212 0.026597 0.605264
-0.004672 0.045000 0.028929 0.605809
-0.002328 0.045000 0.028929 0.604019
-0.002388 0.045000 0.033518 0.602735
-0.002446 0.045000 0.037871 0.602068
-0.004612 0.045000 0.033518 0.602384
-0.004554 0.045000 0.037871 0.601735
-0.002500 0.045000 0.042000 0.600225
-0.004945 0.012657 0.008190 0.616333
-0.004900 -0.001443 0.011588 0.622309
-0.004945 0.007823 0.008197 0.617880
-0.002057 0.012500 0.008330 0.618247
-0.004941 0.002468 0.008453 0.623787
-0.002049 0.002533 0.007687 0.624402
-0.002056 0.007463 0.008269 0.622109
-0.002101 -0.000424 0.011675 0.622548
-0.004868 -0.005000 0.014052 0.622737
-0.002132 -0.005000 0.014052 0.621861
-0.004891 0.029751 0.012247 0.615402
-0.004889 0.024954 0.012419 0.614639
-0.002112 0.014927 0.012499 0.620090
-0.004890 0.015112 0.012395 0.616167
-0.004886 0.020000 0.012660 0.616480
-0.002113 0.029507 0.012588 0.614421
-0.002114 0.020000 0.012660 0.618472
-0.002113 0.024660 0.012575 0.616709
-0.004831 0.032574 0.016860 0.612160
-0.002198 0.036701 0.019070 0.609223
-0.004798 0.036831 0.019322 0.610683
-0.003499 0.032422 0.016694 0.611832
-0.002166 0.032314 0.016613 0.611445
-0.002262 0.037302 0.023947 0.607129
-0.004705 0.041038 0.026423 0.607093
-0.003500 0.039263 0.027801 0.607101
-0.004735 0.036724 0.024124 0.608443
-0.002361 0.041399 0.031435 0.604461
-0.002328 0.037413 0.028947 0.607344
-0.004500 0.045000 0.042000 0.600962
-0.002420 0.041670 0.035894 0.602844
-0.002463 0.042261 0.039208 0.602253
-0.004641 0.041397 0.031294 0.604938
-0.003505 0.042311 0.039022 0.602109
-0.003548 0.041473 0.035637 0.603035
-0.004580 0.041703 0.035906 0.603012
-0.004537 0.042256 0.039173 0.601931
-0.002500 0.041154 0.042000 0.601983
-0.004892 0.010346 0.012239 0.621769
-0.004895 0.006418 0.011968 0.622802
-0.004867 0.002789 0.014071 0.621629
-0.004836 -0.000857 0.016435 0.620537
-0.002113 0.009969 0.012619 0.623519
-0.002108 0.004965 0.012211 0.622755
-0.002153 0.002845 0.015599 0.621272
-0.002172 -0.001057 0.017094 0.620500
-0.004802 -0.005000 0.019078 0.619314
-0.002198 -0.005000 0.019078 0.619536
-0.004838 0.027415 0.016309 0.613711
-0.004833 0.022468 0.016723 0.616096
-0.004838 0.012690 0.016348 0.622422
-0.002167 0.012331 0.016682 0.622591
-0.002168 0.017150 0.016730 0.619206
-0.004833 0.017571 0.016700 0.618432
-0.002167 0.026966 0.016682 0.612888
-0.002170 0.022328 0.016952 0.617127
-0.004790 0.029147 0.019964 0.612872
-0.004767 0.032626 0.021730 0.610768
-0.002230 0.033351 0.021448 0.609009
-0.002213 0.029477 0.020217 0.611466
-0.002292 0.033536 0.026186 0.610264
-0.004668 0.037397 0.029250 0.607669
-0.004695 0.032629 0.027196 0.610594
-0.002346 0.033788 0.030300 0.608591
-0.002397 0.037295 0.034163 0.605417
-0.004500 0.041154 0.042000 0.601666
-0.002459 0.039165 0.038861 0.602746
-0.004597 0.037622 0.034603 0.605496
-0.004542 0.039197 0.038837 0.603099
-0.002500 0.037308 0.042000 0.602529
-0.004839 0.007395 0.016245 0.621699
-0.004804 0.003101 0.018879 0.620119
-0.004770 -0.000874 0.021490 0.618607
-0.004736 -0.005000 0.024090 0.617378
-0.002168 0.007370 0.016801 0.621597
-0.002204 0.003096 0.019531 0.619992
-0.002234 -0.000982 0.021805 0.618674
-0.002264 -0.005000 0.024090 0.617589
-0.002211 0.010828 0.020069 0.621183
-0.004781 0.025060 0.020616 0.611630
-0.004790 0.010862 0.019948 0.620965
-0.004781 0.014975 0.020666 0.617607
-0.004774 0.020098 0.021199 0.614121
-0.002218 0.014707 0.020596 0.619916
-0.002224 0.019756 0.021034 0.614452
-0.004733 0.028610 0.024264 0.610784
-0.002238 0.024883 0.022074 0.610814
-0.002267 0.029644 0.024282 0.610306
-0.002316 0.030871 0.028021 0.609870
-0.004679 0.028975 0.028426 0.610220
-0.002357 0.029840 0.031147 0.609393
-0.004637 0.033857 0.031556 0.608500
-0.004651 0.030625 0.030524 0.610017
-0.002402 0.032671 0.034516 0.607528
-0.004583 0.033736 0.035718 0.606954
-0.002453 0.034918 0.038419 0.604951
-0.004500 0.037308 0.042000 0.602798
-0.004546 0.035688 0.038540 0.604918
-0.002500 0.033462 0.042000 0.604296
-0.004769 0.007164 0.021545 0.620033
-0.004740 0.002979 0.023765 0.618705
-0.004672 -0.005000 0.028929 0.615692
-0.004703 -0.001193 0.026541 0.617108
-0.002328 -0.005000 0.028929 0.615746
-0.002239 0.007048 0.022133 0.620014
-0.002269 0.003071 0.024440 0.618587
-0.002296 -0.000978 0.026503 0.617216
-0.004612 -0.005000 0.033518 0.613956
-0.002388 -0.005000 0.033518 0.614192
-0.004554 -0.005000 0.037871 0.612006
-0.002446 -0.005000 0.037871 0.612230
-0.002261 0.011486 0.023813 0.619534
-0.004734 0.023770 0.024210 0.610658
-0.004733 0.011343 0.024269 0.619058
-0.004733 0.016333 0.024308 0.615160
-0.004718 0.020081 0.025451 0.612346
-0.002273 0.016198 0.024747 0.615961
-0.002279 0.021542 0.025204 0.611502
-0.004688 0.025616 0.027709 0.610136
-0.002318 0.026084 0.028154 0.609589
-0.004639 0.027268 0.031429 0.609706
-0.002376 0.026714 0.032572 0.609030
-0.002408 0.028940 0.034981 0.608828
-0.004601 0.030448 0.034307 0.609096
-0.002455 0.031067 0.038576 0.606762
-0.004547 0.031497 0.038454 0.606988
-0.004500 0.033462 0.042000 0.604666
-0.002500 0.029615 0.042000 0.606164
-0.004712 0.006686 0.025924 0.618043
-0.004674 0.002551 0.028791 0.616516
-0.004640 -0.001440 0.031331 0.615144
-0.002356 -0.001079 0.031036 0.615541
-0.002299 0.007780 0.026744 0.617995
-0.002325 0.002899 0.028674 0.616839
-0.004581 -0.001727 0.035821 0.613116
-0.004535 -0.002307 0.039325 0.611513
-0.002417 -0.001298 0.035662 0.613443
-0.002467 -0.002292 0.039500 0.611655
-0.004500 -0.005000 0.042000 0.610156
-0.002500 -0.005000 0.042000 0.610369
-0.002308 0.012447 0.027394 0.617976
-0.004679 0.009630 0.028393 0.617110
-0.004686 0.021977 0.027848 0.610204
-0.004675 0.013263 0.028669 0.615627
-0.004679 0.018098 0.028377 0.612304
-0.002329 0.015453 0.028990 0.614677
-0.002322 0.018680 0.028475 0.611897
-0.002333 0.021818 0.029298 0.609622
-0.004640 0.023750 0.031387 0.609518
-0.002367 0.023625 0.031905 0.608949
-0.004594 0.025843 0.034894 0.609141
-0.002412 0.025222 0.035286 0.608583
-0.002455 0.027294 0.038583 0.608253
-0.004552 0.027643 0.038040 0.608799
-0.004500 0.029615 0.042000 0.606535
-0.002500 0.025769 0.042000 0.607710
-0.004500 -0.001154 0.042000 0.610382
-0.002346 0.010253 0.030296 0.616539
-0.004652 0.006453 0.030417 0.616017
-0.004603 0.002748 0.034154 0.614125
-0.002382 0.002349 0.033057 0.614831
-0.002363 0.006333 0.031580 0.615731
-0.004541 0.000772 0.038887 0.611889
-0.002429 0.002557 0.036611 0.613241
-0.002463 0.000814 0.039208 0.611968
-0.002500 -0.001154 0.042000 0.610594
-0.002359 0.013158 0.031288 0.616263
-0.004639 0.010327 0.031402 0.615803
-0.004623 0.013008 0.032658 0.613963
-0.002364 0.016755 0.031647 0.611739
-0.004641 0.020066 0.031303 0.609897
-0.004634 0.016148 0.031832 0.612022
-0.002368 0.019965 0.031944 0.609622
-0.003500 0.017303 0.033348 0.610660
-0.004593 0.021866 0.034932 0.608917
-0.002411 0.021820 0.035214 0.608405
-0.004549 0.023681 0.038307 0.608544
-0.002455 0.023472 0.038602 0.608040
-0.004500 0.025769 0.042000 0.608141
-0.002500 0.021923 0.042000 0.607498
-0.004500 0.002692 0.042000 0.610608
-0.002396 0.010297 0.034118 0.614819
-0.004600 0.007651 0.034432 0.614289
-0.004551 0.005033 0.038093 0.612495
-0.002413 0.005754 0.035422 0.613965
-0.002460 0.004408 0.038932 0.612304
-0.002500 0.002692 0.042000 0.610820
-0.002404 0.014495 0.034713 0.612889
-0.004592 0.010912 0.035016 0.614218
-0.004591 0.014495 0.035076 0.611648
-0.002408 0.018130 0.034997 0.609441
-0.004593 0.018179 0.034916 0.609510
-0.004547 0.019965 0.038425 0.608323
-0.002456 0.019930 0.038652 0.607839
-0.004500 0.021923 0.042000 0.607930
-0.002500 0.018077 0.042000 0.607286
-0.004549 0.008855 0.038299 0.612627
-0.004500 0.006538 0.042000 0.610833
-0.002452 0.012307 0.038372 0.613019
-0.002453 0.008332 0.038424 0.612763
-0.002500 0.006538 0.042000 0.611046
-0.002455 0.016061 0.038577 0.609180
-0.004546 0.012499 0.038501 0.611689
-0.003512 0.010399 0.040536 0.611823
-0.004547 0.016274 0.038433 0.609174
-0.004500 0.018077 0.042000 0.607718
-0.002500 0.014231 0.042000 0.609477
-0.004500 0.010385 0.042000 0.611059
-0.002500 0.010385 0.042000 0.611272
-0.004500 0.014231 0.042000 0.608900
